a contact +0 +600 2007 9002 50
a contact +0 +600 2008 9001 50
a contact +600 +1200 2007 9001 50
a contact +600 +1200 2008 9002 50
a contact +1200 +1800 2005 9002 50
a contact +1200 +1800 2006 9001 50
a contact +1800 +2400 2005 9001 50
a contact +1800 +2400 2006 9002 50
a contact +2400 +3000 2003 9002 50
a contact +2400 +3000 2004 9001 50
a contact +3000 +3600 2003 9001 50
a contact +3000 +3600 2004 9002 50
a contact +3600 +4200 2001 9002 50
a contact +3600 +4200 2002 9001 50
a contact +4200 +5400 2001 9001 50
a contact +4200 +5400 2002 9002 50
a contact +5400 +6000 2007 9002 50
a contact +5400 +6000 2008 9001 50
a contact +6000 +6600 2007 9001 50
a contact +6000 +6600 2008 9002 50
a contact +6600 +7200 2005 9002 50
a contact +6600 +7200 2006 9001 50
a contact +7200 +7800 2005 9001 50
a contact +7200 +7800 2006 9002 50
a contact +7800 +8400 2003 9002 50
a contact +7800 +8400 2004 9001 50
a contact +8400 +9000 2003 9001 50
a contact +8400 +9000 2004 9002 50
a contact +9000 +10800 2001 9002 50
a contact +9000 +10800 2002 9001 50
a contact +10800 +12000 2007 9002 50
a contact +10800 +12000 2008 9001 50
a contact +12000 +13200 2007 9001 50
a contact +12000 +13200 2008 9002 50
a contact +13200 +14400 2004 9002 50
a contact +13200 +14400 2005 9001 50
a contact +14400 +15600 2003 9002 50
a contact +14400 +15600 2006 9001 50
a contact +15600 +16800 2005 9002 50
a contact +16800 +18000 2006 9002 50
a contact +18000 +21000 2002 9002 50
a contact +21000 +22800 2008 9002 50
a contact +22800 +24600 2007 9002 50
a contact +24600 +26400 2006 9002 50
a contact +26400 +28200 2005 9002 50
a contact +28200 +30000 2004 9002 50
a contact +30000 +31800 2001 9002 50
a contact +30000 +31800 2008 9003 50
a contact +31800 +33600 2007 9003 50
a contact +31800 +36000 2003 9002 50
a contact +33600 +36000 2006 9003 50
a contact +36000 +38400 2001 9002 50
a contact +36000 +38400 2005 9003 50
a contact +38400 +40800 2002 9002 50
a contact +38400 +40800 2004 9003 50
a contact +40800 +42600 2005 9002 50
a contact +40800 +43200 2003 9003 50
a contact +43200 +45600 2002 9003 50
a contact +45600 +49800 2001 9003 50
a contact +49800 +52200 2008 9003 50
a contact +52200 +54600 2004 9001 50
a contact +52200 +55200 2007 9003 50
a contact +54600 +57000 2003 9001 50
a contact +55200 +57600 2004 9003 50
a contact +57600 +60000 2002 9003 50
a contact +57000 +60600 2001 9001 50
a contact +60000 +62400 2003 9003 50
a contact +60600 +63000 2002 9001 50
a contact +62400 +65400 2005 9003 50
a contact +63000 +65400 2006 9001 50
a contact +65400 +67800 2008 9001 50
a contact +65400 +68400 2006 9003 50
a contact +67800 +70200 2007 9001 50
a contact +68400 +70800 2001 9003 50
a contact +70200 +74400 2005 9001 50
a contact +70800 +74400 2008 9003 50
a contact +74400 +75000 2003 9003 50
a contact +74400 +75000 2004 9001 50
a contact +75000 +75600 2003 9001 50
a contact +75000 +75600 2004 9003 50
a contact +75600 +76200 2005 9001 50
a contact +75600 +76200 2007 9003 50
a contact +76200 +76800 2002 9003 50
a contact +76200 +76800 2004 9001 50
a contact +76800 +77400 2003 9001 50
a contact +76800 +77400 2008 9003 50
a contact +77400 +78000 2002 9003 50
a contact +77400 +78000 2005 9001 50
a contact +78000 +78600 2003 9003 50
a contact +78000 +78600 2007 9001 50
a contact +78600 +79200 2001 9001 50
a contact +78600 +79200 2007 9002 50
a contact +79200 +79800 2002 9001 50
a contact +79200 +79800 2006 9002 50
a contact +79800 +80400 2003 9001 50
a contact +79800 +80400 2004 9002 50
a contact +80400 +81000 2004 9001 50
a contact +80400 +81000 2008 9002 50
a contact +81000 +81600 2006 9001 50
a contact +81000 +81600 2007 9002 50
a contact +81600 +82200 2006 9002 50
a contact +81600 +82200 2008 9001 50
a contact +82200 +82800 2004 9002 50
a contact +82200 +82800 2005 9001 50
a contact +82800 +83400 2001 9001 50
a contact +82800 +83400 2008 9002 50
a contact +83400 +84000 2006 9002 50
a contact +83400 +84000 2007 9001 50
a contact +84000 +84600 2006 9001 50
a contact +84000 +84600 2007 9002 50
a contact +84600 +85200 2003 9001 50
a contact +84600 +85200 2004 9002 50
a contact +85200 +85800 2004 9001 50
a contact +85200 +85800 2008 9002 50
a contact +85800 +86400 2002 9001 50
a contact +85800 +86400 2004 9002 50

a range +0 +600 2007 9002 1103.3735
a range +0 +600 2008 9001 1102.3573
a range +600 +1200 2007 9001 1102.3511
a range +600 +1200 2008 9002 1103.392
a range +1200 +1800 2005 9002 1103.3882
a range +1200 +1800 2006 9001 1102.2317
a range +1800 +2400 2005 9001 1102.3424
a range +1800 +2400 2006 9002 1102.2169
a range +2400 +3000 2003 9002 1103.4107
a range +2400 +3000 2004 9001 1102.354
a range +3000 +3600 2003 9001 1102.3386
a range +3000 +3600 2004 9002 1103.3968
a range +3600 +4200 2001 9002 1103.3976
a range +3600 +4200 2002 9001 1102.3445
a range +4200 +5400 2001 9001 1102.3367
a range +4200 +5400 2002 9002 1102.3248
a range +5400 +6000 2007 9002 1103.3735
a range +5400 +6000 2008 9001 1102.3573
a range +6000 +6600 2007 9001 1102.3511
a range +6000 +6600 2008 9002 1103.392
a range +6600 +7200 2005 9002 1103.3882
a range +6600 +7200 2006 9001 1102.2317
a range +7200 +7800 2005 9001 1102.3424
a range +7200 +7800 2006 9002 1102.2169
a range +7800 +8400 2003 9002 1103.4107
a range +7800 +8400 2004 9001 1102.354
a range +8400 +9000 2003 9001 1102.3386
a range +8400 +9000 2004 9002 1103.3968
a range +9000 +10800 2001 9002 1103.3976
a range +9000 +10800 2002 9001 1102.3445
a range +10800 +12000 2007 9002 1103.3735
a range +10800 +12000 2008 9001 1102.3573
a range +12000 +13200 2007 9001 1102.3511
a range +12000 +13200 2008 9002 1103.392
a range +13200 +14400 2004 9002 1103.3968
a range +13200 +14400 2005 9001 1102.3424
a range +14400 +15600 2003 9002 1103.4107
a range +14400 +15600 2006 9001 1102.3693
a range +15600 +16800 2005 9002 1103.3882
a range +16800 +18000 2006 9002 1103.3222
a range +18000 +21000 2002 9002 1103.1007
a range +21000 +22800 2008 9002 1103.392
a range +22800 +24600 2007 9002 1103.3735
a range +24600 +26400 2006 9002 1103.3222
a range +26400 +28200 2005 9002 1103.3882
a range +28200 +30000 2004 9002 1103.3968
a range +30000 +31800 2001 9002 1103.3976
a range +30000 +31800 2008 9003 1104.785
a range +31800 +33600 2007 9003 1104.794
a range +31800 +36000 2003 9002 1103.4107
a range +33600 +36000 2006 9003 1103.3115
a range +36000 +38400 2001 9002 1103.3976
a range +36000 +38400 2005 9003 1104.7826
a range +38400 +40800 2002 9002 1103.3727
a range +38400 +40800 2004 9003 1104.7663
a range +40800 +42600 2005 9002 1103.3882
a range +40800 +43200 2003 9003 1104.7566
a range +43200 +45600 2002 9003 1103.8519
a range +45600 +49800 2001 9003 1104.7848
a range +49800 +52200 2008 9003 1104.785
a range +52200 +54600 2004 9001 1105.0655
a range +52200 +55200 2007 9003 1104.794
a range +54600 +57000 2003 9001 1105.0813
a range +55200 +57600 2004 9003 1104.7663
a range +57600 +60000 2002 9003 1104.6063
a range +57000 +60600 2001 9001 1105.0487
a range +60000 +62400 2003 9003 1104.7566
a range +60600 +63000 2002 9001 1104.5907
a range +62400 +65400 2005 9003 1104.7826
a range +63000 +65400 2006 9001 1104.3927
a range +65400 +67800 2008 9001 1105.0646
a range +65400 +68400 2006 9003 1104.3991
a range +67800 +70200 2007 9001 1105.0799
a range +68400 +70800 2001 9003 1104.7848
a range +70200 +74400 2005 9001 1105.0454
a range +70800 +74400 2008 9003 1104.785
a range +74400 +75000 2003 9003 1104.7566
a range +74400 +75000 2004 9001 1105.0655
a range +75000 +75600 2003 9001 1105.0813
a range +75000 +75600 2004 9003 1104.7663
a range +75600 +76200 2005 9001 1105.0454
a range +75600 +76200 2007 9003 1104.794
a range +76200 +76800 2002 9003 1104.7828
a range +76200 +76800 2004 9001 1105.0655
a range +76800 +77400 2003 9001 1105.0813
a range +76800 +77400 2008 9003 1104.785
a range +77400 +78000 2002 9003 1104.7828
a range +77400 +78000 2005 9001 1105.0454
a range +78000 +78600 2003 9003 1104.7566
a range +78000 +78600 2007 9001 1105.0799
a range +78600 +79200 2001 9001 1105.0487
a range +78600 +79200 2007 9002 1105.0871
a range +79200 +79800 2002 9001 1105.0379
a range +79200 +79800 2006 9002 1105.0448
a range +79800 +80400 2003 9001 1105.0813
a range +79800 +80400 2004 9002 1105.0728
a range +80400 +81000 2004 9001 1105.0655
a range +80400 +81000 2008 9002 1105.0718
a range +81000 +81600 2006 9001 1105.0376
a range +81000 +81600 2007 9002 1105.0871
a range +81600 +82200 2006 9002 1105.0448
a range +81600 +82200 2008 9001 1105.0646
a range +82200 +82800 2004 9002 1105.0728
a range +82200 +82800 2005 9001 1105.0454
a range +82800 +83400 2001 9001 1105.0487
a range +82800 +83400 2008 9002 1105.0718
a range +83400 +84000 2006 9002 1105.0448
a range +83400 +84000 2007 9001 1105.0799
a range +84000 +84600 2006 9001 1105.0376
a range +84000 +84600 2007 9002 1105.0871
a range +84600 +85200 2003 9001 1105.0813
a range +84600 +85200 2004 9002 1105.0728
a range +85200 +85800 2004 9001 1105.0655
a range +85200 +85800 2008 9002 1105.0718
a range +85800 +86400 2002 9001 1105.0379
a range +85800 +86400 2004 9002 1105.0728
