a contact +200 +300 2013 2014 1000
a contact +200 +300 2014 2013 1000
a contact +300 +500 2014 2015 1000
a contact +300 +500 2015 2014 1000
a contact +700 +800 2003 2013 1000
a contact +700 +800 2009 2019 1000
a contact +700 +800 2013 2003 1000
a contact +700 +800 2019 2009 1000
a contact +800 +900 2012 2016 1000
a contact +800 +900 2016 2012 1000
a contact +1400 +1600 2017 2018 1000
a contact +1400 +1600 2018 2017 1000
a contact +2000 +2100 2001 2010 1000
a contact +2000 +2100 2010 2001 1000
a contact +2100 +2200 2004 2009 1000
a contact +2100 +2200 2009 2004 1000
a contact +2200 +2400 2003 2015 1000
a contact +2200 +2400 2008 2020 1000
a contact +2100 +2400 2010 9002 1000
a contact +2200 +2400 2015 2003 1000
a contact +2200 +2400 2020 2008 1000
a contact +2100 +2400 9002 2010 1000
a contact +2400 +2600 1002 2017 1000
a contact +2400 +2600 2017 1002 1000
a contact +2600 +2800 1002 2016 1000
a contact +2600 +2800 2016 1002 1000
a contact +2800 +2900 2007 2017 1000
a contact +2800 +2900 2017 2007 1000
a contact +2900 +3000 2002 2015 1000
a contact +2900 +3000 2015 2002 1000
a contact +3600 +3800 1001 2004 1000
a contact +3600 +3800 1002 2006 1000
a contact +3600 +3800 2004 1001 1000
a contact +3600 +3800 2006 1002 1000
a contact +3900 +4100 2009 2015 1000
a contact +3900 +4100 2015 2009 1000
a contact +4100 +4200 2006 2011 1000
a contact +4100 +4200 2011 2006 1000
a contact +4800 +4900 2007 2018 1000
a contact +4800 +4900 2018 2007 1000
a contact +4900 +5200 1002 2008 1000
a contact +4900 +5200 2002 2010 1000
a contact +4900 +5200 2008 1002 1000
a contact +4900 +5200 2010 2002 1000
a contact +5200 +5400 2009 2017 1000
a contact +5200 +5400 2017 2009 1000
a contact +5500 +5700 1002 2018 1000
a contact +5500 +5700 2015 9001 1000
a contact +5500 +5700 2018 1002 1000
a contact +5500 +5700 9001 2015 1000
a contact +5700 +5800 2005 2020 1000
a contact +5700 +5800 2020 2005 1000
a contact +5800 +5900 2005 2009 1000
a contact +5800 +5900 2009 2005 1000
a contact +5800 +5900 2014 2019 1000
a contact +5800 +5900 2019 2014 1000
a contact +6000 +6300 2011 2020 1000
a contact +6000 +6300 2015 2016 1000
a contact +6000 +6300 2016 2015 1000
a contact +6000 +6300 2020 2011 1000
a contact +6300 +6600 2005 2011 1000
a contact +6300 +6600 2011 2005 1000
a contact +6700 +6800 1002 2012 1000
a contact +6700 +6800 2012 1002 1000
a contact +7600 +7700 1002 2019 1000
a contact +7600 +7700 2019 1002 1000
a contact +7800 +8100 1002 9002 1000
a contact +7800 +8100 2005 2015 1000
a contact +7800 +8100 2015 2005 1000
a contact +7800 +8100 9002 1002 1000
a contact +8200 +8500 2019 2020 1000
a contact +8200 +8500 2020 2019 1000
a contact +8600 +8700 2009 2015 1000
a contact +8600 +8700 2015 2009 1000
a contact +8600 +8900 2008 2016 1000
a contact +8600 +8900 2016 2008 1000
a contact +9100 +9300 2004 2005 1000
a contact +9100 +9300 2005 2004 1000
a contact +9600 +9700 2010 2020 1000
a contact +9600 +9700 2020 2010 1000
a contact +10000 +10100 2014 2019 1000
a contact +10000 +10100 2019 2014 1000
a contact +10400 +10600 1001 2004 1000
a contact +10400 +10600 2004 1001 1000
a contact +10800 +11200 1001 2004 1000
a contact +10800 +11200 2004 1001 1000
a contact +11500 +11600 1002 9003 1000
a contact +11500 +11600 2005 2019 1000
a contact +11500 +11600 2008 2014 1000
a contact +11500 +11600 2014 2008 1000
a contact +11500 +11600 2019 2005 1000
a contact +11500 +11600 9003 1002 1000
a contact +11600 +11800 2014 2019 1000
a contact +11600 +11800 2019 2014 1000
a contact +12000 +12200 2010 9001 1000
a contact +12000 +12200 9001 2010 1000
a contact +12900 +13100 2006 2011 1000
a contact +12900 +13100 2011 2006 1000
a contact +13200 +13400 2004 2005 1000
a contact +13200 +13400 2005 2004 1000
a contact +13900 +14100 2013 2014 1000
a contact +13900 +14100 2014 2013 1000
a contact +14200 +14600 2004 2012 1000
a contact +14200 +14600 2012 2004 1000
a contact +14600 +15000 2009 2017 1000
a contact +14600 +15000 2017 2009 1000
a contact +15800 +16000 1001 2011 1000
a contact +15800 +16000 2011 1001 1000
a contact +16400 +16500 2009 2016 1000
a contact +16400 +16500 2016 2009 1000
a contact +16700 +16800 1001 2005 1000
a contact +16700 +16800 2005 1001 1000
a contact +17100 +17200 2010 2016 1000
a contact +17100 +17200 2016 2010 1000
a contact +17700 +17800 2004 2005 1000
a contact +17700 +17800 2005 2004 1000
a contact +17700 +17800 2009 2018 1000
a contact +17700 +17800 2018 2009 1000
a contact +18400 +18700 2008 2016 1000
a contact +18400 +18700 2016 2008 1000
a contact +18700 +18800 2003 2011 1000
a contact +18700 +18800 2011 2003 1000
a contact +18800 +18900 2003 2012 1000
a contact +18800 +18900 2012 2003 1000
a contact +18800 +19000 2002 2018 1000
a contact +18800 +19000 2018 2002 1000
a contact +19200 +19400 2007 2012 1000
a contact +19200 +19400 2012 2007 1000
a contact +19800 +19900 2001 2014 1000
a contact +19800 +19900 2003 2016 1000
a contact +19800 +19900 2014 2001 1000
a contact +19800 +19900 2016 2003 1000
a contact +20600 +20800 1002 2014 1000
a contact +20600 +20800 2014 1002 1000
a contact +20800 +20900 1002 9001 1000
a contact +20800 +20900 9001 1002 1000
a contact +21000 +21200 1002 9001 1000
a contact +21000 +21200 9001 1002 1000
a contact +21900 +22100 2004 2014 1000
a contact +21900 +22100 2014 2004 1000
a contact +22100 +22500 2010 2017 1000
a contact +22100 +22500 2017 2010 1000
a contact +23300 +23600 1001 9003 1000
a contact +23300 +23600 9003 1001 1000
a contact +23600 +23700 2008 9002 1000
a contact +23600 +23700 9002 2008 1000
a contact +24000 +24200 1001 9003 1000
a contact +24000 +24200 2001 2016 1000
a contact +24000 +24200 2005 9002 1000
a contact +24000 +24200 2009 2017 1000
a contact +24000 +24200 2016 2001 1000
a contact +24000 +24200 2017 2009 1000
a contact +24000 +24200 9002 2005 1000
a contact +24000 +24200 9003 1001 1000
a contact +24400 +24700 1001 9003 1000
a contact +24500 +24700 2001 2005 1000
a contact +24500 +24700 2005 2001 1000
a contact +24400 +24700 9003 1001 1000
a contact +25200 +25600 1001 9003 1000
a contact +25500 +25600 2012 9002 1000
a contact +25500 +25600 9002 2012 1000
a contact +25200 +25600 9003 1001 1000
a contact +25600 +25700 2010 2014 1000
a contact +25600 +25700 2014 2010 1000
a contact +26000 +26300 2018 2019 1000
a contact +26000 +26300 2019 2018 1000
a contact +26600 +26700 2001 2020 1000
a contact +26600 +26700 2006 2012 1000
a contact +26600 +26700 2012 2006 1000
a contact +26600 +26700 2020 2001 1000
a contact +26700 +26900 2002 2017 1000
a contact +26700 +26900 2017 2002 1000
a contact +27000 +27100 2010 2011 1000
a contact +27000 +27100 2011 2010 1000
a contact +27300 +27400 1001 2015 1000
a contact +27300 +27400 2001 2007 1000
a contact +27300 +27400 2007 2001 1000
a contact +27300 +27400 2015 1001 1000
a contact +27400 +27800 1001 2020 1000
a contact +27500 +27800 2004 2015 1000
a contact +27400 +27800 2008 2016 1000
a contact +27500 +27800 2015 2004 1000
a contact +27400 +27800 2016 2008 1000
a contact +27400 +27800 2020 1001 1000
a contact +28000 +28200 1001 2015 1000
a contact +28000 +28200 1002 2017 1000
a contact +28000 +28200 2003 2011 1000
a contact +28000 +28200 2004 2010 1000
a contact +28000 +28200 2010 2004 1000
a contact +28000 +28200 2011 2003 1000
a contact +28000 +28200 2015 1001 1000
a contact +28000 +28200 2017 1002 1000
a contact +28400 +28600 1001 9002 1000
a contact +28400 +28600 9002 1001 1000
a contact +28600 +29000 2001 2017 1000
a contact +28600 +29000 2017 2001 1000
a contact +29000 +29200 2002 2017 1000
a contact +29000 +29200 2017 2002 1000
a contact +29200 +29300 2007 2018 1000
a contact +29200 +29300 2011 2015 1000
a contact +29200 +29300 2015 2011 1000
a contact +29200 +29300 2018 2007 1000
a contact +30300 +30500 1001 2006 1000
a contact +30300 +30500 2006 1001 1000
a contact +30700 +30800 1002 2009 1000
a contact +30700 +30800 2009 1002 1000
a contact +30800 +31100 2002 2020 1000
a contact +30800 +31100 2020 2002 1000
a contact +31200 +31600 2009 2014 1000
a contact +31200 +31600 2014 2009 1000
a contact +32400 +32700 2005 2014 1000
a contact +32400 +32700 2014 2005 1000
a contact +32700 +33000 2009 2018 1000
a contact +32700 +33000 2018 2009 1000
a contact +33000 +33100 2011 2015 1000
a contact +33000 +33100 2015 2011 1000
a contact +33100 +33200 1002 2005 1000
a contact +33100 +33200 2005 1002 1000
a contact +33200 +33400 2002 2010 1000
a contact +33100 +33400 2009 2017 1000
a contact +33200 +33400 2010 2002 1000
a contact +33100 +33400 2017 2009 1000
a contact +33400 +33800 1002 2008 1000
a contact +33400 +33800 2008 1002 1000
a contact +33800 +33900 2004 2012 1000
a contact +33800 +33900 2012 2004 1000
a contact +33900 +34000 2016 2017 1000
a contact +33900 +34000 2017 2016 1000
a contact +34000 +34100 1001 2010 1000
a contact +34000 +34100 2001 2005 1000
a contact +34000 +34100 2002 2011 1000
a contact +34000 +34100 2005 2001 1000
a contact +34000 +34100 2010 1001 1000
a contact +34000 +34100 2011 2002 1000
a contact +34000 +34100 2016 9002 1000
a contact +34000 +34100 9002 2016 1000
a contact +34100 +34200 2015 2016 1000
a contact +34100 +34200 2016 2015 1000
a contact +34200 +34400 2007 2008 1000
a contact +34200 +34400 2008 2007 1000
a contact +34200 +34400 2013 2017 1000
a contact +34200 +34400 2017 2013 1000
a contact +34400 +34600 2013 2019 1000
a contact +34400 +34600 2019 2013 1000
a contact +34400 +34900 2018 9002 1000
a contact +34400 +34900 9002 2018 1000
a contact +36000 +36100 2015 2020 1000
a contact +36000 +36100 2017 9002 1000
a contact +36000 +36100 2020 2015 1000
a contact +36000 +36100 9002 2017 1000
a contact +36100 +36200 2005 2015 1000
a contact +36100 +36200 2015 2005 1000
a contact +36200 +36500 2009 2013 1000
a contact +36200 +36500 2013 2009 1000
a contact +37200 +37600 1001 2017 1000
a contact +37200 +37600 2017 1001 1000
a contact +37600 +37700 2003 2009 1000
a contact +37600 +37700 2009 2003 1000
a contact +37700 +37900 1002 9002 1000
a contact +37700 +37900 2001 2009 1000
a contact +37700 +37900 2003 2011 1000
a contact +37700 +37900 2009 2001 1000
a contact +37700 +37900 2011 2003 1000
a contact +37700 +37900 9002 1002 1000
a contact +37900 +38200 1002 2007 1000
a contact +37900 +38200 2007 1002 1000
a contact +38400 +38600 2010 2011 1000
a contact +38400 +38600 2011 2010 1000
a contact +40600 +40700 2004 2010 1000
a contact +40600 +40700 2010 2004 1000
a contact +41000 +41100 1001 2011 1000
a contact +41000 +41100 2002 2016 1000
a contact +41000 +41100 2004 2018 1000
a contact +41000 +41100 2005 2012 1000
a contact +41000 +41100 2011 1001 1000
a contact +41000 +41100 2012 2005 1000
a contact +41000 +41100 2016 2002 1000
a contact +41000 +41100 2018 2004 1000
a contact +41100 +41400 2004 2005 1000
a contact +41100 +41400 2005 2004 1000
a contact +41600 +41800 2006 2017 1000
a contact +41600 +41800 2017 2006 1000
a contact +42400 +42500 2009 2014 1000
a contact +42400 +42500 2011 2016 1000
a contact +42400 +42500 2014 2009 1000
a contact +42400 +42500 2016 2011 1000
a contact +42500 +42600 1001 2020 1000
a contact +42400 +42600 1002 9002 1000
a contact +42500 +42600 2020 1001 1000
a contact +42400 +42600 9002 1002 1000
a contact +42500 +42900 2009 2017 1000
a contact +42500 +42900 2017 2009 1000
a contact +43100 +43200 2002 2011 1000
a contact +43100 +43200 2011 2002 1000
a contact +43200 +43400 2007 2015 1000
a contact +43200 +43400 2015 2007 1000
a contact +43400 +43500 2004 2012 1000
a contact +43400 +43500 2012 2004 1000
a contact +43600 +43700 2016 2017 1000
a contact +43600 +43700 2017 2016 1000
a contact +44000 +44300 1002 9002 1000
a contact +44000 +44300 9002 1002 1000
a contact +44500 +44800 1002 2010 1000
a contact +44500 +44800 2010 1002 1000
a contact +44500 +44800 2015 2020 1000
a contact +44500 +44800 2020 2015 1000
a contact +44800 +45100 2004 2018 1000
a contact +44800 +45100 2018 2004 1000
a contact +45200 +45300 1002 2017 1000
a contact +45200 +45300 2017 1002 1000
a contact +45200 +45400 2009 2016 1000
a contact +45200 +45400 2016 2009 1000
a contact +45700 +45900 2013 2019 1000
a contact +45700 +45900 2019 2013 1000
a contact +45900 +46200 2011 2020 1000
a contact +45900 +46200 2020 2011 1000
a contact +46600 +46700 2008 2016 1000
a contact +46600 +46700 2016 2008 1000
a contact +46800 +46900 2010 2015 1000
a contact +46800 +46900 2015 2010 1000
a contact +47000 +47200 2018 2019 1000
a contact +47000 +47200 2019 2018 1000
a contact +47200 +47300 2007 2013 1000
a contact +47200 +47300 2013 2007 1000
a contact +47400 +47800 2003 2011 1000
a contact +47400 +47800 2011 2003 1000
a contact +48100 +48300 2008 2020 1000
a contact +48100 +48300 2020 2008 1000
a contact +49300 +49500 2009 2015 1000
a contact +49300 +49500 2011 2017 1000
a contact +49300 +49500 2015 2009 1000
a contact +49300 +49500 2017 2011 1000
a contact +49500 +49700 2002 2018 1000
a contact +49500 +49700 2018 2002 1000
a contact +49700 +50000 2005 2017 1000
a contact +49700 +50000 2017 2005 1000
a contact +50100 +50200 2011 2016 1000
a contact +50100 +50200 2016 2011 1000
a contact +50300 +50400 2001 2019 1000
a contact +50300 +50400 2019 2001 1000
a contact +50400 +50700 2001 2016 1000
a contact +50400 +50700 2016 2001 1000
a contact +50700 +50900 1002 2019 1000
a contact +50700 +50900 2019 1002 1000
a contact +51200 +51600 2003 2013 1000
a contact +51200 +51600 2013 2003 1000
a contact +51600 +51800 2006 2010 1000
a contact +51600 +51800 2010 2006 1000
a contact +52000 +52300 1002 2003 1000
a contact +52000 +52300 2003 1002 1000
a contact +52800 +53000 1002 2004 1000
a contact +52800 +53000 2004 1002 1000
a contact +53800 +53900 1002 2017 1000
a contact +53800 +53900 2017 1002 1000
a contact +53900 +54200 2003 2018 1000
a contact +53900 +54200 2018 2003 1000
a contact +54600 +54700 2010 2020 1000
a contact +54600 +54700 2015 2019 1000
a contact +54600 +54700 2019 2015 1000
a contact +54600 +54700 2020 2010 1000
a contact +55600 +55700 2002 2011 1000
a contact +55600 +55700 2011 2002 1000
a contact +55700 +55800 1001 2014 1000
a contact +55700 +55800 2014 1001 1000
a contact +56100 +56400 2008 2016 1000
a contact +56100 +56400 2016 2008 1000
a contact +57000 +57200 2012 2018 1000
a contact +57000 +57200 2018 2012 1000
a contact +58000 +58100 1001 2017 1000
a contact +58000 +58100 2017 1001 1000
a contact +58300 +58500 1002 2016 1000
a contact +58300 +58500 2016 1002 1000
a contact +58700 +59100 2008 9003 1000
a contact +58700 +59100 9003 2008 1000
a contact +60200 +60300 2006 2010 1000
a contact +60200 +60300 2010 2006 1000
a contact +60800 +61000 2004 2013 1000
a contact +60800 +61000 2013 2004 1000
a contact +61000 +61300 1002 9002 1000
a contact +61000 +61300 2004 2017 1000
a contact +61000 +61300 2017 2004 1000
a contact +61000 +61300 9002 1002 1000
a contact +62100 +62200 2001 2011 1000
a contact +62100 +62200 2011 2001 1000
a contact +62100 +62400 2004 2012 1000
a contact +62100 +62400 2012 2004 1000
a contact +62400 +62500 2009 2020 1000
a contact +62400 +62500 2020 2009 1000
a contact +62400 +62900 1002 2012 1000
a contact +62500 +62900 2009 2017 1000
a contact +62400 +62900 2012 1002 1000
a contact +62500 +62900 2017 2009 1000
a contact +63100 +63200 2001 2005 1000
a contact +63100 +63200 2005 2001 1000
a contact +63200 +63300 1002 2010 1000
a contact +63200 +63300 2010 1002 1000
a contact +63300 +63600 2003 9003 1000
a contact +63300 +63600 9003 2003 1000
a contact +65000 +65100 2010 9003 1000
a contact +65000 +65100 9003 2010 1000
a contact +65100 +65200 2009 2014 1000
a contact +65100 +65200 2014 2009 1000
a contact +65200 +65300 1002 2015 1000
a contact +65200 +65300 2005 2010 1000
a contact +65200 +65300 2010 2005 1000
a contact +65200 +65300 2015 1002 1000
a contact +65500 +65800 1002 2015 1000
a contact +65500 +65800 2008 2016 1000
a contact +65500 +65800 2015 1002 1000
a contact +65500 +65800 2016 2008 1000
a contact +65900 +66000 2012 2018 1000
a contact +65900 +66000 2018 2012 1000
a contact +66700 +66900 2005 2018 1000
a contact +66700 +66900 2018 2005 1000
a contact +67800 +67900 2009 2019 1000
a contact +67800 +67900 2019 2009 1000
a contact +68700 +68800 1002 2005 1000
a contact +68700 +68800 2005 1002 1000
a contact +68700 +68800 2019 2020 1000
a contact +68700 +68800 2020 2019 1000
a contact +68900 +69000 2002 2003 1000
a contact +68900 +69000 2003 2002 1000
a contact +68900 +69000 2008 2013 1000
a contact +68900 +69000 2013 2008 1000
a contact +69500 +69600 2013 2019 1000
a contact +69500 +69600 2019 2013 1000
a contact +69800 +69900 2010 2017 1000
a contact +69800 +69900 2017 2010 1000
a contact +69900 +70000 1002 2007 1000
a contact +69900 +70000 2007 1002 1000
a contact +70100 +70300 2009 2013 1000
a contact +70100 +70300 2013 2009 1000
a contact +70300 +70400 2004 2019 1000
a contact +70300 +70400 2019 2004 1000
a contact +70900 +71200 2008 9003 1000
a contact +70900 +71200 9003 2008 1000
a contact +71200 +71500 2002 2010 1000
a contact +71200 +71500 2010 2002 1000
a contact +71700 +71800 2001 2011 1000
a contact +71700 +71800 2011 2001 1000
a contact +71800 +72000 2001 2017 1000
a contact +71800 +72000 2017 2001 1000
a contact +72100 +72300 2011 2012 1000
a contact +72100 +72300 2012 2011 1000
a contact +72700 +72800 2001 2015 1000
a contact +72700 +72800 2015 2001 1000
a contact +72800 +73000 2013 9003 1000
a contact +72800 +73000 9003 2013 1000
a contact +73300 +73400 1002 2003 1000
a contact +73300 +73400 2003 1002 1000
a contact +73400 +73600 2015 9003 1000
a contact +73400 +73600 9003 2015 1000
a contact +74600 +74700 1002 2009 1000
a contact +74600 +74700 2009 1002 1000
a contact +74700 +75300 2020 9001 1000
a contact +74700 +75300 9001 2020 1000
a contact +75300 +75400 2003 2007 1000
a contact +75300 +75400 2007 2003 1000
a contact +75300 +75400 2008 2016 1000
a contact +75300 +75400 2016 2008 1000
a contact +75900 +76100 1002 2004 1000
a contact +75900 +76100 2004 1002 1000
a contact +76100 +76300 2011 2017 1000
a contact +76100 +76300 2017 2011 1000
a contact +76500 +76600 2011 2015 1000
a contact +76500 +76600 2015 2011 1000
a contact +77300 +77500 2008 2017 1000
a contact +77300 +77500 2017 2008 1000
a contact +78200 +78300 2012 2013 1000
a contact +78200 +78300 2013 2012 1000
a contact +79200 +79500 2010 2018 1000
a contact +79200 +79500 2018 2010 1000
a contact +79600 +79900 2012 2017 1000
a contact +79600 +79900 2017 2012 1000
a contact +80300 +80600 1001 2018 1000
a contact +80300 +80600 1002 2020 1000
a contact +80200 +80600 2003 2013 1000
a contact +80200 +80600 2013 2003 1000
a contact +80300 +80600 2018 1001 1000
a contact +80300 +80600 2020 1002 1000
a contact +80600 +80900 2004 2012 1000
a contact +80600 +80900 2012 2004 1000
a contact +81000 +81100 2008 2018 1000
a contact +81000 +81100 2018 2008 1000
a contact +81400 +81800 2002 2018 1000
a contact +81400 +81800 2018 2002 1000
a contact +81800 +82000 1001 2010 1000
a contact +81800 +82000 2010 1001 1000
a contact +82800 +83000 2009 2016 1000
a contact +82800 +83000 2016 2009 1000
a contact +83000 +83100 2015 2016 1000
a contact +83000 +83100 2016 2015 1000
a contact +83100 +83300 2015 2019 1000
a contact +83100 +83300 2019 2015 1000
a contact +83300 +83400 2004 2011 1000
a contact +83300 +83400 2011 2004 1000
a contact +83300 +83400 2014 2015 1000
a contact +83300 +83400 2015 2014 1000
a contact +83400 +83600 2011 2017 1000
a contact +83400 +83600 2017 2011 1000
a contact +83800 +83900 2018 2019 1000
a contact +83800 +83900 2019 2018 1000
a contact +84100 +84400 2013 9001 1000
a contact +84100 +84400 9001 2013 1000
a contact +84600 +84700 2003 2011 1000
a contact +84600 +84700 2011 2003 1000
a contact +85000 +85100 1001 2013 1000
a contact +85000 +85100 2013 1001 1000
a contact +85100 +85200 2016 2017 1000
a contact +85100 +85200 2017 2016 1000
a contact +85100 +85500 1001 2011 1000
a contact +85100 +85500 1002 2013 1000
a contact +85100 +85500 2011 1001 1000
a contact +85100 +85500 2013 1002 1000
a contact +85800 +85900 2001 2020 1000
a contact +85800 +85900 2004 2008 1000
a contact +85800 +85900 2008 2004 1000
a contact +85800 +85900 2020 2001 1000

a range +200 +300 2013 2014 0.0285
a range +200 +300 2014 2013 0.0285
a range +300 +500 2014 2015 0.0285
a range +300 +500 2015 2014 0.0285
a range +700 +800 2003 2013 0.0311
a range +700 +800 2009 2019 0.0235
a range +700 +800 2013 2003 0.0311
a range +700 +800 2019 2009 0.0235
a range +800 +900 2012 2016 0.0293
a range +800 +900 2016 2012 0.0293
a range +1400 +1600 2017 2018 0.0285
a range +1400 +1600 2018 2017 0.0285
a range +2000 +2100 2001 2010 0.0313
a range +2000 +2100 2010 2001 0.0313
a range +2100 +2200 2004 2009 0.0127
a range +2100 +2200 2009 2004 0.0127
a range +2200 +2400 2003 2015 0.0431
a range +2200 +2400 2008 2020 0.0431
a range +2100 +2400 2010 9002 1101.8986
a range +2200 +2400 2015 2003 0.0431
a range +2200 +2400 2020 2008 0.0431
a range +2100 +2400 9002 2010 1101.8986
a range +2400 +2600 1002 2017 1102.2391
a range +2400 +2600 2017 1002 1102.2391
a range +2600 +2800 1002 2016 1102.2314
a range +2600 +2800 2016 1002 1102.2314
a range +2800 +2900 2007 2017 0.0042
a range +2800 +2900 2017 2007 0.0042
a range +2900 +3000 2002 2015 0.0432
a range +2900 +3000 2015 2002 0.0432
a range +3600 +3800 1001 2004 1102.6921
a range +3600 +3800 1002 2006 1102.2174
a range +3600 +3800 2004 1001 1102.6921
a range +3600 +3800 2006 1002 1102.2174
a range +3900 +4100 2009 2015 0.0265
a range +3900 +4100 2015 2009 0.0265
a range +4100 +4200 2006 2011 0.0182
a range +4100 +4200 2011 2006 0.0182
a range +4800 +4900 2007 2018 0.0261
a range +4800 +4900 2018 2007 0.0261
a range +4900 +5200 1002 2008 1102.2517
a range +4900 +5200 2002 2010 0.043
a range +4900 +5200 2008 1002 1102.2517
a range +4900 +5200 2010 2002 0.043
a range +5200 +5400 2009 2017 0.0433
a range +5200 +5400 2017 2009 0.0433
a range +5500 +5700 1002 2018 1102.2466
a range +5500 +5700 2015 9001 1102.3134
a range +5500 +5700 2018 1002 1102.2466
a range +5500 +5700 9001 2015 1102.3134
a range +5700 +5800 2005 2020 0.0433
a range +5700 +5800 2020 2005 0.0433
a range +5800 +5900 2005 2009 0.0265
a range +5800 +5900 2009 2005 0.0265
a range +5800 +5900 2014 2019 0.0127
a range +5800 +5900 2019 2014 0.0127
a range +6000 +6300 2011 2020 0.0313
a range +6000 +6300 2015 2016 0.0313
a range +6000 +6300 2016 2015 0.0313
a range +6000 +6300 2020 2011 0.0313
a range +6300 +6600 2005 2011 0.0371
a range +6300 +6600 2011 2005 0.0371
a range +6700 +6800 1002 2012 1102.2398
a range +6700 +6800 2012 1002 1102.2398
a range +7600 +7700 1002 2019 1102.2434
a range +7600 +7700 2019 1002 1102.2434
a range +7800 +8100 1002 9002 0.0592
a range +7800 +8100 2005 2015 0.0166
a range +7800 +8100 2015 2005 0.0166
a range +7800 +8100 9002 1002 0.0592
a range +8200 +8500 2019 2020 0.0285
a range +8200 +8500 2020 2019 0.0285
a range +8600 +8700 2009 2015 0.0265
a range +8600 +8700 2015 2009 0.0265
a range +8600 +8900 2008 2016 0.0434
a range +8600 +8900 2016 2008 0.0434
a range +9100 +9300 2004 2005 0.0285
a range +9100 +9300 2005 2004 0.0285
a range +9600 +9700 2010 2020 0.0166
a range +9600 +9700 2020 2010 0.0166
a range +10000 +10100 2014 2019 0.0127
a range +10000 +10100 2019 2014 0.0127
a range +10400 +10600 1001 2004 1102.6921
a range +10400 +10600 2004 1001 1102.6921
a range +10800 +11200 1001 2004 1102.6921
a range +10800 +11200 2004 1001 1102.6921
a range +11500 +11600 1002 9003 0.0592
a range +11500 +11600 2005 2019 0.0434
a range +11500 +11600 2008 2014 0.0321
a range +11500 +11600 2014 2008 0.0321
a range +11500 +11600 2019 2005 0.0434
a range +11500 +11600 9003 1002 0.0592
a range +11600 +11800 2014 2019 0.0127
a range +11600 +11800 2019 2014 0.0127
a range +12000 +12200 2010 9001 1102.3124
a range +12000 +12200 9001 2010 1102.3124
a range +12900 +13100 2006 2011 0.0182
a range +12900 +13100 2011 2006 0.0182
a range +13200 +13400 2004 2005 0.0285
a range +13200 +13400 2005 2004 0.0285
a range +13900 +14100 2013 2014 0.0285
a range +13900 +14100 2014 2013 0.0285
a range +14200 +14600 2004 2012 0.0431
a range +14200 +14600 2012 2004 0.0431
a range +14600 +15000 2009 2017 0.0431
a range +14600 +15000 2017 2009 0.0431
a range +15800 +16000 1001 2011 1102.5215
a range +15800 +16000 2011 1001 1102.5215
a range +16400 +16500 2009 2016 0.0432
a range +16400 +16500 2016 2009 0.0432
a range +16700 +16800 1001 2005 1102.7009
a range +16700 +16800 2005 1001 1102.7009
a range +17100 +17200 2010 2016 0.0371
a range +17100 +17200 2016 2010 0.0371
a range +17700 +17800 2004 2005 0.0285
a range +17700 +17800 2005 2004 0.0285
a range +17700 +17800 2009 2018 0.0393
a range +17700 +17800 2018 2009 0.0393
a range +18400 +18700 2008 2016 0.0433
a range +18400 +18700 2016 2008 0.0433
a range +18700 +18800 2003 2011 0.0433
a range +18700 +18800 2011 2003 0.0433
a range +18800 +18900 2003 2012 0.0261
a range +18800 +18900 2012 2003 0.0261
a range +18800 +19000 2002 2018 0.0432
a range +18800 +19000 2018 2002 0.0432
a range +19200 +19400 2007 2012 0.0023
a range +19200 +19400 2012 2007 0.0023
a range +19800 +19900 2001 2014 0.0432
a range +19800 +19900 2003 2016 0.0432
a range +19800 +19900 2014 2001 0.0432
a range +19800 +19900 2016 2003 0.0432
a range +20600 +20800 1002 2014 1102.7516
a range +20600 +20800 2014 1002 1102.7516
a range +20800 +20900 1002 9001 0.0591
a range +20800 +20900 9001 1002 0.0591
a range +21000 +21200 1002 9001 0.0591
a range +21000 +21200 9001 1002 0.0591
a range +21900 +22100 2004 2014 0.0235
a range +21900 +22100 2014 2004 0.0235
a range +22100 +22500 2010 2017 0.0434
a range +22100 +22500 2017 2010 0.0434
a range +23300 +23600 1001 9003 0.0591
a range +23300 +23600 9003 1001 0.0591
a range +23600 +23700 2008 9002 1102.917
a range +23600 +23700 9002 2008 1102.917
a range +24000 +24200 1001 9003 0.0591
a range +24000 +24200 2001 2016 0.043
a range +24000 +24200 2005 9002 1103.3824
a range +24000 +24200 2009 2017 0.043
a range +24000 +24200 2016 2001 0.043
a range +24000 +24200 2017 2009 0.043
a range +24000 +24200 9002 2005 1103.3824
a range +24000 +24200 9003 1001 0.0591
a range +24400 +24700 1001 9003 0.0591
a range +24500 +24700 2001 2005 0.0285
a range +24500 +24700 2005 2001 0.0285
a range +24400 +24700 9003 1001 0.0591
a range +25200 +25600 1001 9003 0.0591
a range +25500 +25600 2012 9002 1103.0834
a range +25500 +25600 9002 2012 1103.0834
a range +25200 +25600 9003 1001 0.0591
a range +25600 +25700 2010 2014 0.0265
a range +25600 +25700 2014 2010 0.0265
a range +26000 +26300 2018 2019 0.0285
a range +26000 +26300 2019 2018 0.0285
a range +26600 +26700 2001 2020 0.043
a range +26600 +26700 2006 2012 0.0293
a range +26600 +26700 2012 2006 0.0293
a range +26600 +26700 2020 2001 0.043
a range +26700 +26900 2002 2017 0.0432
a range +26700 +26900 2017 2002 0.0432
a range +27000 +27100 2010 2011 0.0313
a range +27000 +27100 2011 2010 0.0313
a range +27300 +27400 1001 2015 1103.379
a range +27300 +27400 2001 2007 0.0293
a range +27300 +27400 2007 2001 0.0293
a range +27300 +27400 2015 1001 1103.379
a range +27400 +27800 1001 2020 1103.5984
a range +27500 +27800 2004 2015 0.0206
a range +27400 +27800 2008 2016 0.0431
a range +27500 +27800 2015 2004 0.0206
a range +27400 +27800 2016 2008 0.0431
a range +27400 +27800 2020 1001 1103.5984
a range +28000 +28200 1001 2015 1103.379
a range +28000 +28200 1002 2017 1103.1541
a range +28000 +28200 2003 2011 0.0431
a range +28000 +28200 2004 2010 0.0265
a range +28000 +28200 2010 2004 0.0265
a range +28000 +28200 2011 2003 0.0431
a range +28000 +28200 2015 1001 1103.379
a range +28000 +28200 2017 1002 1103.1541
a range +28400 +28600 1001 9002 0.0594
a range +28400 +28600 9002 1001 0.0594
a range +28600 +29000 2001 2017 0.0432
a range +28600 +29000 2017 2001 0.0432
a range +29000 +29200 2002 2017 0.0432
a range +29000 +29200 2017 2002 0.0432
a range +29200 +29300 2007 2018 0.0261
a range +29200 +29300 2011 2015 0.0285
a range +29200 +29300 2015 2011 0.0285
a range +29200 +29300 2018 2007 0.0261
a range +30300 +30500 1001 2006 1103.1611
a range +30300 +30500 2006 1001 1103.1611
a range +30700 +30800 1002 2009 1103.1273
a range +30700 +30800 2009 1002 1103.1273
a range +30800 +31100 2002 2020 0.0432
a range +30800 +31100 2020 2002 0.0432
a range +31200 +31600 2009 2014 0.0127
a range +31200 +31600 2014 2009 0.0127
a range +32400 +32700 2005 2014 0.0206
a range +32400 +32700 2014 2005 0.0206
a range +32700 +33000 2009 2018 0.0393
a range +32700 +33000 2018 2009 0.0393
a range +33000 +33100 2011 2015 0.0285
a range +33000 +33100 2015 2011 0.0285
a range +33100 +33200 1002 2005 1103.1376
a range +33100 +33200 2005 1002 1103.1376
a range +33200 +33400 2002 2010 0.043
a range +33100 +33400 2009 2017 0.0433
a range +33200 +33400 2010 2002 0.043
a range +33100 +33400 2017 2009 0.0433
a range +33400 +33800 1002 2008 1103.1527
a range +33400 +33800 2008 1002 1103.1527
a range +33800 +33900 2004 2012 0.0433
a range +33800 +33900 2012 2004 0.0433
a range +33900 +34000 2016 2017 0.0285
a range +33900 +34000 2017 2016 0.0285
a range +34000 +34100 1001 2010 1103.352
a range +34000 +34100 2001 2005 0.0285
a range +34000 +34100 2002 2011 0.031
a range +34000 +34100 2005 2001 0.0285
a range +34000 +34100 2010 1001 1103.352
a range +34000 +34100 2011 2002 0.031
a range +34000 +34100 2016 9002 1103.3753
a range +34000 +34100 9002 2016 1103.3753
a range +34100 +34200 2015 2016 0.0313
a range +34100 +34200 2016 2015 0.0313
a range +34200 +34400 2007 2008 0.0285
a range +34200 +34400 2008 2007 0.0285
a range +34200 +34400 2013 2017 0.0279
a range +34200 +34400 2017 2013 0.0279
a range +34400 +34600 2013 2019 0.0321
a range +34400 +34600 2019 2013 0.0321
a range +34400 +34900 2018 9002 1103.365
a range +34400 +34900 9002 2018 1103.365
a range +36000 +36100 2015 2020 0.009
a range +36000 +36100 2017 9002 1103.366
a range +36000 +36100 2020 2015 0.009
a range +36000 +36100 9002 2017 1103.366
a range +36100 +36200 2005 2015 0.0166
a range +36100 +36200 2015 2005 0.0166
a range +36200 +36500 2009 2013 0.0321
a range +36200 +36500 2013 2009 0.0321
a range +37200 +37600 1001 2017 1103.5911
a range +37200 +37600 2017 1001 1103.5911
a range +37600 +37700 2003 2009 0.0321
a range +37600 +37700 2009 2003 0.0321
a range +37700 +37900 1002 9002 0.0592
a range +37700 +37900 2001 2009 0.043
a range +37700 +37900 2003 2011 0.043
a range +37700 +37900 2009 2001 0.043
a range +37700 +37900 2011 2003 0.043
a range +37700 +37900 9002 1002 0.0592
a range +37900 +38200 1002 2007 1103.7805
a range +37900 +38200 2007 1002 1103.7805
a range +38400 +38600 2010 2011 0.0313
a range +38400 +38600 2011 2010 0.0313
a range +40600 +40700 2004 2010 0.0265
a range +40600 +40700 2010 2004 0.0265
a range +41000 +41100 1001 2011 1103.5775
a range +41000 +41100 2002 2016 0.0431
a range +41000 +41100 2004 2018 0.0432
a range +41000 +41100 2005 2012 0.0432
a range +41000 +41100 2011 1001 1103.5775
a range +41000 +41100 2012 2005 0.0432
a range +41000 +41100 2016 2002 0.0431
a range +41000 +41100 2018 2004 0.0432
a range +41100 +41400 2004 2005 0.0285
a range +41100 +41400 2005 2004 0.0285
a range +41600 +41800 2006 2017 0.031
a range +41600 +41800 2017 2006 0.031
a range +42400 +42500 2009 2014 0.0127
a range +42400 +42500 2011 2016 0.0182
a range +42400 +42500 2014 2009 0.0127
a range +42400 +42500 2016 2011 0.0182
a range +42500 +42600 1001 2020 1103.5984
a range +42400 +42600 1002 9002 0.0592
a range +42500 +42600 2020 1001 1103.5984
a range +42400 +42600 9002 1002 0.0592
a range +42500 +42900 2009 2017 0.0432
a range +42500 +42900 2017 2009 0.0432
a range +43100 +43200 2002 2011 0.031
a range +43100 +43200 2011 2002 0.031
a range +43200 +43400 2007 2015 0.043
a range +43200 +43400 2015 2007 0.043
a range +43400 +43500 2004 2012 0.0432
a range +43400 +43500 2012 2004 0.0432
a range +43600 +43700 2016 2017 0.0285
a range +43600 +43700 2017 2016 0.0285
a range +44000 +44300 1002 9002 0.0592
a range +44000 +44300 9002 1002 0.0592
a range +44500 +44800 1002 2010 1104.0653
a range +44500 +44800 2010 1002 1104.0653
a range +44500 +44800 2015 2020 0.009
a range +44500 +44800 2020 2015 0.009
a range +44800 +45100 2004 2018 0.0432
a range +44800 +45100 2018 2004 0.0432
a range +45200 +45300 1002 2017 1104.0521
a range +45200 +45300 2017 1002 1104.0521
a range +45200 +45400 2009 2016 0.0433
a range +45200 +45400 2016 2009 0.0433
a range +45700 +45900 2013 2019 0.0321
a range +45700 +45900 2019 2013 0.0321
a range +45900 +46200 2011 2020 0.0313
a range +45900 +46200 2020 2011 0.0313
a range +46600 +46700 2008 2016 0.0433
a range +46600 +46700 2016 2008 0.0433
a range +46800 +46900 2010 2015 0.009
a range +46800 +46900 2015 2010 0.009
a range +47000 +47200 2018 2019 0.0285
a range +47000 +47200 2019 2018 0.0285
a range +47200 +47300 2007 2013 0.0279
a range +47200 +47300 2013 2007 0.0279
a range +47400 +47800 2003 2011 0.0433
a range +47400 +47800 2011 2003 0.0433
a range +48100 +48300 2008 2020 0.0434
a range +48100 +48300 2020 2008 0.0434
a range +49300 +49500 2009 2015 0.0265
a range +49300 +49500 2011 2017 0.0293
a range +49300 +49500 2015 2009 0.0265
a range +49300 +49500 2017 2011 0.0293
a range +49500 +49700 2002 2018 0.0433
a range +49500 +49700 2018 2002 0.0433
a range +49700 +50000 2005 2017 0.0435
a range +49700 +50000 2017 2005 0.0435
a range +50100 +50200 2011 2016 0.0182
a range +50100 +50200 2016 2011 0.0182
a range +50300 +50400 2001 2019 0.0432
a range +50300 +50400 2019 2001 0.0432
a range +50400 +50700 2001 2016 0.0431
a range +50400 +50700 2016 2001 0.0431
a range +50700 +50900 1002 2019 1104.047
a range +50700 +50900 2019 1002 1104.047
a range +51200 +51600 2003 2013 0.0311
a range +51200 +51600 2013 2003 0.0311
a range +51600 +51800 2006 2010 0.0285
a range +51600 +51800 2010 2006 0.0285
a range +52000 +52300 1002 2003 1104.042
a range +52000 +52300 2003 1002 1104.042
a range +52800 +53000 1002 2004 1104.0457
a range +52800 +53000 2004 1002 1104.0457
a range +53800 +53900 1002 2017 1104.0521
a range +53800 +53900 2017 1002 1104.0521
a range +53900 +54200 2003 2018 0.0431
a range +53900 +54200 2018 2003 0.0431
a range +54600 +54700 2010 2020 0.0166
a range +54600 +54700 2015 2019 0.0265
a range +54600 +54700 2019 2015 0.0265
a range +54600 +54700 2020 2010 0.0166
a range +55600 +55700 2002 2011 0.031
a range +55600 +55700 2011 2002 0.031
a range +55700 +55800 1001 2014 1104.2356
a range +55700 +55800 2014 1001 1104.2356
a range +56100 +56400 2008 2016 0.0432
a range +56100 +56400 2016 2008 0.0432
a range +57000 +57200 2012 2018 0.0279
a range +57000 +57200 2018 2012 0.0279
a range +58000 +58100 1001 2017 1104.5123
a range +58000 +58100 2017 1001 1104.5123
a range +58300 +58500 1002 2016 1104.0597
a range +58300 +58500 2016 1002 1104.0597
a range +58700 +59100 2008 9003 1104.3712
a range +58700 +59100 9003 2008 1104.3712
a range +60200 +60300 2006 2010 0.0285
a range +60200 +60300 2010 2006 0.0285
a range +60800 +61000 2004 2013 0.0393
a range +60800 +61000 2013 2004 0.0393
a range +61000 +61300 1002 9002 0.0595
a range +61000 +61300 2004 2017 0.0434
a range +61000 +61300 2017 2004 0.0434
a range +61000 +61300 9002 1002 0.0595
a range +62100 +62200 2001 2011 0.0337
a range +62100 +62200 2011 2001 0.0337
a range +62100 +62400 2004 2012 0.043
a range +62100 +62400 2012 2004 0.043
a range +62400 +62500 2009 2020 0.0206
a range +62400 +62500 2020 2009 0.0206
a range +62400 +62900 1002 2012 1104.4832
a range +62500 +62900 2009 2017 0.043
a range +62400 +62900 2012 1002 1104.4832
a range +62500 +62900 2017 2009 0.043
a range +63100 +63200 2001 2005 0.0285
a range +63100 +63200 2005 2001 0.0285
a range +63200 +63300 1002 2010 1104.8413
a range +63200 +63300 2010 1002 1104.8413
a range +63300 +63600 2003 9003 1104.7486
a range +63300 +63600 9003 2003 1104.7486
a range +65000 +65100 2010 9003 1104.7769
a range +65000 +65100 9003 2010 1104.7769
a range +65100 +65200 2009 2014 0.0127
a range +65100 +65200 2014 2009 0.0127
a range +65200 +65300 1002 2015 1104.8621
a range +65200 +65300 2005 2010 0.009
a range +65200 +65300 2010 2005 0.009
a range +65200 +65300 2015 1002 1104.8621
a range +65500 +65800 1002 2015 1104.8621
a range +65500 +65800 2008 2016 0.0431
a range +65500 +65800 2015 1002 1104.8621
a range +65500 +65800 2016 2008 0.0431
a range +65900 +66000 2012 2018 0.0279
a range +65900 +66000 2018 2012 0.0279
a range +66700 +66900 2005 2018 0.043
a range +66700 +66900 2018 2005 0.043
a range +67800 +67900 2009 2019 0.0235
a range +67800 +67900 2019 2009 0.0235
a range +68700 +68800 1002 2005 1104.9652
a range +68700 +68800 2005 1002 1104.9652
a range +68700 +68800 2019 2020 0.0285
a range +68700 +68800 2020 2019 0.0285
a range +68900 +69000 2002 2003 0.0285
a range +68900 +69000 2003 2002 0.0285
a range +68900 +69000 2008 2013 0.0168
a range +68900 +69000 2013 2008 0.0168
a range +69500 +69600 2013 2019 0.0321
a range +69500 +69600 2019 2013 0.0321
a range +69800 +69900 2010 2017 0.0432
a range +69800 +69900 2017 2010 0.0432
a range +69900 +70000 1002 2007 1104.4675
a range +69900 +70000 2007 1002 1104.4675
a range +70100 +70300 2009 2013 0.0321
a range +70100 +70300 2013 2009 0.0321
a range +70300 +70400 2004 2019 0.0432
a range +70300 +70400 2019 2004 0.0432
a range +70900 +71200 2008 9003 1104.7361
a range +70900 +71200 9003 2008 1104.7361
a range +71200 +71500 2002 2010 0.043
a range +71200 +71500 2010 2002 0.043
a range +71700 +71800 2001 2011 0.0337
a range +71700 +71800 2011 2001 0.0337
a range +71800 +72000 2001 2017 0.0432
a range +71800 +72000 2017 2001 0.0432
a range +72100 +72300 2011 2012 0.0285
a range +72100 +72300 2012 2011 0.0285
a range +72700 +72800 2001 2015 0.0371
a range +72700 +72800 2015 2001 0.0371
a range +72800 +73000 2013 9003 1104.737
a range +72800 +73000 9003 2013 1104.737
a range +73300 +73400 1002 2003 1104.953
a range +73300 +73400 2003 1002 1104.953
a range +73400 +73600 2015 9003 1104.7762
a range +73400 +73600 9003 2015 1104.7762
a range +74600 +74700 1002 2009 1104.9747
a range +74600 +74700 2009 1002 1104.9747
a range +74700 +75300 2020 9001 1105.0538
a range +74700 +75300 9001 2020 1105.0538
a range +75300 +75400 2003 2007 0.0279
a range +75300 +75400 2007 2003 0.0279
a range +75300 +75400 2008 2016 0.043
a range +75300 +75400 2016 2008 0.043
a range +75900 +76100 1002 2004 1104.9647
a range +75900 +76100 2004 1002 1104.9647
a range +76100 +76300 2011 2017 0.0293
a range +76100 +76300 2017 2011 0.0293
a range +76500 +76600 2011 2015 0.0285
a range +76500 +76600 2015 2011 0.0285
a range +77300 +77500 2008 2017 0.0261
a range +77300 +77500 2017 2008 0.0261
a range +78200 +78300 2012 2013 0.0285
a range +78200 +78300 2013 2012 0.0285
a range +79200 +79500 2010 2018 0.0431
a range +79200 +79500 2018 2010 0.0431
a range +79600 +79900 2012 2017 0.0023
a range +79600 +79900 2017 2012 0.0023
a range +80300 +80600 1001 2018 1105.0371
a range +80300 +80600 1002 2020 1104.9634
a range +80200 +80600 2003 2013 0.0311
a range +80200 +80600 2013 2003 0.0311
a range +80300 +80600 2018 1001 1105.0371
a range +80300 +80600 2020 1002 1104.9634
a range +80600 +80900 2004 2012 0.0432
a range +80600 +80900 2012 2004 0.0432
a range +81000 +81100 2008 2018 0.0311
a range +81000 +81100 2018 2008 0.0311
a range +81400 +81800 2002 2018 0.0243
a range +81400 +81800 2018 2002 0.0243
a range +81800 +82000 1001 2010 1105.0188
a range +81800 +82000 2010 1001 1105.0188
a range +82800 +83000 2009 2016 0.0366
a range +82800 +83000 2016 2009 0.0366
a range +83000 +83100 2015 2016 0.0313
a range +83000 +83100 2016 2015 0.0313
a range +83100 +83300 2015 2019 0.0265
a range +83100 +83300 2019 2015 0.0265
a range +83300 +83400 2004 2011 0.0366
a range +83300 +83400 2011 2004 0.0366
a range +83300 +83400 2014 2015 0.0285
a range +83300 +83400 2015 2014 0.0285
a range +83400 +83600 2011 2017 0.0293
a range +83400 +83600 2017 2011 0.0293
a range +83800 +83900 2018 2019 0.0285
a range +83800 +83900 2019 2018 0.0285
a range +84100 +84400 2013 9001 1105.0774
a range +84100 +84400 9001 2013 1105.0774
a range +84600 +84700 2003 2011 0.0329
a range +84600 +84700 2011 2003 0.0329
a range +85000 +85100 1001 2013 1105.0495
a range +85000 +85100 2013 1001 1105.0495
a range +85100 +85200 2016 2017 0.0285
a range +85100 +85200 2017 2016 0.0285
a range +85100 +85500 1001 2011 1105.0081
a range +85100 +85500 1002 2013 1105.1313
a range +85100 +85500 2011 1001 1105.0081
a range +85100 +85500 2013 1002 1105.1313
a range +85800 +85900 2001 2020 0.0421
a range +85800 +85900 2004 2008 0.0321
a range +85800 +85900 2008 2004 0.0321
a range +85800 +85900 2020 2001 0.0421
