a contact +700 +1000 2011 2014 1000
a contact +700 +1000 2014 2011 1000
a contact +1800 +1900 2008 2015 1000
a contact +1800 +1900 2015 2008 1000
a contact +1900 +2400 1002 2003 1000
a contact +1900 +2400 2003 1002 1000
a contact +2400 +3000 1002 2005 1000
a contact +2400 +3000 2005 1002 1000
a contact +2400 +3000 2013 9002 1000
a contact +2400 +3000 9002 2013 1000
a contact +3000 +3200 2004 9002 1000
a contact +3000 +3200 9002 2004 1000
a contact +3600 +3700 2002 2009 1000
a contact +3600 +3700 2009 2002 1000
a contact +3700 +4300 2006 9002 1000
a contact +3700 +4300 9002 2006 1000
a contact +4900 +5500 2003 2009 1000
a contact +4900 +5500 2009 2003 1000
a contact +4900 +5500 2015 9002 1000
a contact +4900 +5500 9002 2015 1000
a contact +5900 +6500 2004 2013 1000
a contact +5900 +6500 2013 2004 1000
a contact +6900 +7000 2005 2016 1000
a contact +6900 +7000 2016 2005 1000
a contact +7000 +7600 2002 2009 1000
a contact +7000 +7600 2008 2015 1000
a contact +7000 +7600 2009 2002 1000
a contact +7000 +7600 2015 2008 1000
a contact +7900 +8300 2003 2013 1000
a contact +7900 +8300 2010 9002 1000
a contact +7900 +8300 2013 2003 1000
a contact +7900 +8300 9002 2010 1000
a contact +8300 +8400 2012 9002 1000
a contact +8300 +8400 9002 2012 1000
a contact +9000 +9600 2012 2013 1000
a contact +9000 +9600 2013 2012 1000
a contact +10200 +10500 2002 2005 1000
a contact +10200 +10500 2005 2002 1000
a contact +10500 +10600 2005 2008 1000
a contact +10500 +10600 2008 2005 1000
a contact +11200 +11400 2005 2008 1000
a contact +11200 +11400 2008 2005 1000
a contact +11400 +11800 2003 2008 1000
a contact +11400 +11800 2008 2003 1000
a contact +11400 +11800 2009 2014 1000
a contact +11400 +11800 2014 2009 1000
a contact +11800 +12400 2001 2013 1000
a contact +11800 +12400 2013 2001 1000
a contact +12400 +12600 2003 2008 1000
a contact +12400 +12600 2007 2016 1000
a contact +12400 +12600 2008 2003 1000
a contact +12400 +12600 2016 2007 1000
a contact +12600 +12800 1001 2004 1000
a contact +12600 +12800 2004 1001 1000
a contact +12600 +12800 2008 2016 1000
a contact +12600 +12800 2016 2008 1000
a contact +12600 +13000 2003 2011 1000
a contact +12800 +13000 2004 2007 1000
a contact +12800 +13000 2007 2004 1000
a contact +12600 +13000 2011 2003 1000
a contact +15900 +16100 1001 2006 1000
a contact +15900 +16100 2006 1001 1000
a contact +18400 +19000 1002 2004 1000
a contact +18400 +19000 2004 1002 1000
a contact +20800 +20900 2005 2010 1000
a contact +20800 +20900 2007 2012 1000
a contact +20800 +20900 2010 2005 1000
a contact +20800 +20900 2012 2007 1000
a contact +20900 +21200 1001 2012 1000
a contact +20800 +21200 2003 2008 1000
a contact +20800 +21200 2008 2003 1000
a contact +20800 +21200 2011 2016 1000
a contact +20900 +21200 2012 1001 1000
a contact +20800 +21200 2016 2011 1000
a contact +21200 +21400 2007 2012 1000
a contact +21200 +21400 2012 2007 1000
a contact +21400 +22000 2001 2010 1000
a contact +21400 +22000 2002 2013 1000
a contact +21400 +22000 2010 2001 1000
a contact +21400 +22000 2013 2002 1000
a contact +22400 +22500 2002 2005 1000
a contact +22400 +22500 2005 2002 1000
a contact +22400 +22500 2006 2012 1000
a contact +22400 +22500 2012 2006 1000
a contact +23200 +23700 2005 2010 1000
a contact +23200 +23700 2010 2005 1000
a contact +23700 +24000 2004 2010 1000
a contact +23700 +24000 2006 2012 1000
a contact +23700 +24000 2007 2011 1000
a contact +23700 +24000 2010 2004 1000
a contact +23700 +24000 2011 2007 1000
a contact +23700 +24000 2012 2006 1000
a contact +24600 +24700 2010 2016 1000
a contact +24600 +24700 2016 2010 1000
a contact +24700 +25300 2009 2012 1000
a contact +24700 +25300 2012 2009 1000
a contact +26200 +26800 2006 2016 1000
a contact +26200 +26800 2016 2006 1000
a contact +26800 +27200 2004 2012 1000
a contact +26800 +27200 2012 2004 1000
a contact +27300 +27900 2004 2007 1000
a contact +27300 +27900 2006 2009 1000
a contact +27300 +27900 2007 2004 1000
a contact +27300 +27900 2009 2006 1000
a contact +28400 +29000 2009 2010 1000
a contact +28400 +29000 2010 2009 1000
a contact +30200 +30800 2011 2016 1000
a contact +30200 +30800 2016 2011 1000
a contact +31900 +32100 1002 9001 1000
a contact +31900 +32100 2010 2016 1000
a contact +31900 +32100 2016 2010 1000
a contact +31900 +32100 9001 1002 1000
a contact +32100 +32700 2002 2015 1000
a contact +32100 +32700 2015 2002 1000
a contact +32700 +33100 1002 2004 1000
a contact +32700 +33100 2004 1002 1000
a contact +32700 +33100 2005 2010 1000
a contact +32700 +33100 2010 2005 1000
a contact +33100 +33400 2001 2010 1000
a contact +33100 +33400 2010 2001 1000
a contact +33400 +34000 2006 2015 1000
a contact +33400 +34000 2015 2006 1000
a contact +34000 +34200 2003 2011 1000
a contact +34000 +34200 2011 2003 1000
a contact +34800 +34900 2007 2015 1000
a contact +34800 +34900 2015 2007 1000
a contact +36200 +36600 2004 2012 1000
a contact +36200 +36600 2006 2014 1000
a contact +36200 +36600 2008 2016 1000
a contact +36200 +36600 2012 2004 1000
a contact +36200 +36600 2014 2006 1000
a contact +36200 +36600 2016 2008 1000
a contact +37300 +37800 2005 2006 1000
a contact +37300 +37800 2006 2005 1000
a contact +38100 +38400 2002 2014 1000
a contact +38100 +38400 2014 2002 1000
a contact +38900 +39500 2004 2012 1000
a contact +38900 +39500 2012 2004 1000
a contact +39500 +39600 2008 2011 1000
a contact +39500 +39600 2011 2008 1000
a contact +39600 +40300 2004 2015 1000
a contact +39600 +40300 2015 2004 1000
a contact +40900 +41300 2007 2015 1000
a contact +40900 +41300 2015 2007 1000
a contact +41400 +41900 1002 2005 1000
a contact +41400 +41900 2005 1002 1000
a contact +41900 +42500 2001 2005 1000
a contact +41900 +42500 2005 2001 1000
a contact +42500 +42600 2001 2012 1000
a contact +42500 +42600 2012 2001 1000
a contact +42600 +43200 2004 2014 1000
a contact +42600 +43200 2014 2004 1000
a contact +45600 +46000 2003 9001 1000
a contact +45600 +46000 2010 2013 1000
a contact +45600 +46000 2013 2010 1000
a contact +45600 +46000 9001 2003 1000
a contact +46100 +46200 2002 2014 1000
a contact +46100 +46200 2014 2002 1000
a contact +46600 +47000 1002 9002 1000
a contact +46600 +47000 9002 1002 1000
a contact +48300 +48900 2004 2010 1000
a contact +48300 +48900 2010 2004 1000
a contact +49700 +50300 2001 9001 1000
a contact +49700 +50300 2005 2010 1000
a contact +49700 +50300 2010 2005 1000
a contact +49700 +50300 9001 2001 1000
a contact +50300 +50700 2007 2015 1000
a contact +50300 +50700 2015 2007 1000
a contact +50700 +50800 1002 2005 1000
a contact +50700 +50800 2005 1002 1000
a contact +52600 +53600 1001 9002 1000
a contact +52600 +53600 9002 1001 1000
a contact +53600 +53800 2005 2011 1000
a contact +53600 +53800 2011 2005 1000
a contact +55500 +56100 2007 9001 1000
a contact +55500 +56100 9001 2007 1000
a contact +56700 +57300 2008 2016 1000
a contact +56700 +57300 2013 9001 1000
a contact +56700 +57300 2016 2008 1000
a contact +56700 +57300 9001 2013 1000
a contact +59500 +59800 2003 2008 1000
a contact +59500 +59800 2008 2003 1000
a contact +59800 +60200 2003 2011 1000
a contact +59800 +60200 2011 2003 1000
a contact +61400 +62000 2003 2016 1000
a contact +61400 +62000 2005 9002 1000
a contact +61400 +62000 2016 2003 1000
a contact +61400 +62000 9002 2005 1000
a contact +62000 +62300 1002 2015 1000
a contact +62000 +62300 2015 1002 1000
a contact +62300 +62500 2010 9001 1000
a contact +62300 +62500 9001 2010 1000
a contact +63100 +63200 2014 9001 1000
a contact +63100 +63200 9001 2014 1000
a contact +63200 +63500 2002 2007 1000
a contact +63200 +63500 2007 2002 1000
a contact +64500 +64900 2003 2013 1000
a contact +64500 +64900 2013 2003 1000
a contact +65500 +66100 2006 2011 1000
a contact +65500 +66100 2011 2006 1000
a contact +66100 +66700 1002 2014 1000
a contact +66100 +66700 2004 2013 1000
a contact +66100 +66700 2013 2004 1000
a contact +66100 +66700 2014 1002 1000
a contact +67900 +68100 1002 2009 1000
a contact +67900 +68100 2003 2008 1000
a contact +67900 +68100 2005 2010 1000
a contact +67900 +68100 2008 2003 1000
a contact +67900 +68100 2009 1002 1000
a contact +67900 +68100 2010 2005 1000
a contact +69200 +69600 2003 2011 1000
a contact +69200 +69600 2011 2003 1000
a contact +71900 +72500 2013 2014 1000
a contact +71900 +72500 2014 2013 1000
a contact +72600 +73200 2008 2009 1000
a contact +72600 +73200 2009 2008 1000
a contact +72500 +73200 2012 9001 1000
a contact +72500 +73200 9001 2012 1000
a contact +73400 +73500 1002 2008 1000
a contact +73400 +73500 2008 1002 1000
a contact +73900 +74300 2004 2012 1000
a contact +73900 +74300 2012 2004 1000
a contact +76600 +77000 2003 2006 1000
a contact +76600 +77000 2006 2003 1000
a contact +77300 +77900 2004 2015 1000
a contact +77300 +77900 2005 2010 1000
a contact +77300 +77900 2006 9001 1000
a contact +77300 +77900 2010 2005 1000
a contact +77300 +77900 2015 2004 1000
a contact +77300 +77900 9001 2006 1000
a contact +77900 +78500 1002 2007 1000
a contact +77900 +78500 2006 2012 1000
a contact +77900 +78500 2007 1002 1000
a contact +77900 +78500 2012 2006 1000
a contact +77900 +78500 2015 9002 1000
a contact +77900 +78500 9002 2015 1000
a contact +78500 +78600 2009 2010 1000
a contact +78500 +78600 2010 2009 1000
a contact +78600 +79000 2003 2011 1000
a contact +78600 +79000 2011 2003 1000
a contact +79000 +79100 1002 2003 1000
a contact +79000 +79100 2002 9001 1000
a contact +79000 +79100 2003 1002 1000
a contact +79000 +79100 9001 2002 1000
a contact +79100 +79700 2001 2007 1000
a contact +79100 +79700 2007 2001 1000
a contact +79700 +80300 1001 2012 1000
a contact +79700 +80300 2012 1001 1000
a contact +80500 +81100 2008 2011 1000
a contact +80500 +81100 2011 2008 1000
a contact +81300 +81800 2006 2015 1000
a contact +81600 +81800 2008 9001 1000
a contact +81300 +81800 2015 2006 1000
a contact +81600 +81800 9001 2008 1000
a contact +82200 +82500 1002 2004 1000
a contact +82200 +82500 2004 1002 1000
a contact +82500 +83100 2012 9001 1000
a contact +82500 +83100 9001 2012 1000
a contact +83300 +83700 2008 2016 1000
a contact +83300 +83700 2016 2008 1000
a contact +85000 +85600 2001 2005 1000
a contact +85000 +85600 2005 2001 1000
a contact +85600 +85700 1002 2005 1000
a contact +85600 +85700 2001 2010 1000
a contact +85600 +85700 2005 1002 1000
a contact +85600 +85700 2010 2001 1000

a range +700 +1000 2011 2014 0.0213
a range +700 +1000 2014 2011 0.0213
a range +1800 +1900 2008 2015 0.031
a range +1800 +1900 2015 2008 0.031
a range +1900 +2400 1002 2003 1102.2947
a range +1900 +2400 2003 1002 1102.2947
a range +2400 +3000 1002 2005 1102.2662
a range +2400 +3000 2005 1002 1102.2662
a range +2400 +3000 2013 9002 1102.0719
a range +2400 +3000 9002 2013 1102.0719
a range +3000 +3200 2004 9002 1102.4836
a range +3000 +3200 9002 2004 1102.4836
a range +3600 +3700 2002 2009 0.031
a range +3600 +3700 2009 2002 0.031
a range +3700 +4300 2006 9002 1102.2627
a range +3700 +4300 9002 2006 1102.2627
a range +4900 +5500 2003 2009 0.0065
a range +4900 +5500 2009 2003 0.0065
a range +4900 +5500 2015 9002 1102.4458
a range +4900 +5500 9002 2015 1102.4458
a range +5900 +6500 2004 2013 0.0213
a range +5900 +6500 2013 2004 0.0213
a range +6900 +7000 2005 2016 0.0374
a range +6900 +7000 2016 2005 0.0374
a range +7000 +7600 2002 2009 0.031
a range +7000 +7600 2008 2015 0.031
a range +7000 +7600 2009 2002 0.031
a range +7000 +7600 2015 2008 0.031
a range +7900 +8300 2003 2013 0.0346
a range +7900 +8300 2010 9002 1102.4838
a range +7900 +8300 2013 2003 0.0346
a range +7900 +8300 9002 2010 1102.4838
a range +8300 +8400 2012 9002 1102.5161
a range +8300 +8400 9002 2012 1102.5161
a range +9000 +9600 2012 2013 0.0431
a range +9000 +9600 2013 2012 0.0431
a range +10200 +10500 2002 2005 0.0154
a range +10200 +10500 2005 2002 0.0154
a range +10500 +10600 2005 2008 0.0343
a range +10500 +10600 2008 2005 0.0343
a range +11200 +11400 2005 2008 0.0343
a range +11200 +11400 2008 2005 0.0343
a range +11400 +11800 2003 2008 0.0431
a range +11400 +11800 2008 2003 0.0431
a range +11400 +11800 2009 2014 0.0431
a range +11400 +11800 2014 2009 0.0431
a range +11800 +12400 2001 2013 0.034
a range +11800 +12400 2013 2001 0.034
a range +12400 +12600 2003 2008 0.0431
a range +12400 +12600 2007 2016 0.031
a range +12400 +12600 2008 2003 0.0431
a range +12400 +12600 2016 2007 0.031
a range +12600 +12800 1001 2004 1102.5912
a range +12600 +12800 2004 1001 1102.5912
a range +12600 +12800 2008 2016 0.0431
a range +12600 +12800 2016 2008 0.0431
a range +12600 +13000 2003 2011 0.0431
a range +12800 +13000 2004 2007 0.0154
a range +12800 +13000 2007 2004 0.0154
a range +12600 +13000 2011 2003 0.0431
a range +15900 +16100 1001 2006 1102.5844
a range +15900 +16100 2006 1001 1102.5844
a range +18400 +19000 1002 2004 1102.9426
a range +18400 +19000 2004 1002 1102.9426
a range +20800 +20900 2005 2010 0.0431
a range +20800 +20900 2007 2012 0.0431
a range +20800 +20900 2010 2005 0.0431
a range +20800 +20900 2012 2007 0.0431
a range +20900 +21200 1001 2012 1102.6098
a range +20800 +21200 2003 2008 0.0431
a range +20800 +21200 2008 2003 0.0431
a range +20800 +21200 2011 2016 0.0431
a range +20900 +21200 2012 1001 1102.6098
a range +20800 +21200 2016 2011 0.0431
a range +21200 +21400 2007 2012 0.0431
a range +21200 +21400 2012 2007 0.0431
a range +21400 +22000 2001 2010 0.031
a range +21400 +22000 2002 2013 0.0431
a range +21400 +22000 2010 2001 0.031
a range +21400 +22000 2013 2002 0.0431
a range +22400 +22500 2002 2005 0.0154
a range +22400 +22500 2005 2002 0.0154
a range +22400 +22500 2006 2012 0.0418
a range +22400 +22500 2012 2006 0.0418
a range +23200 +23700 2005 2010 0.0431
a range +23200 +23700 2010 2005 0.0431
a range +23700 +24000 2004 2010 0.0337
a range +23700 +24000 2006 2012 0.0418
a range +23700 +24000 2007 2011 0.034
a range +23700 +24000 2010 2004 0.0337
a range +23700 +24000 2011 2007 0.034
a range +23700 +24000 2012 2006 0.0418
a range +24600 +24700 2010 2016 0.0418
a range +24600 +24700 2016 2010 0.0418
a range +24700 +25300 2009 2012 0.0343
a range +24700 +25300 2012 2009 0.0343
a range +26200 +26800 2006 2016 0.0337
a range +26200 +26800 2016 2006 0.0337
a range +26800 +27200 2004 2012 0.0433
a range +26800 +27200 2012 2004 0.0433
a range +27300 +27900 2004 2007 0.0154
a range +27300 +27900 2006 2009 0.0154
a range +27300 +27900 2007 2004 0.0154
a range +27300 +27900 2009 2006 0.0154
a range +28400 +29000 2009 2010 0.0343
a range +28400 +29000 2010 2009 0.0343
a range +30200 +30800 2011 2016 0.043
a range +30200 +30800 2016 2011 0.043
a range +31900 +32100 1002 9001 0.0467
a range +31900 +32100 2010 2016 0.0418
a range +31900 +32100 2016 2010 0.0418
a range +31900 +32100 9001 1002 0.0467
a range +32100 +32700 2002 2015 0.0213
a range +32100 +32700 2015 2002 0.0213
a range +32700 +33100 1002 2004 1103.5992
a range +32700 +33100 2004 1002 1103.5992
a range +32700 +33100 2005 2010 0.043
a range +32700 +33100 2010 2005 0.043
a range +33100 +33400 2001 2010 0.031
a range +33100 +33400 2010 2001 0.031
a range +33400 +34000 2006 2015 0.0374
a range +33400 +34000 2015 2006 0.0374
a range +34000 +34200 2003 2011 0.0433
a range +34000 +34200 2011 2003 0.0433
a range +34800 +34900 2007 2015 0.0433
a range +34800 +34900 2015 2007 0.0433
a range +36200 +36600 2004 2012 0.0432
a range +36200 +36600 2006 2014 0.0432
a range +36200 +36600 2008 2016 0.0432
a range +36200 +36600 2012 2004 0.0432
a range +36200 +36600 2014 2006 0.0432
a range +36200 +36600 2016 2008 0.0432
a range +37300 +37800 2005 2006 0.0343
a range +37300 +37800 2006 2005 0.0343
a range +38100 +38400 2002 2014 0.0247
a range +38100 +38400 2014 2002 0.0247
a range +38900 +39500 2004 2012 0.0432
a range +38900 +39500 2012 2004 0.0432
a range +39500 +39600 2008 2011 0.0154
a range +39500 +39600 2011 2008 0.0154
a range +39600 +40300 2004 2015 0.0431
a range +39600 +40300 2015 2004 0.0431
a range +40900 +41300 2007 2015 0.0431
a range +40900 +41300 2015 2007 0.0431
a range +41400 +41900 1002 2005 1103.5578
a range +41400 +41900 2005 1002 1103.5578
a range +41900 +42500 2001 2005 0.034
a range +41900 +42500 2005 2001 0.034
a range +42500 +42600 2001 2012 0.0374
a range +42500 +42600 2012 2001 0.0374
a range +42600 +43200 2004 2014 0.0418
a range +42600 +43200 2014 2004 0.0418
a range +45600 +46000 2003 9001 1105.0857
a range +45600 +46000 2010 2013 0.0154
a range +45600 +46000 2013 2010 0.0154
a range +45600 +46000 9001 2003 1105.0857
a range +46100 +46200 2002 2014 0.0247
a range +46100 +46200 2014 2002 0.0247
a range +46600 +47000 1002 9002 0.0466
a range +46600 +47000 9002 1002 0.0466
a range +48300 +48900 2004 2010 0.0337
a range +48300 +48900 2010 2004 0.0337
a range +49700 +50300 2001 9001 1105.0594
a range +49700 +50300 2005 2010 0.0431
a range +49700 +50300 2010 2005 0.0431
a range +49700 +50300 9001 2001 1105.0594
a range +50300 +50700 2007 2015 0.043
a range +50300 +50700 2015 2007 0.043
a range +50700 +50800 1002 2005 1103.8588
a range +50700 +50800 2005 1002 1103.8588
a range +52600 +53600 1001 9002 0.0467
a range +52600 +53600 9002 1001 0.0467
a range +53600 +53800 2005 2011 0.0346
a range +53600 +53800 2011 2005 0.0346
a range +55500 +56100 2007 9001 1104.245
a range +55500 +56100 9001 2007 1104.245
a range +56700 +57300 2008 2016 0.0434
a range +56700 +57300 2013 9001 1104.2452
a range +56700 +57300 2016 2008 0.0434
a range +56700 +57300 9001 2013 1104.2452
a range +59500 +59800 2003 2008 0.043
a range +59500 +59800 2008 2003 0.043
a range +59800 +60200 2003 2011 0.0433
a range +59800 +60200 2011 2003 0.0433
a range +61400 +62000 2003 2016 0.0154
a range +61400 +62000 2005 9002 1104.6157
a range +61400 +62000 2016 2003 0.0154
a range +61400 +62000 9002 2005 1104.6157
a range +62000 +62300 1002 2015 1104.216
a range +62000 +62300 2015 1002 1104.216
a range +62300 +62500 2010 9001 1105.0857
a range +62300 +62500 9001 2010 1105.0857
a range +63100 +63200 2014 9001 1104.799
a range +63100 +63200 9001 2014 1104.799
a range +63200 +63500 2002 2007 0.043
a range +63200 +63500 2007 2002 0.043
a range +64500 +64900 2003 2013 0.0346
a range +64500 +64900 2013 2003 0.0346
a range +65500 +66100 2006 2011 0.043
a range +65500 +66100 2011 2006 0.043
a range +66100 +66700 1002 2014 1104.839
a range +66100 +66700 2004 2013 0.0213
a range +66100 +66700 2013 2004 0.0213
a range +66100 +66700 2014 1002 1104.839
a range +67900 +68100 1002 2009 1104.8692
a range +67900 +68100 2003 2008 0.043
a range +67900 +68100 2005 2010 0.043
a range +67900 +68100 2008 2003 0.043
a range +67900 +68100 2009 1002 1104.8692
a range +67900 +68100 2010 2005 0.043
a range +69200 +69600 2003 2011 0.0432
a range +69200 +69600 2011 2003 0.0432
a range +71900 +72500 2013 2014 0.0343
a range +71900 +72500 2014 2013 0.0343
a range +72600 +73200 2008 2009 0.0432
a range +72600 +73200 2009 2008 0.0432
a range +72500 +73200 2012 9001 1105.0594
a range +72500 +73200 9001 2012 1105.0594
a range +73400 +73500 1002 2008 1104.844
a range +73400 +73500 2008 1002 1104.844
a range +73900 +74300 2004 2012 0.0432
a range +73900 +74300 2012 2004 0.0432
a range +76600 +77000 2003 2006 0.0213
a range +76600 +77000 2006 2003 0.0213
a range +77300 +77900 2004 2015 0.0431
a range +77300 +77900 2005 2010 0.0431
a range +77300 +77900 2006 9001 1105.0838
a range +77300 +77900 2010 2005 0.0431
a range +77300 +77900 2015 2004 0.0431
a range +77300 +77900 9001 2006 1105.0838
a range +77900 +78500 1002 2007 1104.889
a range +77900 +78500 2006 2012 0.0418
a range +77900 +78500 2007 1002 1104.889
a range +77900 +78500 2012 2006 0.0418
a range +77900 +78500 2015 9002 1105.0355
a range +77900 +78500 9002 2015 1105.0355
a range +78500 +78600 2009 2010 0.0343
a range +78500 +78600 2010 2009 0.0343
a range +78600 +79000 2003 2011 0.0431
a range +78600 +79000 2011 2003 0.0431
a range +79000 +79100 1002 2003 1104.869
a range +79000 +79100 2002 9001 1105.0591
a range +79000 +79100 2003 1002 1104.869
a range +79000 +79100 9001 2002 1105.0591
a range +79100 +79700 2001 2007 0.0346
a range +79100 +79700 2007 2001 0.0346
a range +79700 +80300 1001 2012 1105.0749
a range +79700 +80300 2012 1001 1105.0749
a range +80500 +81100 2008 2011 0.0154
a range +80500 +81100 2011 2008 0.0154
a range +81300 +81800 2006 2015 0.0374
a range +81600 +81800 2008 9001 1105.0613
a range +81300 +81800 2015 2006 0.0374
a range +81600 +81800 9001 2008 1105.0613
a range +82200 +82500 1002 2004 1105.0665
a range +82200 +82500 2004 1002 1105.0665
a range +82500 +83100 2012 9001 1105.0594
a range +82500 +83100 9001 2012 1105.0594
a range +83300 +83700 2008 2016 0.0349
a range +83300 +83700 2016 2008 0.0349
a range +85000 +85600 2001 2005 0.034
a range +85000 +85600 2005 2001 0.034
a range +85600 +85700 1002 2005 1105.0329
a range +85600 +85700 2001 2010 0.031
a range +85600 +85700 2005 1002 1105.0329
a range +85600 +85700 2010 2001 0.031
