a contact +100 +200 2002 9002 1000
a contact +100 +200 2014 2037 1000
a contact +100 +200 2037 2014 1000
a contact +100 +200 9002 2002 1000
a contact +200 +300 2014 2036 1000
a contact +200 +300 2036 2014 1000
a contact +300 +400 2010 2039 1000
a contact +300 +400 2018 2031 1000
a contact +300 +400 2031 2018 1000
a contact +300 +400 2039 2010 1000
a contact +400 +500 2018 2030 1000
a contact +400 +500 2030 2018 1000
a contact +800 +900 2022 2031 1000
a contact +800 +900 2031 2022 1000
a contact +900 +1000 2016 2037 1000
a contact +900 +1000 2037 2016 1000
a contact +1000 +1100 1003 2007 1000
a contact +1000 +1100 2007 1003 1000
a contact +1100 +1200 2002 2042 1000
a contact +1100 +1200 2042 2002 1000
a contact +1200 +1300 2006 2042 1000
a contact +1200 +1300 2010 2023 1000
a contact +1200 +1300 2013 2026 1000
a contact +1200 +1300 2023 2010 1000
a contact +1200 +1300 2026 2013 1000
a contact +1200 +1300 2042 2006 1000
a contact +1300 +1400 2016 2036 1000
a contact +1300 +1400 2036 2016 1000
a contact +1700 +1800 1001 1003 1000
a contact +1700 +1800 1003 1001 1000
a contact +1800 +1900 2020 9002 1000
a contact +1800 +1900 9002 2020 1000
a contact +1900 +2000 2020 9001 1000
a contact +1900 +2000 9001 2020 1000
a contact +2200 +2300 1002 2003 1000
a contact +2200 +2300 2003 1002 1000
a contact +2300 +2400 1001 1003 1000
a contact +2300 +2400 1003 1001 1000
a contact +2300 +2400 2014 2025 1000
a contact +2300 +2400 2025 2014 1000
a contact +2500 +2600 2014 2022 1000
a contact +2500 +2600 2022 2014 1000
a contact +2700 +2800 2012 2040 1000
a contact +2700 +2800 2040 2012 1000
a contact +3000 +3100 2011 2020 1000
a contact +3000 +3100 2020 2011 1000
a contact +3100 +3200 2009 2019 1000
a contact +3100 +3200 2019 2009 1000
a contact +3400 +3500 2005 2014 1000
a contact +3400 +3500 2014 2005 1000
a contact +3400 +3500 2030 2041 1000
a contact +3400 +3500 2041 2030 1000
a contact +3500 +3600 2022 2040 1000
a contact +3500 +3600 2040 2022 1000
a contact +4000 +4100 2015 2029 1000
a contact +4000 +4100 2029 2015 1000
a contact +4500 +4600 2020 2029 1000
a contact +4500 +4600 2029 2020 1000
a contact +4600 +4700 2018 2031 1000
a contact +4600 +4700 2031 2018 1000
a contact +4800 +4900 1001 2037 1000
a contact +4800 +4900 2001 2015 1000
a contact +4800 +4900 2015 2001 1000
a contact +4800 +4900 2037 1001 1000
a contact +4900 +5000 2003 2005 1000
a contact +4900 +5000 2004 9001 1000
a contact +4900 +5000 2005 2003 1000
a contact +4900 +5000 9001 2004 1000
a contact +5000 +5100 2003 2004 1000
a contact +5000 +5100 2004 2003 1000
a contact +5400 +5500 2029 2043 1000
a contact +5400 +5500 2043 2029 1000
a contact +5600 +5700 1003 9003 1000
a contact +5600 +5700 9003 1003 1000
a contact +6100 +6200 1001 2014 1000
a contact +6100 +6200 2014 1001 1000
a contact +6200 +6300 1001 2011 1000
a contact +6200 +6300 2011 1001 1000
a contact +6300 +6400 2015 2017 1000
a contact +6300 +6400 2016 2026 1000
a contact +6300 +6400 2017 2015 1000
a contact +6300 +6400 2026 2016 1000
a contact +6400 +6500 1001 2009 1000
a contact +6400 +6500 2009 1001 1000
a contact +6500 +6600 1001 2006 1000
a contact +6500 +6600 2006 1001 1000
a contact +6500 +6600 2015 2016 1000
a contact +6500 +6600 2016 2015 1000
a contact +6600 +6700 2020 2044 1000
a contact +6600 +6700 2044 2020 1000
a contact +6800 +6900 2005 2036 1000
a contact +6800 +6900 2036 2005 1000
a contact +6900 +7000 2016 9001 1000
a contact +6900 +7000 9001 2016 1000
a contact +7000 +7100 2025 9001 1000
a contact +7000 +7100 2029 2040 1000
a contact +7000 +7100 2040 2029 1000
a contact +7000 +7100 9001 2025 1000
a contact +7100 +7200 2003 2015 1000
a contact +7100 +7200 2015 2003 1000
a contact +7200 +7300 2002 2015 1000
a contact +7200 +7300 2015 2002 1000
a contact +7600 +7700 2033 2041 1000
a contact +7600 +7700 2041 2033 1000
a contact +8100 +8200 1002 2032 1000
a contact +8100 +8200 2009 2011 1000
a contact +8100 +8200 2011 2009 1000
a contact +8100 +8200 2032 1002 1000
a contact +8400 +8500 1001 2038 1000
a contact +8400 +8500 2038 1001 1000
a contact +8600 +8700 2022 2029 1000
a contact +8600 +8700 2029 2022 1000
a contact +8800 +8900 1001 2042 1000
a contact +8800 +8900 2042 1001 1000
a contact +9000 +9100 2012 2036 1000
a contact +9000 +9100 2023 2025 1000
a contact +9000 +9100 2025 2023 1000
a contact +9000 +9100 2036 2012 1000
a contact +9500 +9600 2020 9002 1000
a contact +9500 +9600 9002 2020 1000
a contact +9600 +9700 2009 2032 1000
a contact +9600 +9700 2032 2009 1000
a contact +9700 +9800 2016 2024 1000
a contact +9700 +9800 2024 2016 1000
a contact +9800 +9900 2011 2032 1000
a contact +9800 +9900 2032 2011 1000
a contact +10000 +10100 2017 2042 1000
a contact +10000 +10100 2042 2017 1000
a contact +10100 +10200 2031 2044 1000
a contact +10100 +10200 2044 2031 1000
a contact +10300 +10400 1003 2019 1000
a contact +10300 +10400 2012 2026 1000
a contact +10300 +10400 2019 1003 1000
a contact +10300 +10400 2026 2012 1000
a contact +10500 +10600 2026 2039 1000
a contact +10500 +10600 2039 2026 1000
a contact +10700 +10800 2013 2025 1000
a contact +10700 +10800 2025 2013 1000
a contact +10800 +10900 1003 2034 1000
a contact +10800 +10900 2034 1003 1000
a contact +10900 +11000 2002 2035 1000
a contact +10900 +11000 2035 2002 1000
a contact +11000 +11100 2002 2034 1000
a contact +11000 +11100 2006 2030 1000
a contact +11000 +11100 2007 2025 1000
a contact +11000 +11100 2012 2023 1000
a contact +11000 +11100 2023 2012 1000
a contact +11000 +11100 2025 2007 1000
a contact +11000 +11100 2030 2006 1000
a contact +11000 +11100 2034 2002 1000
a contact +11300 +11400 2020 2038 1000
a contact +11300 +11400 2038 2020 1000
a contact +11500 +11600 2011 2023 1000
a contact +11500 +11600 2023 2011 1000
a contact +12000 +12100 2021 2037 1000
a contact +12000 +12100 2037 2021 1000
a contact +12100 +12200 1002 2030 1000
a contact +12100 +12200 2030 1002 1000
a contact +12300 +12400 2017 2018 1000
a contact +12300 +12400 2018 2017 1000
a contact +12400 +12500 1002 2032 1000
a contact +12400 +12500 2003 2004 1000
a contact +12400 +12500 2004 2003 1000
a contact +12400 +12500 2020 2033 1000
a contact +12400 +12500 2032 1002 1000
a contact +12400 +12500 2033 2020 1000
a contact +12500 +12600 1001 2036 1000
a contact +12500 +12600 2022 2024 1000
a contact +12500 +12600 2024 2022 1000
a contact +12500 +12600 2036 1001 1000
a contact +12800 +12900 2011 2030 1000
a contact +12800 +12900 2030 2011 1000
a contact +13200 +13300 2020 2029 1000
a contact +13200 +13300 2029 2020 1000
a contact +13300 +13400 1002 2015 1000
a contact +13300 +13400 2015 1002 1000
a contact +13900 +14000 2024 2026 1000
a contact +13900 +14000 2026 2024 1000
a contact +14100 +14200 2017 2037 1000
a contact +14100 +14200 2037 2017 1000
a contact +14400 +14500 2021 9001 1000
a contact +14400 +14500 9001 2021 1000
a contact +14800 +14900 1002 2005 1000
a contact +14800 +14900 2005 1002 1000
a contact +14800 +14900 2011 2039 1000
a contact +14800 +14900 2014 2042 1000
a contact +14800 +14900 2039 2011 1000
a contact +14800 +14900 2042 2014 1000
a contact +15200 +15300 2018 2036 1000
a contact +15200 +15300 2036 2018 1000
a contact +15400 +15500 2024 2043 1000
a contact +15400 +15500 2043 2024 1000
a contact +15500 +15600 2006 2042 1000
a contact +15500 +15600 2042 2006 1000
a contact +15600 +15700 2010 2022 1000
a contact +15600 +15700 2022 2010 1000
a contact +16000 +16100 2031 2039 1000
a contact +16000 +16100 2039 2031 1000
a contact +16500 +16600 2018 2032 1000
a contact +16500 +16600 2032 2018 1000
a contact +16700 +16800 2037 2038 1000
a contact +16700 +16800 2038 2037 1000
a contact +17200 +17300 2002 2011 1000
a contact +17200 +17300 2005 2014 1000
a contact +17200 +17300 2011 2002 1000
a contact +17200 +17300 2014 2005 1000
a contact +17500 +17600 2020 2029 1000
a contact +17500 +17600 2029 2020 1000
a contact +17600 +17700 2015 2038 1000
a contact +17600 +17700 2038 2015 1000
a contact +18100 +18200 2012 2037 1000
a contact +18100 +18200 2037 2012 1000
a contact +18200 +18300 2035 9002 1000
a contact +18200 +18300 9002 2035 1000
a contact +18300 +18400 2008 2021 1000
a contact +18300 +18400 2021 2008 1000
a contact +18400 +18500 2007 2042 1000
a contact +18400 +18500 2014 2033 1000
a contact +18400 +18500 2026 2037 1000
a contact +18400 +18500 2033 2014 1000
a contact +18400 +18500 2037 2026 1000
a contact +18400 +18500 2042 2007 1000
a contact +18500 +18600 2036 9002 1000
a contact +18500 +18600 9002 2036 1000
a contact +18600 +18700 2002 2043 1000
a contact +18600 +18700 2043 2002 1000
a contact +18700 +18800 1003 2007 1000
a contact +18700 +18800 2007 1003 1000
a contact +19300 +19400 1002 9001 1000
a contact +19300 +19400 9001 1002 1000
a contact +19600 +19700 2015 9002 1000
a contact +19600 +19700 9002 2015 1000
a contact +19700 +19800 2001 2030 1000
a contact +19700 +19800 2030 2001 1000
a contact +19800 +19900 2003 2028 1000
a contact +19800 +19900 2018 2042 1000
a contact +19800 +19900 2028 2003 1000
a contact +19800 +19900 2042 2018 1000
a contact +19900 +20000 2003 2034 1000
a contact +19900 +20000 2034 2003 1000
a contact +20000 +20100 2031 9002 1000
a contact +20000 +20100 9002 2031 1000
a contact +20100 +20200 2011 2023 1000
a contact +20100 +20200 2023 2011 1000
a contact +20400 +20500 2018 2026 1000
a contact +20400 +20500 2026 2018 1000
a contact +20400 +20500 2037 2038 1000
a contact +20400 +20500 2038 2037 1000
a contact +20500 +20600 2007 2009 1000
a contact +20500 +20600 2009 2007 1000
a contact +20900 +21000 1003 2036 1000
a contact +20900 +21000 2019 2031 1000
a contact +20900 +21000 2031 2019 1000
a contact +20900 +21000 2036 1003 1000
a contact +21000 +21100 2004 2012 1000
a contact +21000 +21100 2012 2004 1000
a contact +21000 +21100 2020 2033 1000
a contact +21000 +21100 2033 2020 1000
a contact +21100 +21200 2005 2006 1000
a contact +21100 +21200 2006 2005 1000
a contact +21200 +21300 2016 2025 1000
a contact +21200 +21300 2025 2016 1000
a contact +21400 +21500 2007 2040 1000
a contact +21400 +21500 2013 2025 1000
a contact +21400 +21500 2020 2027 1000
a contact +21400 +21500 2025 2013 1000
a contact +21400 +21500 2027 2020 1000
a contact +21400 +21500 2040 2007 1000
a contact +21500 +21600 2010 2025 1000
a contact +21500 +21600 2025 2010 1000
a contact +21600 +21700 2010 2036 1000
a contact +21600 +21700 2036 2010 1000
a contact +21700 +21800 2023 2031 1000
a contact +21700 +21800 2031 2023 1000
a contact +21800 +21900 2020 2021 1000
a contact +21800 +21900 2021 2020 1000
a contact +22100 +22200 2029 2031 1000
a contact +22100 +22200 2031 2029 1000
a contact +22200 +22300 2030 2031 1000
a contact +22200 +22300 2031 2030 1000
a contact +22400 +22500 1003 2020 1000
a contact +22400 +22500 2006 2024 1000
a contact +22400 +22500 2020 1003 1000
a contact +22400 +22500 2024 2006 1000
a contact +22600 +22700 2026 2038 1000
a contact +22600 +22700 2038 2026 1000
a contact +22800 +22900 2008 2018 1000
a contact +22800 +22900 2018 2008 1000
a contact +23100 +23200 2010 2032 1000
a contact +23100 +23200 2032 2010 1000
a contact +23300 +23400 1002 2002 1000
a contact +23300 +23400 2002 1002 1000
a contact +23600 +23700 2018 2043 1000
a contact +23600 +23700 2043 2018 1000
a contact +23700 +23800 2024 2038 1000
a contact +23700 +23800 2038 2024 1000
a contact +23900 +24000 2010 2029 1000
a contact +23900 +24000 2011 2023 1000
a contact +23900 +24000 2023 2011 1000
a contact +23900 +24000 2029 2010 1000
a contact +24000 +24100 2010 2023 1000
a contact +24000 +24100 2023 2010 1000
a contact +24200 +24300 2021 2039 1000
a contact +24200 +24300 2039 2021 1000
a contact +24700 +24800 2022 2023 1000
a contact +24700 +24800 2023 2022 1000
a contact +24700 +24800 2024 2033 1000
a contact +24700 +24800 2033 2024 1000
a contact +24900 +25000 1003 2025 1000
a contact +24900 +25000 2019 2034 1000
a contact +24900 +25000 2025 1003 1000
a contact +24900 +25000 2034 2019 1000
a contact +25000 +25100 2018 2032 1000
a contact +25000 +25100 2032 2018 1000
a contact +25000 +25100 2038 2039 1000
a contact +25000 +25100 2039 2038 1000
a contact +25200 +25300 1002 2002 1000
a contact +25200 +25300 2002 1002 1000
a contact +25500 +25600 2012 2034 1000
a contact +25500 +25600 2022 2033 1000
a contact +25500 +25600 2033 2022 1000
a contact +25500 +25600 2034 2012 1000
a contact +25600 +25700 2007 2036 1000
a contact +25600 +25700 2036 2007 1000
a contact +25900 +26000 2017 2026 1000
a contact +25900 +26000 2026 2017 1000
a contact +26000 +26100 1001 2015 1000
a contact +26000 +26100 1002 2018 1000
a contact +26000 +26100 2004 2017 1000
a contact +26000 +26100 2015 1001 1000
a contact +26000 +26100 2017 2004 1000
a contact +26000 +26100 2018 1002 1000
a contact +26200 +26300 2012 2036 1000
a contact +26200 +26300 2036 2012 1000
a contact +26400 +26500 2017 2038 1000
a contact +26400 +26500 2027 2040 1000
a contact +26400 +26500 2038 2017 1000
a contact +26400 +26500 2040 2027 1000
a contact +26500 +26600 2026 2037 1000
a contact +26500 +26600 2037 2026 1000
a contact +27200 +27300 2032 2040 1000
a contact +27200 +27300 2040 2032 1000
a contact +27500 +27600 2030 2039 1000
a contact +27500 +27600 2039 2030 1000
a contact +28300 +28400 2023 2038 1000
a contact +28300 +28400 2038 2023 1000
a contact +28600 +28700 1003 2035 1000
a contact +28600 +28700 2035 1003 1000
a contact +29000 +29100 2021 2028 1000
a contact +29000 +29100 2028 2021 1000
a contact +29200 +29300 1003 2030 1000
a contact +29200 +29300 2005 2043 1000
a contact +29200 +29300 2030 1003 1000
a contact +29200 +29300 2043 2005 1000
a contact +29400 +29500 2011 2044 1000
a contact +29400 +29500 2044 2011 1000
a contact +29600 +29700 1002 2037 1000
a contact +29600 +29700 2014 2036 1000
a contact +29600 +29700 2036 2014 1000
a contact +29600 +29700 2037 1002 1000
a contact +29800 +29900 2016 2038 1000
a contact +29800 +29900 2038 2016 1000
a contact +29900 +30000 1001 2010 1000
a contact +29900 +30000 2001 2023 1000
a contact +29900 +30000 2010 1001 1000
a contact +29900 +30000 2023 2001 1000
a contact +30100 +30200 2021 2044 1000
a contact +30100 +30200 2044 2021 1000
a contact +30200 +30300 2010 2039 1000
a contact +30200 +30300 2039 2010 1000
a contact +30400 +30500 2009 2018 1000
a contact +30400 +30500 2018 2009 1000
a contact +30800 +30900 2003 2016 1000
a contact +30800 +30900 2016 2003 1000
a contact +31200 +31300 2004 2023 1000
a contact +31200 +31300 2023 2004 1000
a contact +31300 +31400 2005 2030 1000
a contact +31300 +31400 2030 2005 1000
a contact +31500 +31600 2004 2027 1000
a contact +31500 +31600 2010 2025 1000
a contact +31500 +31600 2025 2010 1000
a contact +31500 +31600 2027 2004 1000
a contact +31700 +31800 2029 2039 1000
a contact +31700 +31800 2039 2029 1000
a contact +31900 +32000 2005 2031 1000
a contact +31900 +32000 2031 2005 1000
a contact +32000 +32100 2007 2021 1000
a contact +32000 +32100 2021 2007 1000
a contact +32500 +32600 1003 9001 1000
a contact +32500 +32600 2019 2026 1000
a contact +32500 +32600 2026 2019 1000
a contact +32500 +32600 9001 1003 1000
a contact +32700 +32800 2008 2042 1000
a contact +32700 +32800 2015 2017 1000
a contact +32700 +32800 2017 2015 1000
a contact +32700 +32800 2042 2008 1000
a contact +32800 +32900 2008 2043 1000
a contact +32800 +32900 2017 2031 1000
a contact +32800 +32900 2031 2017 1000
a contact +32800 +32900 2043 2008 1000
a contact +32900 +33000 1002 2025 1000
a contact +32900 +33000 2025 1002 1000
a contact +33000 +33100 1002 2036 1000
a contact +33000 +33100 2017 2030 1000
a contact +33000 +33100 2021 2029 1000
a contact +33000 +33100 2024 2032 1000
a contact +33000 +33100 2029 2021 1000
a contact +33000 +33100 2030 2017 1000
a contact +33000 +33100 2032 2024 1000
a contact +33000 +33100 2036 1002 1000
a contact +33100 +33200 2005 2007 1000
a contact +33100 +33200 2007 2005 1000
a contact +33200 +33300 2006 2008 1000
a contact +33200 +33300 2008 2006 1000
a contact +33600 +33700 2013 9002 1000
a contact +33600 +33700 2015 2029 1000
a contact +33600 +33700 2029 2015 1000
a contact +33600 +33700 9002 2013 1000
a contact +33700 +33800 2039 2041 1000
a contact +33700 +33800 2041 2039 1000
a contact +33700 +33800 2042 2044 1000
a contact +33700 +33800 2044 2042 1000
a contact +33900 +34000 1001 2008 1000
a contact +33900 +34000 2008 1001 1000
a contact +34100 +34200 1001 2044 1000
a contact +34100 +34200 2044 1001 1000
a contact +34200 +34300 2011 2035 1000
a contact +34200 +34300 2035 2011 1000
a contact +34300 +34400 1001 2042 1000
a contact +34300 +34400 2002 2040 1000
a contact +34300 +34400 2040 2002 1000
a contact +34300 +34400 2042 1001 1000
a contact +34500 +34600 2004 2014 1000
a contact +34500 +34600 2014 2004 1000
a contact +34600 +34700 2001 2021 1000
a contact +34600 +34700 2021 2001 1000
a contact +34700 +34800 2026 9002 1000
a contact +34700 +34800 9002 2026 1000
a contact +35000 +35100 2024 2043 1000
a contact +35000 +35100 2043 2024 1000
a contact +35200 +35300 2030 2042 1000
a contact +35200 +35300 2032 2044 1000
a contact +35200 +35300 2042 2030 1000
a contact +35200 +35300 2044 2032 1000
a contact +35400 +35500 2005 2029 1000
a contact +35400 +35500 2029 2005 1000
a contact +35400 +35500 2030 2041 1000
a contact +35400 +35500 2041 2030 1000
a contact +35700 +35800 2021 2037 1000
a contact +35700 +35800 2037 2021 1000
a contact +35800 +35900 2016 2042 1000
a contact +35800 +35900 2042 2016 1000
a contact +35900 +36000 1001 2023 1000
a contact +35900 +36000 2023 1001 1000
a contact +36100 +36200 2001 2029 1000
a contact +36100 +36200 2029 2001 1000
a contact +36300 +36400 2007 2021 1000
a contact +36300 +36400 2021 2007 1000
a contact +36800 +36900 2007 2022 1000
a contact +36800 +36900 2022 2007 1000
a contact +37300 +37400 1002 2004 1000
a contact +37300 +37400 2004 1002 1000
a contact +37300 +37400 2041 2043 1000
a contact +37300 +37400 2043 2041 1000
a contact +37700 +37800 2001 2037 1000
a contact +37700 +37800 2037 2001 1000
a contact +37900 +38000 2015 2023 1000
a contact +37900 +38000 2023 2015 1000
a contact +38100 +38200 2023 2033 1000
a contact +38100 +38200 2033 2023 1000
a contact +38500 +38600 2028 2043 1000
a contact +38500 +38600 2043 2028 1000
a contact +39200 +39300 2007 2032 1000
a contact +39200 +39300 2032 2007 1000
a contact +39400 +39500 2031 9002 1000
a contact +39400 +39500 9002 2031 1000
a contact +39500 +39600 1002 9001 1000
a contact +39500 +39600 9001 1002 1000
a contact +39600 +39700 2008 2028 1000
a contact +39600 +39700 2028 2008 1000
a contact +39700 +39800 2030 2041 1000
a contact +39700 +39800 2041 2030 1000
a contact +39900 +40000 1002 1003 1000
a contact +39900 +40000 1003 1002 1000
a contact +39900 +40000 2028 2038 1000
a contact +39900 +40000 2038 2028 1000
a contact +40300 +40400 2005 2026 1000
a contact +40300 +40400 2015 2044 1000
a contact +40300 +40400 2018 9003 1000
a contact +40300 +40400 2026 2005 1000
a contact +40300 +40400 2044 2015 1000
a contact +40300 +40400 9003 2018 1000
a contact +40400 +40500 2008 2023 1000
a contact +40400 +40500 2022 2042 1000
a contact +40400 +40500 2023 2008 1000
a contact +40400 +40500 2042 2022 1000
a contact +40500 +40600 2006 2019 1000
a contact +40500 +40600 2017 9003 1000
a contact +40500 +40600 2019 2006 1000
a contact +40500 +40600 9003 2017 1000
a contact +40600 +40700 2011 2023 1000
a contact +40600 +40700 2023 2011 1000
a contact +41100 +41200 2020 2022 1000
a contact +41100 +41200 2022 2020 1000
a contact +41600 +41700 2018 2027 1000
a contact +41600 +41700 2027 2018 1000
a contact +41700 +41800 1002 2030 1000
a contact +41700 +41800 2006 2034 1000
a contact +41700 +41800 2008 9002 1000
a contact +41700 +41800 2021 2022 1000
a contact +41700 +41800 2022 2021 1000
a contact +41700 +41800 2030 1002 1000
a contact +41700 +41800 2034 2006 1000
a contact +41700 +41800 9002 2008 1000
a contact +42200 +42300 2009 2011 1000
a contact +42200 +42300 2011 2009 1000
a contact +42300 +42400 1002 2022 1000
a contact +42300 +42400 2022 1002 1000
a contact +42800 +42900 2001 2026 1000
a contact +42800 +42900 2026 2001 1000
a contact +43000 +43100 1003 2017 1000
a contact +43000 +43100 2017 1003 1000
a contact +43000 +43100 2031 2040 1000
a contact +43000 +43100 2040 2031 1000
a contact +43200 +43300 2009 2020 1000
a contact +43200 +43300 2013 2036 1000
a contact +43200 +43300 2020 2009 1000
a contact +43200 +43300 2032 2040 1000
a contact +43200 +43300 2036 2013 1000
a contact +43200 +43300 2040 2032 1000
a contact +43300 +43400 2014 2035 1000
a contact +43300 +43400 2035 2014 1000
a contact +43500 +43600 2025 2037 1000
a contact +43500 +43600 2037 2025 1000
a contact +43600 +43700 2025 9003 1000
a contact +43600 +43700 9003 2025 1000
a contact +43800 +43900 2023 2037 1000
a contact +43800 +43900 2037 2023 1000
a contact +43900 +44000 2032 2043 1000
a contact +43900 +44000 2043 2032 1000
a contact +44200 +44300 2025 2040 1000
a contact +44200 +44300 2040 2025 1000
a contact +44600 +44700 1002 2044 1000
a contact +44600 +44700 2044 1002 1000
a contact +45100 +45300 1001 9001 1000
a contact +45100 +45300 9001 1001 1000
a contact +45600 +45700 2018 2030 1000
a contact +45600 +45700 2030 2018 1000
a contact +45700 +45800 2010 2043 1000
a contact +45700 +45800 2043 2010 1000
a contact +45800 +45900 2006 2007 1000
a contact +45800 +45900 2007 2006 1000
a contact +45900 +46000 2023 2032 1000
a contact +45900 +46000 2032 2023 1000
a contact +46200 +46300 2039 9003 1000
a contact +46200 +46300 9003 2039 1000
a contact +46500 +46600 2005 2007 1000
a contact +46500 +46600 2007 2005 1000
a contact +46600 +46700 2005 2006 1000
a contact +46600 +46700 2006 2005 1000
a contact +46600 +46700 2019 2029 1000
a contact +46600 +46700 2029 2019 1000
a contact +46900 +47000 2011 9003 1000
a contact +46900 +47000 9003 2011 1000
a contact +47200 +47300 2004 2018 1000
a contact +47200 +47300 2018 2004 1000
a contact +48000 +48100 1003 2023 1000
a contact +48000 +48100 2023 1003 1000
a contact +48100 +48200 2003 2027 1000
a contact +48100 +48200 2006 2030 1000
a contact +48100 +48200 2027 2003 1000
a contact +48100 +48200 2030 2006 1000
a contact +48200 +48300 2032 2041 1000
a contact +48200 +48300 2041 2032 1000
a contact +48300 +48400 2002 2034 1000
a contact +48300 +48400 2034 2002 1000
a contact +48600 +48700 2001 2033 1000
a contact +48600 +48700 2020 2040 1000
a contact +48600 +48700 2033 2001 1000
a contact +48600 +48700 2040 2020 1000
a contact +48800 +48900 2007 2025 1000
a contact +48800 +48900 2011 2015 1000
a contact +48800 +48900 2015 2011 1000
a contact +48800 +48900 2025 2007 1000
a contact +48900 +49000 2001 2021 1000
a contact +48900 +49000 2011 2026 1000
a contact +48900 +49000 2021 2001 1000
a contact +48900 +49000 2026 2011 1000
a contact +49100 +49200 2014 2025 1000
a contact +49100 +49200 2025 2014 1000
a contact +49500 +49600 2021 2031 1000
a contact +49500 +49600 2031 2021 1000
a contact +49600 +49700 2006 2042 1000
a contact +49600 +49700 2042 2006 1000
a contact +49800 +49900 2006 2035 1000
a contact +49800 +49900 2019 2020 1000
a contact +49800 +49900 2020 2019 1000
a contact +49800 +49900 2035 2006 1000
a contact +49900 +50000 1003 9001 1000
a contact +49900 +50000 9001 1003 1000
a contact +50000 +50100 2023 2031 1000
a contact +50000 +50100 2029 2030 1000
a contact +50000 +50100 2030 2029 1000
a contact +50000 +50100 2031 2023 1000
a contact +50100 +50200 2019 2028 1000
a contact +50100 +50200 2028 2019 1000
a contact +50300 +50400 2022 2030 1000
a contact +50300 +50400 2030 2022 1000
a contact +50400 +50500 2006 2008 1000
a contact +50400 +50500 2008 2006 1000
a contact +50400 +50500 2028 2029 1000
a contact +50400 +50500 2029 2028 1000
a contact +50500 +50600 2016 2029 1000
a contact +50500 +50600 2029 2016 1000
a contact +50600 +50700 2027 2028 1000
a contact +50600 +50700 2028 2027 1000
a contact +50600 +50700 2040 2042 1000
a contact +50600 +50700 2042 2040 1000
a contact +50800 +50900 2017 2031 1000
a contact +50800 +50900 2031 2017 1000
a contact +51000 +51100 2018 2031 1000
a contact +51000 +51100 2031 2018 1000
a contact +51700 +51800 2009 2017 1000
a contact +51700 +51800 2017 2009 1000
a contact +52200 +52300 1003 2022 1000
a contact +52200 +52300 2022 1003 1000
a contact +52300 +52400 2022 2043 1000
a contact +52300 +52400 2043 2022 1000
a contact +52600 +52700 1003 2023 1000
a contact +52600 +52700 2023 1003 1000
a contact +53200 +53300 2007 2025 1000
a contact +53200 +53300 2025 2007 1000
a contact +53300 +53400 2004 2013 1000
a contact +53300 +53400 2013 2004 1000
a contact +53400 +53500 1003 2030 1000
a contact +53400 +53500 2030 1003 1000
a contact +54000 +54100 2003 2044 1000
a contact +54000 +54100 2044 2003 1000
a contact +54200 +54300 2015 2023 1000
a contact +54200 +54300 2023 2015 1000
a contact +54400 +54500 2018 2019 1000
a contact +54400 +54500 2019 2018 1000
a contact +54500 +54600 2039 2041 1000
a contact +54500 +54600 2041 2039 1000
a contact +54800 +54900 2015 2027 1000
a contact +54800 +54900 2027 2015 1000
a contact +54900 +55000 2018 2031 1000
a contact +54900 +55000 2019 2033 1000
a contact +54900 +55000 2031 2018 1000
a contact +54900 +55000 2033 2019 1000
a contact +55100 +55200 2005 2042 1000
a contact +55100 +55200 2018 2032 1000
a contact +55100 +55200 2032 2018 1000
a contact +55100 +55200 2042 2005 1000
a contact +55400 +55500 2004 2031 1000
a contact +55400 +55500 2031 2004 1000
a contact +55500 +55600 2005 2024 1000
a contact +55500 +55600 2024 2005 1000
a contact +55500 +55600 2026 9003 1000
a contact +55500 +55600 9003 2026 1000
a contact +55600 +55700 2016 2038 1000
a contact +55600 +55700 2038 2016 1000
a contact +55700 +55800 2005 2034 1000
a contact +55700 +55800 2034 2005 1000
a contact +56000 +56100 2007 2016 1000
a contact +56000 +56100 2016 2007 1000
a contact +56300 +56400 2006 2033 1000
a contact +56300 +56400 2033 2006 1000
a contact +56600 +56700 2007 2018 1000
a contact +56600 +56700 2018 2007 1000
a contact +56700 +56800 2017 2044 1000
a contact +56700 +56800 2044 2017 1000
a contact +57000 +57100 2011 2022 1000
a contact +57000 +57100 2022 2011 1000
a contact +57100 +57200 2010 2018 1000
a contact +57100 +57200 2018 2010 1000
a contact +57200 +57300 2010 2028 1000
a contact +57200 +57300 2028 2010 1000
a contact +58200 +58300 2006 2037 1000
a contact +58200 +58300 2037 2006 1000
a contact +58300 +58400 1002 2023 1000
a contact +58300 +58400 2023 1002 1000
a contact +58400 +58500 2003 2039 1000
a contact +58400 +58500 2039 2003 1000
a contact +58600 +58700 2005 2042 1000
a contact +58600 +58700 2042 2005 1000
a contact +58700 +58800 2007 2039 1000
a contact +58700 +58800 2039 2007 1000
a contact +58800 +58900 1002 2030 1000
a contact +58800 +58900 2030 1002 1000
a contact +58900 +59000 1002 2031 1000
a contact +58900 +59000 1003 2034 1000
a contact +58900 +59000 2002 2037 1000
a contact +58900 +59000 2031 1002 1000
a contact +58900 +59000 2034 1003 1000
a contact +58900 +59000 2037 2002 1000
a contact +59000 +59100 2017 2029 1000
a contact +59000 +59100 2029 2017 1000
a contact +59100 +59200 2004 2043 1000
a contact +59100 +59200 2020 2027 1000
a contact +59100 +59200 2027 2020 1000
a contact +59100 +59200 2043 2004 1000
a contact +59200 +59300 2020 2022 1000
a contact +59200 +59300 2022 2020 1000
a contact +59400 +59500 2017 2030 1000
a contact +59400 +59500 2030 2017 1000
a contact +59500 +59600 2034 2043 1000
a contact +59500 +59600 2043 2034 1000
a contact +59600 +59700 2002 2035 1000
a contact +59600 +59700 2035 2002 1000
a contact +59700 +59800 2013 2036 1000
a contact +59700 +59800 2036 2013 1000
a contact +60000 +60100 1001 2040 1000
a contact +60000 +60100 2040 1001 1000
a contact +60200 +60300 2015 2037 1000
a contact +60200 +60300 2037 2015 1000
a contact +60700 +60800 1001 2039 1000
a contact +60700 +60800 2020 2043 1000
a contact +60700 +60800 2026 2041 1000
a contact +60700 +60800 2039 1001 1000
a contact +60700 +60800 2041 2026 1000
a contact +60700 +60800 2043 2020 1000
a contact +60800 +60900 2014 2036 1000
a contact +60800 +60900 2036 2014 1000
a contact +61200 +61300 2003 2025 1000
a contact +61200 +61300 2025 2003 1000
a contact +61400 +61500 1002 2016 1000
a contact +61400 +61500 2003 2026 1000
a contact +61400 +61500 2016 1002 1000
a contact +61400 +61500 2026 2003 1000
a contact +61600 +61700 1001 2010 1000
a contact +61600 +61700 2008 2019 1000
a contact +61600 +61700 2010 1001 1000
a contact +61600 +61700 2019 2008 1000
a contact +61800 +61900 2019 2037 1000
a contact +61800 +61900 2037 2019 1000
a contact +62000 +62100 2007 2026 1000
a contact +62000 +62100 2012 2021 1000
a contact +62000 +62100 2021 2012 1000
a contact +62000 +62100 2026 2007 1000
a contact +62200 +62300 1003 2021 1000
a contact +62200 +62300 2021 1003 1000
a contact +62400 +62500 2032 2033 1000
a contact +62400 +62500 2033 2032 1000
a contact +62600 +62700 2012 2041 1000
a contact +62600 +62700 2041 2012 1000
a contact +62800 +62900 2018 2020 1000
a contact +62800 +62900 2020 2018 1000
a contact +62800 +62900 2034 2036 1000
a contact +62800 +62900 2036 2034 1000
a contact +63000 +63100 2025 2026 1000
a contact +63000 +63100 2026 2025 1000
a contact +63300 +63400 1003 2003 1000
a contact +63300 +63400 2003 1003 1000
a contact +63300 +63400 2007 2009 1000
a contact +63300 +63400 2009 2007 1000
a contact +63400 +63500 2040 2042 1000
a contact +63400 +63500 2042 2040 1000
a contact +63600 +63700 2008 2010 1000
a contact +63600 +63700 2010 2008 1000
a contact +63700 +63800 2017 2030 1000
a contact +63700 +63800 2030 2017 1000
a contact +63800 +63900 2006 2041 1000
a contact +63800 +63900 2020 2032 1000
a contact +63800 +63900 2032 2020 1000
a contact +63800 +63900 2041 2006 1000
a contact +64100 +64200 2005 2041 1000
a contact +64100 +64200 2041 2005 1000
a contact +64700 +64800 2012 2044 1000
a contact +64700 +64800 2044 2012 1000
a contact +64800 +64900 2029 2042 1000
a contact +64800 +64900 2032 9001 1000
a contact +64800 +64900 2042 2029 1000
a contact +64800 +64900 9001 2032 1000
a contact +65200 +65300 2025 9001 1000
a contact +65200 +65300 2027 2038 1000
a contact +65200 +65300 2030 2041 1000
a contact +65200 +65300 2038 2027 1000
a contact +65200 +65300 2041 2030 1000
a contact +65200 +65300 9001 2025 1000
a contact +65500 +65600 2009 2021 1000
a contact +65500 +65600 2021 2009 1000
a contact +65600 +65700 2017 2037 1000
a contact +65600 +65700 2037 2017 1000
a contact +65800 +65900 2001 2022 1000
a contact +65800 +65900 2002 2033 1000
a contact +65800 +65900 2022 2001 1000
a contact +65800 +65900 2033 2002 1000
a contact +66000 +66100 2008 2028 1000
a contact +66000 +66100 2021 2041 1000
a contact +66000 +66100 2028 2008 1000
a contact +66000 +66100 2041 2021 1000
a contact +66300 +66400 2008 2018 1000
a contact +66300 +66400 2017 2043 1000
a contact +66300 +66400 2018 2008 1000
a contact +66300 +66400 2043 2017 1000
a contact +66500 +66600 2011 2027 1000
a contact +66500 +66600 2019 9003 1000
a contact +66500 +66600 2027 2011 1000
a contact +66500 +66600 9003 2019 1000
a contact +66600 +66700 1001 2008 1000
a contact +66600 +66700 2008 1001 1000
a contact +66700 +66800 2010 2040 1000
a contact +66700 +66800 2015 2016 1000
a contact +66700 +66800 2016 2015 1000
a contact +66700 +66800 2040 2010 1000
a contact +66900 +67000 1003 2008 1000
a contact +66900 +67000 2001 2010 1000
a contact +66900 +67000 2008 1003 1000
a contact +66900 +67000 2010 2001 1000
a contact +67000 +67100 1002 2037 1000
a contact +67000 +67100 2037 1002 1000
a contact +67200 +67300 1002 2035 1000
a contact +67200 +67300 2007 2042 1000
a contact +67200 +67300 2035 1002 1000
a contact +67200 +67300 2042 2007 1000
a contact +67300 +67400 1003 2036 1000
a contact +67300 +67400 2005 2007 1000
a contact +67300 +67400 2007 2005 1000
a contact +67300 +67400 2011 9001 1000
a contact +67300 +67400 2036 1003 1000
a contact +67300 +67400 9001 2011 1000
a contact +67400 +67500 1003 2037 1000
a contact +67400 +67500 2001 2014 1000
a contact +67400 +67500 2014 2001 1000
a contact +67400 +67500 2037 1003 1000
a contact +67700 +67800 2016 2028 1000
a contact +67700 +67800 2028 2016 1000
a contact +67900 +68000 1003 2034 1000
a contact +67900 +68000 2034 1003 1000
a contact +68000 +68100 2018 2031 1000
a contact +68000 +68100 2031 2018 1000
a contact +68100 +68200 1001 2027 1000
a contact +68100 +68200 2003 2014 1000
a contact +68100 +68200 2014 2003 1000
a contact +68100 +68200 2023 2031 1000
a contact +68100 +68200 2027 1001 1000
a contact +68100 +68200 2031 2023 1000
a contact +68200 +68300 2042 2044 1000
a contact +68200 +68300 2044 2042 1000
a contact +68400 +68500 2030 9001 1000
a contact +68400 +68500 9001 2030 1000
a contact +68500 +68600 1002 2026 1000
a contact +68500 +68600 2002 2012 1000
a contact +68500 +68600 2012 2002 1000
a contact +68500 +68600 2016 2025 1000
a contact +68500 +68600 2025 2016 1000
a contact +68500 +68600 2026 1002 1000
a contact +68600 +68700 2008 2044 1000
a contact +68600 +68700 2044 2008 1000
a contact +69600 +69700 2029 2039 1000
a contact +69600 +69700 2039 2029 1000
a contact +69800 +69900 2019 2041 1000
a contact +69800 +69900 2041 2019 1000
a contact +70300 +70400 2010 2024 1000
a contact +70300 +70400 2024 2010 1000
a contact +70400 +70500 2002 2021 1000
a contact +70400 +70500 2021 2002 1000
a contact +70800 +70900 2012 2024 1000
a contact +70800 +70900 2024 2012 1000
a contact +70800 +70900 2034 2036 1000
a contact +70800 +70900 2036 2034 1000
a contact +71200 +71300 2014 2040 1000
a contact +71200 +71300 2040 2014 1000
a contact +71400 +71500 2026 2027 1000
a contact +71400 +71500 2027 2026 1000
a contact +71600 +71700 2015 2016 1000
a contact +71600 +71700 2016 2015 1000
a contact +72000 +72100 2005 2043 1000
a contact +72000 +72100 2010 2038 1000
a contact +72000 +72100 2038 2010 1000
a contact +72000 +72100 2043 2005 1000
a contact +72400 +72500 2001 2037 1000
a contact +72400 +72500 2023 2033 1000
a contact +72400 +72500 2033 2023 1000
a contact +72400 +72500 2037 2001 1000
a contact +72600 +72700 2008 2010 1000
a contact +72600 +72700 2010 2008 1000
a contact +72800 +72900 2010 2018 1000
a contact +72800 +72900 2018 2010 1000
a contact +72900 +73000 2004 2043 1000
a contact +72900 +73000 2028 2042 1000
a contact +72900 +73000 2042 2028 1000
a contact +72900 +73000 2043 2004 1000
a contact +73300 +73400 2013 2044 1000
a contact +73300 +73400 2027 2040 1000
a contact +73300 +73400 2040 2027 1000
a contact +73300 +73400 2044 2013 1000
a contact +73700 +73800 2025 2044 1000
a contact +73700 +73800 2044 2025 1000
a contact +73900 +74000 2001 2029 1000
a contact +73900 +74000 2029 2001 1000
a contact +74200 +74300 2030 2039 1000
a contact +74200 +74300 2039 2030 1000
a contact +74400 +74500 2003 2013 1000
a contact +74400 +74500 2013 2003 1000
a contact +74500 +74600 1001 2039 1000
a contact +74500 +74600 2039 1001 1000
a contact +74600 +74700 2009 9003 1000
a contact +74600 +74700 9003 2009 1000
a contact +74800 +74900 2030 2038 1000
a contact +74800 +74900 2038 2030 1000
a contact +75000 +75100 2006 2028 1000
a contact +75000 +75100 2028 2006 1000
a contact +75300 +75400 2023 2038 1000
a contact +75300 +75400 2038 2023 1000
a contact +75400 +75500 1001 2030 1000
a contact +75400 +75500 2030 1001 1000
a contact +75800 +75900 2010 2041 1000
a contact +75800 +75900 2041 2010 1000
a contact +75900 +76000 2012 2014 1000
a contact +75900 +76000 2014 2012 1000
a contact +75900 +76000 2019 2033 1000
a contact +75900 +76000 2033 2019 1000
a contact +76100 +76200 2006 2042 1000
a contact +76100 +76200 2042 2006 1000
a contact +76200 +76300 1001 2016 1000
a contact +76200 +76300 2004 2005 1000
a contact +76200 +76300 2005 2004 1000
a contact +76200 +76300 2016 1001 1000
a contact +76300 +76400 2017 2032 1000
a contact +76300 +76400 2032 2017 1000
a contact +76400 +76500 2004 2039 1000
a contact +76400 +76500 2019 2031 1000
a contact +76400 +76500 2021 2033 1000
a contact +76400 +76500 2027 2029 1000
a contact +76400 +76500 2029 2027 1000
a contact +76400 +76500 2031 2019 1000
a contact +76400 +76500 2033 2021 1000
a contact +76400 +76500 2039 2004 1000
a contact +76500 +76600 2022 2033 1000
a contact +76500 +76600 2033 2022 1000
a contact +76900 +77000 2021 2023 1000
a contact +76900 +77000 2023 2021 1000
a contact +77100 +77200 2007 2009 1000
a contact +77100 +77200 2009 2007 1000
a contact +77300 +77400 2009 2017 1000
a contact +77300 +77400 2017 2009 1000
a contact +77600 +77700 2006 2020 1000
a contact +77600 +77700 2020 2006 1000
a contact +77700 +77800 2005 2019 1000
a contact +77700 +77800 2019 2005 1000
a contact +77900 +78000 2021 2043 1000
a contact +77900 +78000 2043 2021 1000
a contact +78200 +78300 2010 2022 1000
a contact +78200 +78300 2022 2010 1000
a contact +78400 +78500 2032 9002 1000
a contact +78400 +78500 9002 2032 1000
a contact +78500 +78600 2007 9002 1000
a contact +78500 +78600 9002 2007 1000
a contact +78900 +79000 2008 2026 1000
a contact +78900 +79000 2026 2008 1000
a contact +79000 +79100 2005 2018 1000
a contact +79000 +79100 2017 2035 1000
a contact +79000 +79100 2018 2005 1000
a contact +79000 +79100 2020 2038 1000
a contact +79000 +79100 2035 2017 1000
a contact +79000 +79100 2038 2020 1000
a contact +79200 +79300 2020 2037 1000
a contact +79200 +79300 2037 2020 1000
a contact +79600 +79700 2013 2024 1000
a contact +79600 +79700 2024 2013 1000
a contact +80200 +80300 2006 2038 1000
a contact +80200 +80300 2008 2037 1000
a contact +80200 +80300 2037 2008 1000
a contact +80200 +80300 2038 2006 1000
a contact +80300 +80400 1003 9003 1000
a contact +80300 +80400 2014 2041 1000
a contact +80300 +80400 2041 2014 1000
a contact +80300 +80400 9003 1003 1000
a contact +80500 +80600 1001 2022 1000
a contact +80500 +80600 2022 1001 1000
a contact +80600 +80700 2018 2036 1000
a contact +80600 +80700 2036 2018 1000
a contact +80700 +80800 2004 2039 1000
a contact +80700 +80800 2039 2004 1000
a contact +80800 +80900 2015 2026 1000
a contact +80800 +80900 2026 2015 1000
a contact +81100 +81200 1002 2006 1000
a contact +81100 +81200 1003 2039 1000
a contact +81100 +81200 2006 1002 1000
a contact +81100 +81200 2039 1003 1000
a contact +81300 +81400 1001 2015 1000
a contact +81300 +81400 2015 1001 1000
a contact +81400 +81500 2004 2044 1000
a contact +81400 +81500 2044 2004 1000
a contact +81500 +81600 2002 2031 1000
a contact +81500 +81600 2031 2002 1000
a contact +81600 +81700 2020 2044 1000
a contact +81600 +81700 2044 2020 1000
a contact +81900 +82000 2006 2019 1000
a contact +81900 +82000 2019 2006 1000
a contact +82200 +82300 1003 2032 1000
a contact +82200 +82300 2032 1003 1000
a contact +82600 +82700 1002 2014 1000
a contact +82600 +82700 2014 1002 1000
a contact +82700 +82800 2019 2040 1000
a contact +82700 +82800 2040 2019 1000
a contact +82800 +82900 2003 2027 1000
a contact +82800 +82900 2006 2030 1000
a contact +82800 +82900 2027 2003 1000
a contact +82800 +82900 2030 2006 1000
a contact +82900 +83000 2015 2037 1000
a contact +82900 +83000 2037 2015 1000
a contact +83200 +83300 1003 2026 1000
a contact +83200 +83300 2025 2043 1000
a contact +83200 +83300 2026 1003 1000
a contact +83200 +83300 2043 2025 1000
a contact +83300 +83400 1001 2010 1000
a contact +83300 +83400 2004 2016 1000
a contact +83300 +83400 2010 1001 1000
a contact +83300 +83400 2016 2004 1000
a contact +83500 +83600 1003 2020 1000
a contact +83500 +83600 2020 1003 1000
a contact +83800 +83900 1003 2038 1000
a contact +83800 +83900 2038 1003 1000
a contact +84100 +84200 2016 2034 1000
a contact +84100 +84200 2034 2016 1000
a contact +84400 +84500 2008 2038 1000
a contact +84400 +84500 2038 2008 1000
a contact +85000 +85100 1003 2037 1000
a contact +85000 +85100 2037 1003 1000
a contact +85200 +85300 2006 2043 1000
a contact +85200 +85300 2043 2006 1000
a contact +85400 +85500 2003 2037 1000
a contact +85400 +85500 2012 2021 1000
a contact +85400 +85500 2021 2012 1000
a contact +85400 +85500 2037 2003 1000
a contact +85800 +85900 2016 2024 1000
a contact +85800 +85900 2019 2027 1000
a contact +85800 +85900 2024 2016 1000
a contact +85800 +85900 2027 2019 1000
a contact +86100 +86200 2028 2039 1000
a contact +86100 +86200 2039 2028 1000
a contact +86200 +86300 2016 2041 1000
a contact +86200 +86300 2041 2016 1000

a range +100 +200 2002 9002 1103.3704
a range +100 +200 2014 2037 0.0098
a range +100 +200 2037 2014 0.0098
a range +100 +200 9002 2002 1103.3704
a range +200 +300 2014 2036 0.0081
a range +200 +300 2036 2014 0.0081
a range +300 +400 2010 2039 0.0432
a range +300 +400 2018 2031 0.026
a range +300 +400 2031 2018 0.026
a range +300 +400 2039 2010 0.0432
a range +400 +500 2018 2030 0.0185
a range +400 +500 2030 2018 0.0185
a range +800 +900 2022 2031 0.0265
a range +800 +900 2031 2022 0.0265
a range +900 +1000 2016 2037 0.0221
a range +900 +1000 2037 2016 0.0221
a range +1000 +1100 1003 2007 1102.0921
a range +1000 +1100 2007 1003 1102.0921
a range +1100 +1200 2002 2042 0.0435
a range +1100 +1200 2042 2002 0.0435
a range +1200 +1300 2006 2042 0.0431
a range +1200 +1300 2010 2023 0.0369
a range +1200 +1300 2013 2026 0.0246
a range +1200 +1300 2023 2010 0.0369
a range +1200 +1300 2026 2013 0.0246
a range +1200 +1300 2042 2006 0.0431
a range +1300 +1400 2016 2036 0.0217
a range +1300 +1400 2036 2016 0.0217
a range +1700 +1800 1001 1003 0.1025
a range +1700 +1800 1003 1001 0.1025
a range +1800 +1900 2020 9002 1101.9474
a range +1800 +1900 9002 2020 1101.9474
a range +1900 +2000 2020 9001 1101.9485
a range +1900 +2000 9001 2020 1101.9485
a range +2200 +2300 1002 2003 1102.3994
a range +2200 +2300 2003 1002 1102.3994
a range +2300 +2400 1001 1003 0.1025
a range +2300 +2400 1003 1001 0.1025
a range +2300 +2400 2014 2025 0.0044
a range +2300 +2400 2025 2014 0.0044
a range +2500 +2600 2014 2022 0.0367
a range +2500 +2600 2022 2014 0.0367
a range +2700 +2800 2012 2040 0.0431
a range +2700 +2800 2040 2012 0.0431
a range +3000 +3100 2011 2020 0.0265
a range +3000 +3100 2020 2011 0.0265
a range +3100 +3200 2009 2019 0.0134
a range +3100 +3200 2019 2009 0.0134
a range +3400 +3500 2005 2014 0.025
a range +3400 +3500 2014 2005 0.025
a range +3400 +3500 2030 2041 0.0093
a range +3400 +3500 2041 2030 0.0093
a range +3500 +3600 2022 2040 0.0433
a range +3500 +3600 2040 2022 0.0433
a range +4000 +4100 2015 2029 0.038
a range +4000 +4100 2029 2015 0.038
a range +4500 +4600 2020 2029 0.026
a range +4500 +4600 2029 2020 0.026
a range +4600 +4700 2018 2031 0.026
a range +4600 +4700 2031 2018 0.026
a range +4800 +4900 1001 2037 1102.6829
a range +4800 +4900 2001 2015 0.0352
a range +4800 +4900 2015 2001 0.0352
a range +4800 +4900 2037 1001 1102.6829
a range +4900 +5000 2003 2005 0.0263
a range +4900 +5000 2004 9001 1102.3442
a range +4900 +5000 2005 2003 0.0263
a range +4900 +5000 9001 2004 1102.3442
a range +5000 +5100 2003 2004 0.0137
a range +5000 +5100 2004 2003 0.0137
a range +5400 +5500 2029 2043 0.0342
a range +5400 +5500 2043 2029 0.0342
a range +5600 +5700 1003 9003 0.0591
a range +5600 +5700 9003 1003 0.0591
a range +6100 +6200 1001 2014 1102.3101
a range +6100 +6200 2014 1001 1102.3101
a range +6200 +6300 1001 2011 1102.6995
a range +6200 +6300 2011 1001 1102.6995
a range +6300 +6400 2015 2017 0.0263
a range +6300 +6400 2016 2026 0.0166
a range +6300 +6400 2017 2015 0.0263
a range +6300 +6400 2026 2016 0.0166
a range +6400 +6500 1001 2009 1102.6991
a range +6400 +6500 2009 1001 1102.6991
a range +6500 +6600 1001 2006 1102.6832
a range +6500 +6600 2006 1001 1102.6832
a range +6500 +6600 2015 2016 0.0137
a range +6500 +6600 2016 2015 0.0137
a range +6600 +6700 2020 2044 0.0272
a range +6600 +6700 2044 2020 0.0272
a range +6800 +6900 2005 2036 0.0431
a range +6800 +6900 2036 2005 0.0431
a range +6900 +7000 2016 9001 1102.2238
a range +6900 +7000 9001 2016 1102.2238
a range +7000 +7100 2025 9001 1102.3541
a range +7000 +7100 2029 2040 0.0165
a range +7000 +7100 2040 2029 0.0165
a range +7000 +7100 9001 2025 1102.3541
a range +7100 +7200 2003 2015 0.0127
a range +7100 +7200 2015 2003 0.0127
a range +7200 +7300 2002 2015 0.0246
a range +7200 +7300 2015 2002 0.0246
a range +7600 +7700 2033 2041 0.0344
a range +7600 +7700 2041 2033 0.0344
a range +8100 +8200 1002 2032 1102.3704
a range +8100 +8200 2009 2011 0.0263
a range +8100 +8200 2011 2009 0.0263
a range +8100 +8200 2032 1002 1102.3704
a range +8400 +8500 1001 2038 1102.6827
a range +8400 +8500 2038 1001 1102.6827
a range +8600 +8700 2022 2029 0.043
a range +8600 +8700 2029 2022 0.043
a range +8800 +8900 1001 2042 1102.697
a range +8800 +8900 2042 1001 1102.697
a range +9000 +9100 2012 2036 0.031
a range +9000 +9100 2023 2025 0.0263
a range +9000 +9100 2025 2023 0.0263
a range +9000 +9100 2036 2012 0.031
a range +9500 +9600 2020 9002 1102.6728
a range +9500 +9600 9002 2020 1102.6728
a range +9600 +9700 2009 2032 0.0148
a range +9600 +9700 2032 2009 0.0148
a range +9700 +9800 2016 2024 0.0339
a range +9700 +9800 2024 2016 0.0339
a range +9800 +9900 2011 2032 0.0287
a range +9800 +9900 2032 2011 0.0287
a range +10000 +10100 2017 2042 0.043
a range +10000 +10100 2042 2017 0.043
a range +10100 +10200 2031 2044 0.0265
a range +10100 +10200 2044 2031 0.0265
a range +10300 +10400 1003 2019 1102.7405
a range +10300 +10400 2012 2026 0.0352
a range +10300 +10400 2019 1003 1102.7405
a range +10300 +10400 2026 2012 0.0352
a range +10500 +10600 2026 2039 0.0283
a range +10500 +10600 2039 2026 0.0283
a range +10700 +10800 2013 2025 0.0157
a range +10700 +10800 2025 2013 0.0157
a range +10800 +10900 1003 2034 1102.989
a range +10800 +10900 2034 1003 1102.989
a range +10900 +11000 2002 2035 0.0432
a range +10900 +11000 2035 2002 0.0432
a range +11000 +11100 2002 2034 0.0433
a range +11000 +11100 2006 2030 0.0357
a range +11000 +11100 2007 2025 0.0431
a range +11000 +11100 2012 2023 0.0182
a range +11000 +11100 2023 2012 0.0182
a range +11000 +11100 2025 2007 0.0431
a range +11000 +11100 2030 2006 0.0357
a range +11000 +11100 2034 2002 0.0433
a range +11300 +11400 2020 2038 0.0431
a range +11300 +11400 2038 2020 0.0431
a range +11500 +11600 2011 2023 0.0355
a range +11500 +11600 2023 2011 0.0355
a range +12000 +12100 2021 2037 0.043
a range +12000 +12100 2037 2021 0.043
a range +12100 +12200 1002 2030 1102.3718
a range +12100 +12200 2030 1002 1102.3718
a range +12300 +12400 2017 2018 0.0137
a range +12300 +12400 2018 2017 0.0137
a range +12400 +12500 1002 2032 1102.3704
a range +12400 +12500 2003 2004 0.0137
a range +12400 +12500 2004 2003 0.0137
a range +12400 +12500 2020 2033 0.0265
a range +12400 +12500 2032 1002 1102.3704
a range +12400 +12500 2033 2020 0.0265
a range +12500 +12600 1001 2036 1102.6855
a range +12500 +12600 2022 2024 0.0304
a range +12500 +12600 2024 2022 0.0304
a range +12500 +12600 2036 1001 1102.6855
a range +12800 +12900 2011 2030 0.043
a range +12800 +12900 2030 2011 0.043
a range +13200 +13300 2020 2029 0.026
a range +13200 +13300 2029 2020 0.026
a range +13300 +13400 1002 2015 1102.331
a range +13300 +13400 2015 1002 1102.331
a range +13900 +14000 2024 2026 0.0263
a range +13900 +14000 2026 2024 0.0263
a range +14100 +14200 2017 2037 0.0328
a range +14100 +14200 2037 2017 0.0328
a range +14400 +14500 2021 9001 1102.3135
a range +14400 +14500 9001 2021 1102.3135
a range +14800 +14900 1002 2005 1102.3969
a range +14800 +14900 2005 1002 1102.3969
a range +14800 +14900 2011 2039 0.0434
a range +14800 +14900 2014 2042 0.0434
a range +14800 +14900 2039 2011 0.0434
a range +14800 +14900 2042 2014 0.0434
a range +15200 +15300 2018 2036 0.0434
a range +15200 +15300 2036 2018 0.0434
a range +15400 +15500 2024 2043 0.0386
a range +15400 +15500 2043 2024 0.0386
a range +15500 +15600 2006 2042 0.0435
a range +15500 +15600 2042 2006 0.0435
a range +15600 +15700 2010 2022 0.0193
a range +15600 +15700 2022 2010 0.0193
a range +16000 +16100 2031 2039 0.0365
a range +16000 +16100 2039 2031 0.0365
a range +16500 +16600 2018 2032 0.0342
a range +16500 +16600 2032 2018 0.0342
a range +16700 +16800 2037 2038 0.0137
a range +16700 +16800 2038 2037 0.0137
a range +17200 +17300 2002 2011 0.0263
a range +17200 +17300 2005 2014 0.025
a range +17200 +17300 2011 2002 0.0263
a range +17200 +17300 2014 2005 0.025
a range +17500 +17600 2020 2029 0.026
a range +17500 +17600 2029 2020 0.026
a range +17600 +17700 2015 2038 0.0221
a range +17600 +17700 2038 2015 0.0221
a range +18100 +18200 2012 2037 0.043
a range +18100 +18200 2037 2012 0.043
a range +18200 +18300 2035 9002 1103.3708
a range +18200 +18300 9002 2035 1103.3708
a range +18300 +18400 2008 2021 0.0243
a range +18300 +18400 2021 2008 0.0243
a range +18400 +18500 2007 2042 0.0431
a range +18400 +18500 2014 2033 0.0377
a range +18400 +18500 2026 2037 0.0061
a range +18400 +18500 2033 2014 0.0377
a range +18400 +18500 2037 2026 0.0061
a range +18400 +18500 2042 2007 0.0431
a range +18500 +18600 2036 9002 1103.3667
a range +18500 +18600 9002 2036 1103.3667
a range +18600 +18700 2002 2043 0.0431
a range +18600 +18700 2043 2002 0.0431
a range +18700 +18800 1003 2007 1103.0024
a range +18700 +18800 2007 1003 1103.0024
a range +19300 +19400 1002 9001 0.0592
a range +19300 +19400 9001 1002 0.0592
a range +19600 +19700 2015 9002 1103.0121
a range +19600 +19700 9002 2015 1103.0121
a range +19700 +19800 2001 2030 0.0431
a range +19700 +19800 2030 2001 0.0431
a range +19800 +19900 2003 2028 0.043
a range +19800 +19900 2018 2042 0.0253
a range +19800 +19900 2028 2003 0.043
a range +19800 +19900 2042 2018 0.0253
a range +19900 +20000 2003 2034 0.0433
a range +19900 +20000 2034 2003 0.0433
a range +20000 +20100 2031 9002 1102.6923
a range +20000 +20100 9002 2031 1102.6923
a range +20100 +20200 2011 2023 0.0355
a range +20100 +20200 2023 2011 0.0355
a range +20400 +20500 2018 2026 0.038
a range +20400 +20500 2026 2018 0.038
a range +20400 +20500 2037 2038 0.0137
a range +20400 +20500 2038 2037 0.0137
a range +20500 +20600 2007 2009 0.0263
a range +20500 +20600 2009 2007 0.0263
a range +20900 +21000 1003 2036 1102.997
a range +20900 +21000 2019 2031 0.0134
a range +20900 +21000 2031 2019 0.0134
a range +20900 +21000 2036 1003 1102.997
a range +21000 +21100 2004 2012 0.0352
a range +21000 +21100 2012 2004 0.0352
a range +21000 +21100 2020 2033 0.0265
a range +21000 +21100 2033 2020 0.0265
a range +21100 +21200 2005 2006 0.0137
a range +21100 +21200 2006 2005 0.0137
a range +21200 +21300 2016 2025 0.025
a range +21200 +21300 2025 2016 0.025
a range +21400 +21500 2007 2040 0.0432
a range +21400 +21500 2013 2025 0.0157
a range +21400 +21500 2020 2027 0.0431
a range +21400 +21500 2025 2013 0.0157
a range +21400 +21500 2027 2020 0.0431
a range +21400 +21500 2040 2007 0.0432
a range +21500 +21600 2010 2025 0.0431
a range +21500 +21600 2025 2010 0.0431
a range +21600 +21700 2010 2036 0.0431
a range +21600 +21700 2036 2010 0.0431
a range +21700 +21800 2023 2031 0.0367
a range +21700 +21800 2031 2023 0.0367
a range +21800 +21900 2020 2021 0.0137
a range +21800 +21900 2021 2020 0.0137
a range +22100 +22200 2029 2031 0.0263
a range +22100 +22200 2031 2029 0.0263
a range +22200 +22300 2030 2031 0.0137
a range +22200 +22300 2031 2030 0.0137
a range +22400 +22500 1003 2020 1102.6509
a range +22400 +22500 2006 2024 0.0433
a range +22400 +22500 2020 1003 1102.6509
a range +22400 +22500 2024 2006 0.0433
a range +22600 +22700 2026 2038 0.0166
a range +22600 +22700 2038 2026 0.0166
a range +22800 +22900 2008 2018 0.0185
a range +22800 +22900 2018 2008 0.0185
a range +23100 +23200 2010 2032 0.0199
a range +23100 +23200 2032 2010 0.0199
a range +23300 +23400 1002 2002 1103.3049
a range +23300 +23400 2002 1002 1103.3049
a range +23600 +23700 2018 2043 0.043
a range +23600 +23700 2043 2018 0.043
a range +23700 +23800 2024 2038 0.0339
a range +23700 +23800 2038 2024 0.0339
a range +23900 +24000 2010 2029 0.043
a range +23900 +24000 2011 2023 0.0355
a range +23900 +24000 2023 2011 0.0355
a range +23900 +24000 2029 2010 0.043
a range +24000 +24100 2010 2023 0.0369
a range +24000 +24100 2023 2010 0.0369
a range +24200 +24300 2021 2039 0.043
a range +24200 +24300 2039 2021 0.043
a range +24700 +24800 2022 2023 0.0224
a range +24700 +24800 2023 2022 0.0224
a range +24700 +24800 2024 2033 0.0263
a range +24700 +24800 2033 2024 0.0263
a range +24900 +25000 1003 2025 1102.9995
a range +24900 +25000 2019 2034 0.043
a range +24900 +25000 2025 1003 1102.9995
a range +24900 +25000 2034 2019 0.043
a range +25000 +25100 2018 2032 0.0342
a range +25000 +25100 2032 2018 0.0342
a range +25000 +25100 2038 2039 0.0137
a range +25000 +25100 2039 2038 0.0137
a range +25200 +25300 1002 2002 1103.3049
a range +25200 +25300 2002 1002 1103.3049
a range +25500 +25600 2012 2034 0.0337
a range +25500 +25600 2022 2033 0.0172
a range +25500 +25600 2033 2022 0.0172
a range +25500 +25600 2034 2012 0.0337
a range +25600 +25700 2007 2036 0.0433
a range +25600 +25700 2036 2007 0.0433
a range +25900 +26000 2017 2026 0.0283
a range +25900 +26000 2026 2017 0.0283
a range +26000 +26100 1001 2015 1102.9871
a range +26000 +26100 1002 2018 1102.762
a range +26000 +26100 2004 2017 0.0283
a range +26000 +26100 2015 1001 1102.9871
a range +26000 +26100 2017 2004 0.0283
a range +26000 +26100 2018 1002 1102.762
a range +26200 +26300 2012 2036 0.031
a range +26200 +26300 2036 2012 0.031
a range +26400 +26500 2017 2038 0.0333
a range +26400 +26500 2027 2040 0.0305
a range +26400 +26500 2038 2017 0.0333
a range +26400 +26500 2040 2027 0.0305
a range +26500 +26600 2026 2037 0.0061
a range +26500 +26600 2037 2026 0.0061
a range +27200 +27300 2032 2040 0.0342
a range +27200 +27300 2040 2032 0.0342
a range +27500 +27600 2030 2039 0.0293
a range +27500 +27600 2039 2030 0.0293
a range +28300 +28400 2023 2038 0.043
a range +28300 +28400 2038 2023 0.043
a range +28600 +28700 1003 2035 1102.9925
a range +28600 +28700 2035 1003 1102.9925
a range +29000 +29100 2021 2028 0.0431
a range +29000 +29100 2028 2021 0.0431
a range +29200 +29300 1003 2030 1102.9981
a range +29200 +29300 2005 2043 0.0436
a range +29200 +29300 2030 1003 1102.9981
a range +29200 +29300 2043 2005 0.0436
a range +29400 +29500 2011 2044 0.0434
a range +29400 +29500 2044 2011 0.0434
a range +29600 +29700 1002 2037 1103.2949
a range +29600 +29700 2014 2036 0.0081
a range +29600 +29700 2036 2014 0.0081
a range +29600 +29700 2037 1002 1103.2949
a range +29800 +29900 2016 2038 0.027
a range +29800 +29900 2038 2016 0.027
a range +29900 +30000 1001 2010 1103.5976
a range +29900 +30000 2001 2023 0.0337
a range +29900 +30000 2010 1001 1103.5976
a range +29900 +30000 2023 2001 0.0337
a range +30100 +30200 2021 2044 0.0287
a range +30100 +30200 2044 2021 0.0287
a range +30200 +30300 2010 2039 0.0434
a range +30200 +30300 2039 2010 0.0434
a range +30400 +30500 2009 2018 0.026
a range +30400 +30500 2018 2009 0.026
a range +30800 +30900 2003 2016 0.025
a range +30800 +30900 2016 2003 0.025
a range +31200 +31300 2004 2023 0.043
a range +31200 +31300 2023 2004 0.043
a range +31300 +31400 2005 2030 0.043
a range +31300 +31400 2030 2005 0.043
a range +31500 +31600 2004 2027 0.0221
a range +31500 +31600 2010 2025 0.043
a range +31500 +31600 2025 2010 0.043
a range +31500 +31600 2027 2004 0.0221
a range +31700 +31800 2029 2039 0.0222
a range +31700 +31800 2039 2029 0.0222
a range +31900 +32000 2005 2031 0.0433
a range +31900 +32000 2031 2005 0.0433
a range +32000 +32100 2007 2021 0.0342
a range +32000 +32100 2021 2007 0.0342
a range +32500 +32600 1003 9001 0.0592
a range +32500 +32600 2019 2026 0.043
a range +32500 +32600 2026 2019 0.043
a range +32500 +32600 9001 1003 0.0592
a range +32700 +32800 2008 2042 0.0433
a range +32700 +32800 2015 2017 0.0263
a range +32700 +32800 2017 2015 0.0263
a range +32700 +32800 2042 2008 0.0433
a range +32800 +32900 2008 2043 0.043
a range +32800 +32900 2017 2031 0.0365
a range +32800 +32900 2031 2017 0.0365
a range +32800 +32900 2043 2008 0.043
a range +32900 +33000 1002 2025 1103.1114
a range +32900 +33000 2025 1002 1103.1114
a range +33000 +33100 1002 2036 1103.2994
a range +33000 +33100 2017 2030 0.0293
a range +33000 +33100 2021 2029 0.0342
a range +33000 +33100 2024 2032 0.0367
a range +33000 +33100 2029 2021 0.0342
a range +33000 +33100 2030 2017 0.0293
a range +33000 +33100 2032 2024 0.0367
a range +33000 +33100 2036 1002 1103.2994
a range +33100 +33200 2005 2007 0.0263
a range +33100 +33200 2007 2005 0.0263
a range +33200 +33300 2006 2008 0.0263
a range +33200 +33300 2008 2006 0.0263
a range +33600 +33700 2013 9002 1103.1471
a range +33600 +33700 2015 2029 0.038
a range +33600 +33700 2029 2015 0.038
a range +33600 +33700 9002 2013 1103.1471
a range +33700 +33800 2039 2041 0.0263
a range +33700 +33800 2041 2039 0.0263
a range +33700 +33800 2042 2044 0.0263
a range +33700 +33800 2044 2042 0.0263
a range +33900 +34000 1001 2008 1103.6067
a range +33900 +34000 2008 1001 1103.6067
a range +34100 +34200 1001 2044 1103.593
a range +34100 +34200 2044 1001 1103.593
a range +34200 +34300 2011 2035 0.0431
a range +34200 +34300 2035 2011 0.0431
a range +34300 +34400 1001 2042 1103.6018
a range +34300 +34400 2002 2040 0.0433
a range +34300 +34400 2040 2002 0.0433
a range +34300 +34400 2042 1001 1103.6018
a range +34500 +34600 2004 2014 0.0127
a range +34500 +34600 2014 2004 0.0127
a range +34600 +34700 2001 2021 0.0298
a range +34600 +34700 2021 2001 0.0298
a range +34700 +34800 2026 9002 1103.3509
a range +34700 +34800 9002 2026 1103.3509
a range +35000 +35100 2024 2043 0.0386
a range +35000 +35100 2043 2024 0.0386
a range +35200 +35300 2030 2042 0.0134
a range +35200 +35300 2032 2044 0.0193
a range +35200 +35300 2042 2030 0.0134
a range +35200 +35300 2044 2032 0.0193
a range +35400 +35500 2005 2029 0.0389
a range +35400 +35500 2029 2005 0.0389
a range +35400 +35500 2030 2041 0.0093
a range +35400 +35500 2041 2030 0.0093
a range +35700 +35800 2021 2037 0.0432
a range +35700 +35800 2037 2021 0.0432
a range +35800 +35900 2016 2042 0.0433
a range +35800 +35900 2042 2016 0.0433
a range +35900 +36000 1001 2023 1103.1837
a range +35900 +36000 2023 1001 1103.1837
a range +36100 +36200 2001 2029 0.0431
a range +36100 +36200 2029 2001 0.0431
a range +36300 +36400 2007 2021 0.0342
a range +36300 +36400 2021 2007 0.0342
a range +36800 +36900 2007 2022 0.043
a range +36800 +36900 2022 2007 0.043
a range +37300 +37400 1002 2004 1103.2943
a range +37300 +37400 2004 1002 1103.2943
a range +37300 +37400 2041 2043 0.0263
a range +37300 +37400 2043 2041 0.0263
a range +37700 +37800 2001 2037 0.0434
a range +37700 +37800 2037 2001 0.0434
a range +37900 +38000 2015 2023 0.0352
a range +37900 +38000 2023 2015 0.0352
a range +38100 +38200 2023 2033 0.0137
a range +38100 +38200 2033 2023 0.0137
a range +38500 +38600 2028 2043 0.043
a range +38500 +38600 2043 2028 0.043
a range +39200 +39300 2007 2032 0.043
a range +39200 +39300 2032 2007 0.043
a range +39400 +39500 2031 9002 1103.3906
a range +39400 +39500 9002 2031 1103.3906
a range +39500 +39600 1002 9001 0.0595
a range +39500 +39600 9001 1002 0.0595
a range +39600 +39700 2008 2028 0.0357
a range +39600 +39700 2028 2008 0.0357
a range +39700 +39800 2030 2041 0.0093
a range +39700 +39800 2041 2030 0.0093
a range +39900 +40000 1002 1003 0.1025
a range +39900 +40000 1003 1002 0.1025
a range +39900 +40000 2028 2038 0.0214
a range +39900 +40000 2038 2028 0.0214
a range +40300 +40400 2005 2026 0.0221
a range +40300 +40400 2015 2044 0.043
a range +40300 +40400 2018 9003 1103.5332
a range +40300 +40400 2026 2005 0.0221
a range +40300 +40400 2044 2015 0.043
a range +40300 +40400 9003 2018 1103.5332
a range +40400 +40500 2008 2023 0.0433
a range +40400 +40500 2022 2042 0.0272
a range +40400 +40500 2023 2008 0.0433
a range +40400 +40500 2042 2022 0.0272
a range +40500 +40600 2006 2019 0.0293
a range +40500 +40600 2017 9003 1103.5976
a range +40500 +40600 2019 2006 0.0293
a range +40500 +40600 9003 2017 1103.5976
a range +40600 +40700 2011 2023 0.0355
a range +40600 +40700 2023 2011 0.0355
a range +41100 +41200 2020 2022 0.0263
a range +41100 +41200 2022 2020 0.0263
a range +41600 +41700 2018 2027 0.0305
a range +41600 +41700 2027 2018 0.0305
a range +41700 +41800 1002 2030 1103.515
a range +41700 +41800 2006 2034 0.0432
a range +41700 +41800 2008 9002 1103.3765
a range +41700 +41800 2021 2022 0.0137
a range +41700 +41800 2022 2021 0.0137
a range +41700 +41800 2030 1002 1103.515
a range +41700 +41800 2034 2006 0.0432
a range +41700 +41800 9002 2008 1103.3765
a range +42200 +42300 2009 2011 0.0263
a range +42200 +42300 2011 2009 0.0263
a range +42300 +42400 1002 2022 1104.0171
a range +42300 +42400 2022 1002 1104.0171
a range +42800 +42900 2001 2026 0.043
a range +42800 +42900 2026 2001 0.043
a range +43000 +43100 1003 2017 1103.5829
a range +43000 +43100 2017 1003 1103.5829
a range +43000 +43100 2031 2040 0.026
a range +43000 +43100 2040 2031 0.026
a range +43200 +43300 2009 2020 0.0009
a range +43200 +43300 2013 2036 0.0197
a range +43200 +43300 2020 2009 0.0009
a range +43200 +43300 2032 2040 0.0342
a range +43200 +43300 2036 2013 0.0197
a range +43200 +43300 2040 2032 0.0342
a range +43300 +43400 2014 2035 0.0197
a range +43300 +43400 2035 2014 0.0197
a range +43500 +43600 2025 2037 0.0127
a range +43500 +43600 2037 2025 0.0127
a range +43600 +43700 2025 9003 1103.8117
a range +43600 +43700 9003 2025 1103.8117
a range +43800 +43900 2023 2037 0.0352
a range +43800 +43900 2037 2023 0.0352
a range +43900 +44000 2032 2043 0.0108
a range +43900 +44000 2043 2032 0.0108
a range +44200 +44300 2025 2040 0.0431
a range +44200 +44300 2040 2025 0.0431
a range +44600 +44700 1002 2044 1104.2063
a range +44600 +44700 2044 1002 1104.2063
a range +45100 +45300 1001 9001 0.0593
a range +45100 +45300 9001 1001 0.0593
a range +45600 +45700 2018 2030 0.0185
a range +45600 +45700 2030 2018 0.0185
a range +45700 +45800 2010 2043 0.0431
a range +45700 +45800 2043 2010 0.0431
a range +45800 +45900 2006 2007 0.0137
a range +45800 +45900 2007 2006 0.0137
a range +45900 +46000 2023 2032 0.0263
a range +45900 +46000 2032 2023 0.0263
a range +46200 +46300 2039 9003 1104.7511
a range +46200 +46300 9003 2039 1104.7511
a range +46500 +46600 2005 2007 0.0263
a range +46500 +46600 2007 2005 0.0263
a range +46600 +46700 2005 2006 0.0137
a range +46600 +46700 2006 2005 0.0137
a range +46600 +46700 2019 2029 0.0185
a range +46600 +46700 2029 2019 0.0185
a range +46900 +47000 2011 9003 1104.7693
a range +46900 +47000 9003 2011 1104.7693
a range +47200 +47300 2004 2018 0.038
a range +47200 +47300 2018 2004 0.038
a range +48000 +48100 1003 2023 1103.9138
a range +48000 +48100 2023 1003 1103.9138
a range +48100 +48200 2003 2027 0.0217
a range +48100 +48200 2006 2030 0.0357
a range +48100 +48200 2027 2003 0.0217
a range +48100 +48200 2030 2006 0.0357
a range +48200 +48300 2032 2041 0.0243
a range +48200 +48300 2041 2032 0.0243
a range +48300 +48400 2002 2034 0.0432
a range +48300 +48400 2034 2002 0.0432
a range +48600 +48700 2001 2033 0.0355
a range +48600 +48700 2020 2040 0.0253
a range +48600 +48700 2033 2001 0.0355
a range +48600 +48700 2040 2020 0.0253
a range +48800 +48900 2007 2025 0.043
a range +48800 +48900 2011 2015 0.043
a range +48800 +48900 2015 2011 0.043
a range +48800 +48900 2025 2007 0.043
a range +48900 +49000 2001 2021 0.0298
a range +48900 +49000 2011 2026 0.0433
a range +48900 +49000 2021 2001 0.0298
a range +48900 +49000 2026 2011 0.0433
a range +49100 +49200 2014 2025 0.0044
a range +49100 +49200 2025 2014 0.0044
a range +49500 +49600 2021 2031 0.014
a range +49500 +49600 2031 2021 0.014
a range +49600 +49700 2006 2042 0.0435
a range +49600 +49700 2042 2006 0.0435
a range +49800 +49900 2006 2035 0.0435
a range +49800 +49900 2019 2020 0.0137
a range +49800 +49900 2020 2019 0.0137
a range +49800 +49900 2035 2006 0.0435
a range +49900 +50000 1003 9001 0.0595
a range +49900 +50000 9001 1003 0.0595
a range +50000 +50100 2023 2031 0.0367
a range +50000 +50100 2029 2030 0.0137
a range +50000 +50100 2030 2029 0.0137
a range +50000 +50100 2031 2023 0.0367
a range +50100 +50200 2019 2028 0.0293
a range +50100 +50200 2028 2019 0.0293
a range +50300 +50400 2022 2030 0.0344
a range +50300 +50400 2030 2022 0.0344
a range +50400 +50500 2006 2008 0.0263
a range +50400 +50500 2008 2006 0.0263
a range +50400 +50500 2028 2029 0.0137
a range +50400 +50500 2029 2028 0.0137
a range +50500 +50600 2016 2029 0.0305
a range +50500 +50600 2029 2016 0.0305
a range +50600 +50700 2027 2028 0.0137
a range +50600 +50700 2028 2027 0.0137
a range +50600 +50700 2040 2042 0.0263
a range +50600 +50700 2042 2040 0.0263
a range +50800 +50900 2017 2031 0.0365
a range +50800 +50900 2031 2017 0.0365
a range +51000 +51100 2018 2031 0.026
a range +51000 +51100 2031 2018 0.026
a range +51700 +51800 2009 2017 0.0365
a range +51700 +51800 2017 2009 0.0365
a range +52200 +52300 1003 2022 1103.902
a range +52200 +52300 2022 1003 1103.902
a range +52300 +52400 2022 2043 0.0287
a range +52300 +52400 2043 2022 0.0287
a range +52600 +52700 1003 2023 1103.9138
a range +52600 +52700 2023 1003 1103.9138
a range +53200 +53300 2007 2025 0.0433
a range +53200 +53300 2025 2007 0.0433
a range +53300 +53400 2004 2013 0.0246
a range +53300 +53400 2013 2004 0.0246
a range +53400 +53500 1003 2030 1103.8801
a range +53400 +53500 2030 1003 1103.8801
a range +54000 +54100 2003 2044 0.0431
a range +54000 +54100 2044 2003 0.0431
a range +54200 +54300 2015 2023 0.0352
a range +54200 +54300 2023 2015 0.0352
a range +54400 +54500 2018 2019 0.0137
a range +54400 +54500 2019 2018 0.0137
a range +54500 +54600 2039 2041 0.0263
a range +54500 +54600 2041 2039 0.0263
a range +54800 +54900 2015 2027 0.0166
a range +54800 +54900 2027 2015 0.0166
a range +54900 +55000 2018 2031 0.026
a range +54900 +55000 2019 2033 0.0344
a range +54900 +55000 2031 2018 0.026
a range +54900 +55000 2033 2019 0.0344
a range +55100 +55200 2005 2042 0.0435
a range +55100 +55200 2018 2032 0.0342
a range +55100 +55200 2032 2018 0.0342
a range +55100 +55200 2042 2005 0.0435
a range +55400 +55500 2004 2031 0.0432
a range +55400 +55500 2031 2004 0.0432
a range +55500 +55600 2005 2024 0.043
a range +55500 +55600 2024 2005 0.043
a range +55500 +55600 2026 9003 1104.4822
a range +55500 +55600 9003 2026 1104.4822
a range +55600 +55700 2016 2038 0.027
a range +55600 +55700 2038 2016 0.027
a range +55700 +55800 2005 2034 0.0432
a range +55700 +55800 2034 2005 0.0432
a range +56000 +56100 2007 2016 0.0305
a range +56000 +56100 2016 2007 0.0305
a range +56300 +56400 2006 2033 0.0432
a range +56300 +56400 2033 2006 0.0432
a range +56600 +56700 2007 2018 0.0165
a range +56600 +56700 2018 2007 0.0165
a range +56700 +56800 2017 2044 0.0432
a range +56700 +56800 2044 2017 0.0432
a range +57000 +57100 2011 2022 0.0172
a range +57000 +57100 2022 2011 0.0172
a range +57100 +57200 2010 2018 0.0342
a range +57100 +57200 2018 2010 0.0342
a range +57200 +57300 2010 2028 0.043
a range +57200 +57300 2028 2010 0.043
a range +58200 +58300 2006 2037 0.0435
a range +58200 +58300 2037 2006 0.0435
a range +58300 +58400 1002 2023 1104.2012
a range +58300 +58400 2023 1002 1104.2012
a range +58400 +58500 2003 2039 0.0432
a range +58400 +58500 2039 2003 0.0432
a range +58600 +58700 2005 2042 0.0434
a range +58600 +58700 2042 2005 0.0434
a range +58700 +58800 2007 2039 0.0433
a range +58700 +58800 2039 2007 0.0433
a range +58800 +58900 1002 2030 1104.2192
a range +58800 +58900 2030 1002 1104.2192
a range +58900 +59000 1002 2031 1104.2148
a range +58900 +59000 1003 2034 1104.8136
a range +58900 +59000 2002 2037 0.0433
a range +58900 +59000 2031 1002 1104.2148
a range +58900 +59000 2034 1003 1104.8136
a range +58900 +59000 2037 2002 0.0433
a range +59000 +59100 2017 2029 0.0222
a range +59000 +59100 2029 2017 0.0222
a range +59100 +59200 2004 2043 0.0433
a range +59100 +59200 2020 2027 0.0431
a range +59100 +59200 2027 2020 0.0431
a range +59100 +59200 2043 2004 0.0433
a range +59200 +59300 2020 2022 0.0263
a range +59200 +59300 2022 2020 0.0263
a range +59400 +59500 2017 2030 0.0293
a range +59400 +59500 2030 2017 0.0293
a range +59500 +59600 2034 2043 0.0263
a range +59500 +59600 2043 2034 0.0263
a range +59600 +59700 2002 2035 0.043
a range +59600 +59700 2035 2002 0.043
a range +59700 +59800 2013 2036 0.0197
a range +59700 +59800 2036 2013 0.0197
a range +60000 +60100 1001 2040 1104.5082
a range +60000 +60100 2040 1001 1104.5082
a range +60200 +60300 2015 2037 0.0112
a range +60200 +60300 2037 2015 0.0112
a range +60700 +60800 1001 2039 1104.5123
a range +60700 +60800 2020 2043 0.0148
a range +60700 +60800 2026 2041 0.043
a range +60700 +60800 2039 1001 1104.5123
a range +60700 +60800 2041 2026 0.043
a range +60700 +60800 2043 2020 0.0148
a range +60800 +60900 2014 2036 0.0081
a range +60800 +60900 2036 2014 0.0081
a range +61200 +61300 2003 2025 0.0081
a range +61200 +61300 2025 2003 0.0081
a range +61400 +61500 1002 2016 1104.1854
a range +61400 +61500 2003 2026 0.0098
a range +61400 +61500 2016 1002 1104.1854
a range +61400 +61500 2026 2003 0.0098
a range +61600 +61700 1001 2010 1104.4962
a range +61600 +61700 2008 2019 0.0093
a range +61600 +61700 2010 1001 1104.4962
a range +61600 +61700 2019 2008 0.0093
a range +61800 +61900 2019 2037 0.0433
a range +61800 +61900 2037 2019 0.0433
a range +62000 +62100 2007 2026 0.043
a range +62000 +62100 2012 2021 0.0263
a range +62000 +62100 2021 2012 0.0263
a range +62000 +62100 2026 2007 0.043
a range +62200 +62300 1003 2021 1104.8257
a range +62200 +62300 2021 1003 1104.8257
a range +62400 +62500 2032 2033 0.0137
a range +62400 +62500 2033 2032 0.0137
a range +62600 +62700 2012 2041 0.043
a range +62600 +62700 2041 2012 0.043
a range +62800 +62900 2018 2020 0.0263
a range +62800 +62900 2020 2018 0.0263
a range +62800 +62900 2034 2036 0.0263
a range +62800 +62900 2036 2034 0.0263
a range +63000 +63100 2025 2026 0.0137
a range +63000 +63100 2026 2025 0.0137
a range +63300 +63400 1003 2003 1104.8054
a range +63300 +63400 2003 1003 1104.8054
a range +63300 +63400 2007 2009 0.0263
a range +63300 +63400 2009 2007 0.0263
a range +63400 +63500 2040 2042 0.0263
a range +63400 +63500 2042 2040 0.0263
a range +63600 +63700 2008 2010 0.0263
a range +63600 +63700 2010 2008 0.0263
a range +63700 +63800 2017 2030 0.0293
a range +63700 +63800 2030 2017 0.0293
a range +63800 +63900 2006 2041 0.043
a range +63800 +63900 2020 2032 0.014
a range +63800 +63900 2032 2020 0.014
a range +63800 +63900 2041 2006 0.043
a range +64100 +64200 2005 2041 0.0432
a range +64100 +64200 2041 2005 0.0432
a range +64700 +64800 2012 2044 0.0355
a range +64700 +64800 2044 2012 0.0355
a range +64800 +64900 2029 2042 0.026
a range +64800 +64900 2032 9001 1104.8018
a range +64800 +64900 2042 2029 0.026
a range +64800 +64900 9001 2032 1104.8018
a range +65200 +65300 2025 9001 1104.5364
a range +65200 +65300 2027 2038 0.0146
a range +65200 +65300 2030 2041 0.0093
a range +65200 +65300 2038 2027 0.0146
a range +65200 +65300 2041 2030 0.0093
a range +65200 +65300 9001 2025 1104.5364
a range +65500 +65600 2009 2021 0.014
a range +65500 +65600 2021 2009 0.014
a range +65600 +65700 2017 2037 0.0328
a range +65600 +65700 2037 2017 0.0328
a range +65800 +65900 2001 2022 0.0224
a range +65800 +65900 2002 2033 0.0385
a range +65800 +65900 2022 2001 0.0224
a range +65800 +65900 2033 2002 0.0385
a range +66000 +66100 2008 2028 0.0357
a range +66000 +66100 2021 2041 0.0186
a range +66000 +66100 2028 2008 0.0357
a range +66000 +66100 2041 2021 0.0186
a range +66300 +66400 2008 2018 0.0185
a range +66300 +66400 2017 2043 0.0433
a range +66300 +66400 2018 2008 0.0185
a range +66300 +66400 2043 2017 0.0433
a range +66500 +66600 2011 2027 0.0433
a range +66500 +66600 2019 9003 1104.7562
a range +66500 +66600 2027 2011 0.0433
a range +66500 +66600 9003 2019 1104.7562
a range +66600 +66700 1001 2008 1104.5028
a range +66600 +66700 2008 1001 1104.5028
a range +66700 +66800 2010 2040 0.0432
a range +66700 +66800 2015 2016 0.0137
a range +66700 +66800 2016 2015 0.0137
a range +66700 +66800 2040 2010 0.0432
a range +66900 +67000 1003 2008 1104.8049
a range +66900 +67000 2001 2010 0.0263
a range +66900 +67000 2008 1003 1104.8049
a range +66900 +67000 2010 2001 0.0263
a range +67000 +67100 1002 2037 1105.1123
a range +67000 +67100 2037 1002 1105.1123
a range +67200 +67300 1002 2035 1105.1042
a range +67200 +67300 2007 2042 0.0434
a range +67200 +67300 2035 1002 1105.1042
a range +67200 +67300 2042 2007 0.0434
a range +67300 +67400 1003 2036 1104.8057
a range +67300 +67400 2005 2007 0.0263
a range +67300 +67400 2007 2005 0.0263
a range +67300 +67400 2011 9001 1105.048
a range +67300 +67400 2036 1003 1104.8057
a range +67300 +67400 9001 2011 1105.048
a range +67400 +67500 1003 2037 1104.8014
a range +67400 +67500 2001 2014 0.0277
a range +67400 +67500 2014 2001 0.0277
a range +67400 +67500 2037 1003 1104.8014
a range +67700 +67800 2016 2028 0.0214
a range +67700 +67800 2028 2016 0.0214
a range +67900 +68000 1003 2034 1104.8136
a range +67900 +68000 2034 1003 1104.8136
a range +68000 +68100 2018 2031 0.026
a range +68000 +68100 2031 2018 0.026
a range +68100 +68200 1001 2027 1104.4679
a range +68100 +68200 2003 2014 0.0044
a range +68100 +68200 2014 2003 0.0044
a range +68100 +68200 2023 2031 0.0367
a range +68100 +68200 2027 1001 1104.4679
a range +68100 +68200 2031 2023 0.0367
a range +68200 +68300 2042 2044 0.0263
a range +68200 +68300 2044 2042 0.0263
a range +68400 +68500 2030 9001 1104.9341
a range +68400 +68500 9001 2030 1104.9341
a range +68500 +68600 1002 2026 1104.4715
a range +68500 +68600 2002 2012 0.0208
a range +68500 +68600 2012 2002 0.0208
a range +68500 +68600 2016 2025 0.025
a range +68500 +68600 2025 2016 0.025
a range +68500 +68600 2026 1002 1104.4715
a range +68600 +68700 2008 2044 0.0433
a range +68600 +68700 2044 2008 0.0433
a range +69600 +69700 2029 2039 0.0222
a range +69600 +69700 2039 2029 0.0222
a range +69800 +69900 2019 2041 0.0172
a range +69800 +69900 2041 2019 0.0172
a range +70300 +70400 2010 2024 0.043
a range +70300 +70400 2024 2010 0.043
a range +70400 +70500 2002 2021 0.0386
a range +70400 +70500 2021 2002 0.0386
a range +70800 +70900 2012 2024 0.0208
a range +70800 +70900 2024 2012 0.0208
a range +70800 +70900 2034 2036 0.0263
a range +70800 +70900 2036 2034 0.0263
a range +71200 +71300 2014 2040 0.0431
a range +71200 +71300 2040 2014 0.0431
a range +71400 +71500 2026 2027 0.0137
a range +71400 +71500 2027 2026 0.0137
a range +71600 +71700 2015 2016 0.0137
a range +71600 +71700 2016 2015 0.0137
a range +72000 +72100 2005 2043 0.0435
a range +72000 +72100 2010 2038 0.0435
a range +72000 +72100 2038 2010 0.0435
a range +72000 +72100 2043 2005 0.0435
a range +72400 +72500 2001 2037 0.0435
a range +72400 +72500 2023 2033 0.0137
a range +72400 +72500 2033 2023 0.0137
a range +72400 +72500 2037 2001 0.0435
a range +72600 +72700 2008 2010 0.0263
a range +72600 +72700 2010 2008 0.0263
a range +72800 +72900 2010 2018 0.0342
a range +72800 +72900 2018 2010 0.0342
a range +72900 +73000 2004 2043 0.0432
a range +72900 +73000 2028 2042 0.0365
a range +72900 +73000 2042 2028 0.0365
a range +72900 +73000 2043 2004 0.0432
a range +73300 +73400 2013 2044 0.0385
a range +73300 +73400 2027 2040 0.0305
a range +73300 +73400 2040 2027 0.0305
a range +73300 +73400 2044 2013 0.0385
a range +73700 +73800 2025 2044 0.0377
a range +73700 +73800 2044 2025 0.0377
a range +73900 +74000 2001 2029 0.043
a range +73900 +74000 2029 2001 0.043
a range +74200 +74300 2030 2039 0.0293
a range +74200 +74300 2039 2030 0.0293
a range +74400 +74500 2003 2013 0.0157
a range +74400 +74500 2013 2003 0.0157
a range +74500 +74600 1001 2039 1105.0379
a range +74500 +74600 2039 1001 1105.0379
a range +74600 +74700 2009 9003 1104.7634
a range +74600 +74700 9003 2009 1104.7634
a range +74800 +74900 2030 2038 0.0385
a range +74800 +74900 2038 2030 0.0385
a range +75000 +75100 2006 2028 0.0342
a range +75000 +75100 2028 2006 0.0342
a range +75300 +75400 2023 2038 0.0431
a range +75300 +75400 2038 2023 0.0431
a range +75400 +75500 1001 2030 1104.8916
a range +75400 +75500 2030 1001 1104.8916
a range +75800 +75900 2010 2041 0.0434
a range +75800 +75900 2041 2010 0.0434
a range +75900 +76000 2012 2014 0.0263
a range +75900 +76000 2014 2012 0.0263
a range +75900 +76000 2019 2033 0.0344
a range +75900 +76000 2033 2019 0.0344
a range +76100 +76200 2006 2042 0.043
a range +76100 +76200 2042 2006 0.043
a range +76200 +76300 1001 2016 1105.0476
a range +76200 +76300 2004 2005 0.0137
a range +76200 +76300 2005 2004 0.0137
a range +76200 +76300 2016 1001 1105.0476
a range +76300 +76400 2017 2032 0.043
a range +76300 +76400 2032 2017 0.043
a range +76400 +76500 2004 2039 0.0432
a range +76400 +76500 2019 2031 0.0134
a range +76400 +76500 2021 2033 0.0193
a range +76400 +76500 2027 2029 0.0263
a range +76400 +76500 2029 2027 0.0263
a range +76400 +76500 2031 2019 0.0134
a range +76400 +76500 2033 2021 0.0193
a range +76400 +76500 2039 2004 0.0432
a range +76500 +76600 2022 2033 0.0172
a range +76500 +76600 2033 2022 0.0172
a range +76900 +77000 2021 2023 0.0298
a range +76900 +77000 2023 2021 0.0298
a range +77100 +77200 2007 2009 0.0263
a range +77100 +77200 2009 2007 0.0263
a range +77300 +77400 2009 2017 0.0365
a range +77300 +77400 2017 2009 0.0365
a range +77600 +77700 2006 2020 0.0365
a range +77600 +77700 2020 2006 0.0365
a range +77700 +77800 2005 2019 0.0385
a range +77700 +77800 2019 2005 0.0385
a range +77900 +78000 2021 2043 0.0199
a range +77900 +78000 2043 2021 0.0199
a range +78200 +78300 2010 2022 0.0193
a range +78200 +78300 2022 2010 0.0193
a range +78400 +78500 2032 9002 1104.8217
a range +78400 +78500 9002 2032 1104.8217
a range +78500 +78600 2007 9002 1105.0741
a range +78500 +78600 9002 2007 1105.0741
a range +78900 +79000 2008 2026 0.0431
a range +78900 +79000 2026 2008 0.0431
a range +79000 +79100 2005 2018 0.0305
a range +79000 +79100 2017 2035 0.0431
a range +79000 +79100 2018 2005 0.0305
a range +79000 +79100 2020 2038 0.0431
a range +79000 +79100 2035 2017 0.0431
a range +79000 +79100 2038 2020 0.0431
a range +79200 +79300 2020 2037 0.0433
a range +79200 +79300 2037 2020 0.0433
a range +79600 +79700 2013 2024 0.0135
a range +79600 +79700 2024 2013 0.0135
a range +80200 +80300 2006 2038 0.042
a range +80200 +80300 2008 2037 0.0436
a range +80200 +80300 2037 2008 0.0436
a range +80200 +80300 2038 2006 0.042
a range +80300 +80400 1003 9003 0.0551
a range +80300 +80400 2014 2041 0.0432
a range +80300 +80400 2041 2014 0.0432
a range +80300 +80400 9003 1003 0.0551
a range +80500 +80600 1001 2022 1105.0086
a range +80500 +80600 2022 1001 1105.0086
a range +80600 +80700 2018 2036 0.0413
a range +80600 +80700 2036 2018 0.0413
a range +80700 +80800 2004 2039 0.0367
a range +80700 +80800 2039 2004 0.0367
a range +80800 +80900 2015 2026 0.0061
a range +80800 +80900 2026 2015 0.0061
a range +81100 +81200 1002 2006 1105.1209
a range +81100 +81200 1003 2039 1105.0621
a range +81100 +81200 2006 1002 1105.1209
a range +81100 +81200 2039 1003 1105.0621
a range +81300 +81400 1001 2015 1105.037
a range +81300 +81400 2015 1001 1105.037
a range +81400 +81500 2004 2044 0.0434
a range +81400 +81500 2044 2004 0.0434
a range +81500 +81600 2002 2031 0.0432
a range +81500 +81600 2031 2002 0.0432
a range +81600 +81700 2020 2044 0.0272
a range +81600 +81700 2044 2020 0.0272
a range +81900 +82000 2006 2019 0.0293
a range +81900 +82000 2019 2006 0.0293
a range +82200 +82300 1003 2032 1105.0414
a range +82200 +82300 2032 1003 1105.0414
a range +82600 +82700 1002 2014 1105.1024
a range +82600 +82700 2014 1002 1105.1024
a range +82700 +82800 2019 2040 0.0267
a range +82700 +82800 2040 2019 0.0267
a range +82800 +82900 2003 2027 0.0217
a range +82800 +82900 2006 2030 0.0357
a range +82800 +82900 2027 2003 0.0217
a range +82800 +82900 2030 2006 0.0357
a range +82900 +83000 2015 2037 0.0112
a range +82900 +83000 2037 2015 0.0112
a range +83200 +83300 1003 2026 1105.061
a range +83200 +83300 2025 2043 0.043
a range +83200 +83300 2026 1003 1105.061
a range +83200 +83300 2043 2025 0.043
a range +83300 +83400 1001 2010 1105.0239
a range +83300 +83400 2004 2016 0.0166
a range +83300 +83400 2010 1001 1105.0239
a range +83300 +83400 2016 2004 0.0166
a range +83500 +83600 1003 2020 1105.053
a range +83500 +83600 2020 1003 1105.053
a range +83800 +83900 1003 2038 1105.0603
a range +83800 +83900 2038 1003 1105.0603
a range +84100 +84200 2016 2034 0.0323
a range +84100 +84200 2034 2016 0.0323
a range +84400 +84500 2008 2038 0.0435
a range +84400 +84500 2038 2008 0.0435
a range +85000 +85100 1003 2037 1105.0565
a range +85000 +85100 2037 1003 1105.0565
a range +85200 +85300 2006 2043 0.0281
a range +85200 +85300 2043 2006 0.0281
a range +85400 +85500 2003 2037 0.0056
a range +85400 +85500 2012 2021 0.0263
a range +85400 +85500 2021 2012 0.0263
a range +85400 +85500 2037 2003 0.0056
a range +85800 +85900 2016 2024 0.0339
a range +85800 +85900 2019 2027 0.0385
a range +85800 +85900 2024 2016 0.0339
a range +85800 +85900 2027 2019 0.0385
a range +86100 +86200 2028 2039 0.0185
a range +86100 +86200 2039 2028 0.0185
a range +86200 +86300 2016 2041 0.0425
a range +86200 +86300 2041 2016 0.0425
