a contact +0 +1 2 4 1200000000
a contact +0 +1 3 1 50000000
a contact +1 +601 1 4 1200000000
a contact +1 +601 3 2 50000000
a contact +601 +1201 2 4 1200000000
a contact +601 +1201 3 1 50000000
a contact +1201 +1801 1 4 1200000000
a contact +1201 +1801 3 2 50000000
a contact +1801 +2401 2 4 1200000000
a contact +1801 +2401 3 1 50000000
a contact +2401 +3001 1 4 1200000000
a contact +2401 +3001 3 2 50000000
a contact +3001 +3601 1 4 1200000000
a contact +3001 +3601 3 2 50000000
a contact +3601 +4201 2 4 1200000000
a contact +3601 +4201 3 1 50000000
a contact +4201 +4801 2 4 1200000000
a contact +4201 +4801 3 1 50000000
a contact +4801 +5401 1 4 1200000000
a contact +4801 +5401 3 2 50000000
a contact +5401 +6001 1 4 1200000000
a contact +6001 +6601 2 4 1200000000
a contact +5401 +6601 3 2 50000000
a contact +6601 +7201 2 4 1200000000
a contact +6601 +7201 3 2 50000000
a contact +7201 +7801 1 4 1200000000
a contact +7201 +7801 3 1 50000000
a contact +7801 +8401 1 4 1200000000
a contact +7801 +8401 3 1 50000000
a contact +8401 +9001 2 4 1200000000
a contact +8401 +9001 3 2 50000000
a contact +9001 +9601 2 4 1200000000
a contact +9001 +9601 3 2 50000000
a contact +9601 +10201 1 4 1200000000
a contact +9601 +10201 3 1 50000000
a contact +10201 +10801 1 4 1200000000
a contact +10201 +10801 3 1 50000000
a contact +10801 +11401 2 4 1200000000
a contact +10801 +11401 3 2 50000000
a contact +11401 +12001 2 4 1200000000
a contact +12001 +12601 1 4 1200000000
a contact +11401 +12601 3 2 50000000
a contact +12601 +13201 1 4 1200000000
a contact +12601 +13201 3 2 50000000
a contact +13201 +13801 2 4 1200000000
a contact +13201 +13801 3 1 50000000
a contact +13801 +14401 2 4 1200000000
a contact +13801 +14401 3 1 50000000
a contact +14401 +15001 1 4 1200000000
a contact +14401 +15001 3 2 50000000
a contact +15001 +15601 1 4 1200000000
a contact +15001 +15601 3 2 50000000
a contact +15601 +16201 2 4 1200000000
a contact +15601 +16201 3 1 50000000
a contact +16201 +16801 2 4 1200000000
a contact +16201 +16801 3 1 50000000
a contact +16801 +17401 1 4 1200000000
a contact +16801 +17401 3 2 50000000
a contact +17401 +18001 1 4 1200000000
a contact +18001 +18601 2 4 1200000000
a contact +17401 +18601 3 2 50000000
a contact +18601 +19201 2 4 1200000000
a contact +18601 +19201 3 2 50000000
a contact +19201 +19801 1 4 1200000000
a contact +19201 +19801 3 1 50000000
a contact +19801 +20401 1 4 1200000000
a contact +19801 +20401 3 1 50000000
a contact +20401 +21001 2 4 1200000000
a contact +20401 +21001 3 2 50000000
a contact +21001 +21601 2 4 1200000000
a contact +21001 +21601 3 2 50000000
a contact +21601 +22201 1 4 1200000000
a contact +21601 +22201 3 1 50000000
a contact +22201 +22801 1 4 1200000000
a contact +22201 +22801 3 1 50000000
a contact +22801 +23401 2 4 1200000000
a contact +22801 +23401 3 2 50000000
a contact +23401 +24001 2 4 1200000000
a contact +24001 +24601 1 4 1200000000
a contact +23401 +24601 3 2 50000000
a contact +24601 +25201 1 4 1200000000
a contact +24601 +25201 3 2 50000000
a contact +25201 +25801 2 4 1200000000
a contact +25201 +25801 3 1 50000000
a contact +25801 +26401 2 4 1200000000
a contact +25801 +26401 3 1 50000000
a contact +26401 +27001 1 4 1200000000
a contact +26401 +27001 3 2 50000000
a contact +27001 +27601 1 4 1200000000
a contact +27001 +27601 3 2 50000000
a contact +27601 +28201 2 4 1200000000
a contact +27601 +28201 3 1 50000000
a contact +28201 +28801 2 4 1200000000
a contact +28201 +28801 3 1 50000000
a contact +28801 +29401 1 4 1200000000
a contact +28801 +29401 3 2 50000000
a contact +29401 +30001 1 4 1200000000
a contact +30001 +30601 2 4 1200000000
a contact +29401 +30601 3 2 50000000
a contact +30601 +31201 2 4 1200000000
a contact +30601 +31201 3 2 50000000
a contact +31201 +31801 1 4 1200000000
a contact +31201 +31801 3 1 50000000
a contact +31801 +32401 1 4 1200000000
a contact +31801 +32401 3 1 50000000
a contact +32401 +33001 2 4 1200000000
a contact +32401 +33001 3 2 50000000
a contact +33001 +33601 2 4 1200000000
a contact +33601 +34201 1 4 1200000000
a contact +33001 +34201 3 2 50000000
a contact +34201 +34801 1 4 1200000000
a contact +34201 +34801 3 2 50000000
a contact +34801 +35401 2 4 1200000000
a contact +34801 +35401 3 1 50000000
a contact +35401 +36001 2 4 1200000000
a contact +35401 +36001 3 1 50000000
a contact +36001 +36601 1 4 1200000000
a contact +36001 +36601 3 2 50000000
a contact +36601 +37201 1 4 1200000000
a contact +36601 +37201 3 2 50000000
a contact +37201 +37801 2 4 1200000000
a contact +37201 +37801 3 1 50000000
a contact +37801 +38401 2 4 1200000000
a contact +37801 +38401 3 1 50000000
a contact +38401 +39001 1 4 1200000000
a contact +38401 +39001 3 2 50000000
a contact +39001 +39601 1 4 1200000000
a contact +39601 +40201 2 4 1200000000
a contact +39001 +40201 3 2 50000000
a contact +40201 +40801 2 4 1200000000
a contact +40201 +40801 3 2 50000000
a contact +40801 +41401 1 4 1200000000
a contact +40801 +41401 3 1 50000000
a contact +41401 +42001 1 4 1200000000
a contact +41401 +42001 3 1 50000000
a contact +42001 +42601 2 4 1200000000
a contact +42001 +42601 3 2 50000000
a contact +42601 +43201 2 4 1200000000
a contact +42601 +43201 3 2 50000000
a contact +43201 +43801 1 4 1200000000
a contact +43201 +43801 3 1 50000000
a contact +43801 +44401 1 4 1200000000
a contact +43801 +44401 3 1 50000000
a contact +44401 +45001 2 4 1200000000
a contact +44401 +45001 3 2 50000000
a contact +45001 +45601 2 4 1200000000
a contact +45601 +46201 1 4 1200000000
a contact +45001 +46201 3 2 50000000
a contact +46201 +46400 1 4 1200000000
a contact +46201 +46400 3 2 50000000
a contact +46400 +47000 2 4 1200000000
a contact +47000 +47600 2 4 1200000000
a contact +47600 +48200 1 4 1200000000
a contact +48200 +48800 2 4 1200000000
a contact +48800 +49400 1 4 1200000000
a contact +49400 +50000 2 4 1200000000
a contact +50000 +50600 1 4 1200000000
a contact +50600 +51200 2 4 1200000000
a contact +51200 +51800 1 4 1200000000
a contact +51800 +52400 2 4 1200000000
a contact +52400 +53000 1 4 1200000000
a contact +53000 +53600 2 4 1200000000
a contact +53600 +54200 1 4 1200000000
a contact +54200 +54800 2 4 1200000000
a contact +54800 +55400 1 4 1200000000
a contact +55400 +56000 2 4 1200000000
a contact +56000 +56600 1 4 1200000000
a contact +56600 +57200 2 4 1200000000
a contact +57200 +57800 1 4 1200000000
a contact +57800 +58400 2 4 1200000000
a contact +58400 +59000 1 4 1200000000
a contact +59000 +59600 2 4 1200000000
a contact +59600 +60200 1 4 1200000000
a contact +60200 +60800 2 4 1200000000
a contact +60800 +61400 1 4 1200000000
a contact +61400 +62000 2 4 1200000000
a contact +62000 +62600 1 4 1200000000
a contact +62600 +63200 2 4 1200000000
a contact +63200 +63800 1 4 1200000000
a contact +63800 +64400 2 4 1200000000
a contact +64400 +65000 1 4 1200000000
a contact +65000 +65600 2 4 1200000000
a contact +65600 +66200 1 4 1200000000
a contact +66200 +66800 2 4 1200000000
a contact +66800 +67400 1 4 1200000000
a contact +67400 +68000 2 4 1200000000
a contact +68000 +68600 1 4 1200000000
a contact +68600 +69200 2 4 1200000000
a contact +69200 +69800 1 4 1200000000
a contact +69800 +70400 2 4 1200000000
a contact +70400 +71000 1 4 1200000000
a contact +71000 +71600 2 4 1200000000
a contact +71600 +72200 1 4 1200000000
a contact +72200 +72800 2 4 1200000000
a contact +72800 +73400 1 4 1200000000
a contact +73400 +74000 2 4 1200000000
a contact +74000 +74600 1 4 1200000000
a contact +74600 +75200 2 4 1200000000
a contact +75200 +75800 1 4 1200000000
a contact +75800 +76400 2 4 1200000000
a contact +76400 +77000 1 4 1200000000
a contact +77000 +77600 2 4 1200000000
a contact +77600 +78200 1 4 1200000000
a contact +78200 +78800 2 4 1200000000
a contact +78800 +79400 1 4 1200000000
a contact +79400 +80000 2 4 1200000000
a contact +80000 +80600 1 4 1200000000
a contact +80600 +81200 2 4 1200000000
a contact +81200 +81800 1 4 1200000000
a contact +81800 +82400 2 4 1200000000
a contact +82400 +83000 1 4 1200000000
a contact +83000 +83600 2 4 1200000000
a contact +83600 +84200 1 4 1200000000
a contact +84200 +84800 2 4 1200000000
a contact +84800 +85400 1 4 1200000000
a contact +85400 +86000 2 4 1200000000
a contact +86000 +86400 1 4 1200000000

a range +0 +1 2 4 0.701
a range +0 +1 3 1 1103.3938
a range +1 +601 1 4 0.701
a range +1 +601 3 2 1103.3938
a range +601 +1201 2 4 0.701
a range +601 +1201 3 1 1103.3938
a range +1201 +1801 1 4 0.701
a range +1201 +1801 3 2 1103.3938
a range +1801 +2401 2 4 0.701
a range +1801 +2401 3 1 1103.3938
a range +2401 +3001 1 4 0.701
a range +2401 +3001 3 2 1103.3938
a range +3001 +3601 1 4 0.701
a range +3001 +3601 3 2 1103.3938
a range +3601 +4201 2 4 0.701
a range +3601 +4201 3 1 1103.3938
a range +4201 +4801 2 4 0.701
a range +4201 +4801 3 1 1103.3938
a range +4801 +5401 1 4 0.701
a range +4801 +5401 3 2 1103.3938
a range +5401 +6001 1 4 0.701
a range +6001 +6601 2 4 0.701
a range +5401 +6601 3 2 1103.3938
a range +6601 +7201 2 4 0.701
a range +6601 +7201 3 2 1103.3938
a range +7201 +7801 1 4 0.701
a range +7201 +7801 3 1 1103.3938
a range +7801 +8401 1 4 0.701
a range +7801 +8401 3 1 1103.3938
a range +8401 +9001 2 4 0.701
a range +8401 +9001 3 2 1103.3938
a range +9001 +9601 2 4 0.701
a range +9001 +9601 3 2 1103.3938
a range +9601 +10201 1 4 0.701
a range +9601 +10201 3 1 1103.3938
a range +10201 +10801 1 4 0.701
a range +10201 +10801 3 1 1103.3938
a range +10801 +11401 2 4 0.701
a range +10801 +11401 3 2 1103.3938
a range +11401 +12001 2 4 0.701
a range +12001 +12601 1 4 0.701
a range +11401 +12601 3 2 1103.3938
a range +12601 +13201 1 4 0.701
a range +12601 +13201 3 2 1103.3938
a range +13201 +13801 2 4 0.701
a range +13201 +13801 3 1 1103.3938
a range +13801 +14401 2 4 0.701
a range +13801 +14401 3 1 1103.3938
a range +14401 +15001 1 4 0.701
a range +14401 +15001 3 2 1103.3938
a range +15001 +15601 1 4 0.701
a range +15001 +15601 3 2 1103.3938
a range +15601 +16201 2 4 0.701
a range +15601 +16201 3 1 1103.3938
a range +16201 +16801 2 4 0.701
a range +16201 +16801 3 1 1103.3938
a range +16801 +17401 1 4 0.701
a range +16801 +17401 3 2 1103.3938
a range +17401 +18001 1 4 0.701
a range +18001 +18601 2 4 0.701
a range +17401 +18601 3 2 1103.3938
a range +18601 +19201 2 4 0.701
a range +18601 +19201 3 2 1103.3938
a range +19201 +19801 1 4 0.701
a range +19201 +19801 3 1 1103.3938
a range +19801 +20401 1 4 0.701
a range +19801 +20401 3 1 1103.3938
a range +20401 +21001 2 4 0.701
a range +20401 +21001 3 2 1103.3938
a range +21001 +21601 2 4 0.701
a range +21001 +21601 3 2 1103.3938
a range +21601 +22201 1 4 0.701
a range +21601 +22201 3 1 1103.3938
a range +22201 +22801 1 4 0.701
a range +22201 +22801 3 1 1103.3938
a range +22801 +23401 2 4 0.701
a range +22801 +23401 3 2 1103.3938
a range +23401 +24001 2 4 0.701
a range +24001 +24601 1 4 0.701
a range +23401 +24601 3 2 1103.3938
a range +24601 +25201 1 4 0.701
a range +24601 +25201 3 2 1103.3938
a range +25201 +25801 2 4 0.701
a range +25201 +25801 3 1 1103.3938
a range +25801 +26401 2 4 0.701
a range +25801 +26401 3 1 1103.3938
a range +26401 +27001 1 4 0.701
a range +26401 +27001 3 2 1103.3938
a range +27001 +27601 1 4 0.701
a range +27001 +27601 3 2 1103.3938
a range +27601 +28201 2 4 0.701
a range +27601 +28201 3 1 1103.3938
a range +28201 +28801 2 4 0.701
a range +28201 +28801 3 1 1103.3938
a range +28801 +29401 1 4 0.701
a range +28801 +29401 3 2 1103.3938
a range +29401 +30001 1 4 0.701
a range +30001 +30601 2 4 0.701
a range +29401 +30601 3 2 1103.3938
a range +30601 +31201 2 4 0.701
a range +30601 +31201 3 2 1103.3938
a range +31201 +31801 1 4 0.701
a range +31201 +31801 3 1 1103.3938
a range +31801 +32401 1 4 0.701
a range +31801 +32401 3 1 1103.3938
a range +32401 +33001 2 4 0.701
a range +32401 +33001 3 2 1103.3938
a range +33001 +33601 2 4 0.701
a range +33601 +34201 1 4 0.701
a range +33001 +34201 3 2 1103.3938
a range +34201 +34801 1 4 0.701
a range +34201 +34801 3 2 1103.3938
a range +34801 +35401 2 4 0.701
a range +34801 +35401 3 1 1103.3938
a range +35401 +36001 2 4 0.701
a range +35401 +36001 3 1 1103.3938
a range +36001 +36601 1 4 0.701
a range +36001 +36601 3 2 1103.3938
a range +36601 +37201 1 4 0.701
a range +36601 +37201 3 2 1103.3938
a range +37201 +37801 2 4 0.701
a range +37201 +37801 3 1 1103.3938
a range +37801 +38401 2 4 0.701
a range +37801 +38401 3 1 1103.3938
a range +38401 +39001 1 4 0.701
a range +38401 +39001 3 2 1103.3938
a range +39001 +39601 1 4 0.701
a range +39601 +40201 2 4 0.701
a range +39001 +40201 3 2 1103.3938
a range +40201 +40801 2 4 0.701
a range +40201 +40801 3 2 1103.3938
a range +40801 +41401 1 4 0.701
a range +40801 +41401 3 1 1103.3938
a range +41401 +42001 1 4 0.701
a range +41401 +42001 3 1 1103.3938
a range +42001 +42601 2 4 0.701
a range +42001 +42601 3 2 1103.3938
a range +42601 +43201 2 4 0.701
a range +42601 +43201 3 2 1103.3938
a range +43201 +43801 1 4 0.701
a range +43201 +43801 3 1 1103.3938
a range +43801 +44401 1 4 0.701
a range +43801 +44401 3 1 1103.3938
a range +44401 +45001 2 4 0.701
a range +44401 +45001 3 2 1103.3938
a range +45001 +45601 2 4 0.701
a range +45601 +46201 1 4 0.701
a range +45001 +46201 3 2 1103.3938
a range +46201 +46400 1 4 0.701
a range +46201 +46400 3 2 1103.3938
a range +46400 +47000 2 4 0.701
a range +47000 +47600 2 4 0.701
a range +47600 +48200 1 4 0.701
a range +48200 +48800 2 4 0.701
a range +48800 +49400 1 4 0.701
a range +49400 +50000 2 4 0.701
a range +50000 +50600 1 4 0.701
a range +50600 +51200 2 4 0.701
a range +51200 +51800 1 4 0.701
a range +51800 +52400 2 4 0.701
a range +52400 +53000 1 4 0.701
a range +53000 +53600 2 4 0.701
a range +53600 +54200 1 4 0.701
a range +54200 +54800 2 4 0.701
a range +54800 +55400 1 4 0.701
a range +55400 +56000 2 4 0.701
a range +56000 +56600 1 4 0.701
a range +56600 +57200 2 4 0.701
a range +57200 +57800 1 4 0.701
a range +57800 +58400 2 4 0.701
a range +58400 +59000 1 4 0.701
a range +59000 +59600 2 4 0.701
a range +59600 +60200 1 4 0.701
a range +60200 +60800 2 4 0.701
a range +60800 +61400 1 4 0.701
a range +61400 +62000 2 4 0.701
a range +62000 +62600 1 4 0.701
a range +62600 +63200 2 4 0.701
a range +63200 +63800 1 4 0.701
a range +63800 +64400 2 4 0.701
a range +64400 +65000 1 4 0.701
a range +65000 +65600 2 4 0.701
a range +65600 +66200 1 4 0.701
a range +66200 +66800 2 4 0.701
a range +66800 +67400 1 4 0.701
a range +67400 +68000 2 4 0.701
a range +68000 +68600 1 4 0.701
a range +68600 +69200 2 4 0.701
a range +69200 +69800 1 4 0.701
a range +69800 +70400 2 4 0.701
a range +70400 +71000 1 4 0.701
a range +71000 +71600 2 4 0.701
a range +71600 +72200 1 4 0.701
a range +72200 +72800 2 4 0.701
a range +72800 +73400 1 4 0.701
a range +73400 +74000 2 4 0.701
a range +74000 +74600 1 4 0.701
a range +74600 +75200 2 4 0.701
a range +75200 +75800 1 4 0.701
a range +75800 +76400 2 4 0.701
a range +76400 +77000 1 4 0.701
a range +77000 +77600 2 4 0.701
a range +77600 +78200 1 4 0.701
a range +78200 +78800 2 4 0.701
a range +78800 +79400 1 4 0.701
a range +79400 +80000 2 4 0.701
a range +80000 +80600 1 4 0.701
a range +80600 +81200 2 4 0.701
a range +81200 +81800 1 4 0.701
a range +81800 +82400 2 4 0.701
a range +82400 +83000 1 4 0.701
a range +83000 +83600 2 4 0.701
a range +83600 +84200 1 4 0.701
a range +84200 +84800 2 4 0.701
a range +84800 +85400 1 4 0.701
a range +85400 +86000 2 4 0.701
a range +86000 +86400 1 4 0.701
