a contact +200 +500 2002 2006 1000
a contact +200 +500 2006 2002 1000
a contact +500 +800 2003 2007 1000
a contact +500 +800 2007 2003 1000
a contact +1400 +1900 2003 2008 1000
a contact +1400 +1900 2008 2003 1000
a contact +2800 +3400 2004 9001 1000
a contact +2800 +3400 9001 2004 1000
a contact +3600 +4200 1002 2006 1000
a contact +3600 +4200 2002 2008 1000
a contact +3600 +4200 2006 1002 1000
a contact +3600 +4200 2008 2002 1000
a contact +4200 +4800 1001 2005 1000
a contact +4200 +4800 2005 1001 1000
a contact +5400 +6000 2002 2006 1000
a contact +5400 +6000 2006 2002 1000
a contact +6000 +6600 2002 9002 1000
a contact +6000 +6600 9002 2002 1000
a contact +7300 +7900 1002 2005 1000
a contact +7300 +7900 2005 1002 1000
a contact +7900 +8500 1001 2005 1000
a contact +7900 +8500 1002 2007 1000
a contact +7900 +8500 2005 1001 1000
a contact +7900 +8500 2007 1002 1000
a contact +9200 +9600 2004 2007 1000
a contact +9200 +9600 2007 2004 1000
a contact +9200 +9900 1002 9003 1000
a contact +9200 +9900 9003 1002 1000
a contact +10600 +11000 2004 2007 1000
a contact +10600 +11000 2007 2004 1000
a contact +11000 +11300 2001 2008 1000
a contact +11000 +11300 2008 2001 1000
a contact +11500 +11600 1002 9003 1000
a contact +11500 +11600 2003 2008 1000
a contact +11500 +11600 2008 2003 1000
a contact +11500 +11600 9003 1002 1000
a contact +11600 +12000 2004 9002 1000
a contact +11600 +12000 9002 2004 1000
a contact +16400 +16800 1002 9001 1000
a contact +16400 +16800 9001 1002 1000
a contact +16800 +17300 2003 9002 1000
a contact +16800 +17300 9002 2003 1000
a contact +17300 +17700 2002 2005 1000
a contact +17300 +17700 2004 2007 1000
a contact +17300 +17700 2005 2002 1000
a contact +17300 +17700 2007 2004 1000
a contact +19000 +19200 2003 2007 1000
a contact +19000 +19200 2007 2003 1000
a contact +20000 +20500 2003 2007 1000
a contact +20000 +20500 2007 2003 1000
a contact +21000 +21200 1002 2005 1000
a contact +21000 +21200 2005 1002 1000
a contact +22400 +22600 2001 2005 1000
a contact +22400 +22600 2005 2001 1000
a contact +23800 +24400 1001 9003 1000
a contact +23800 +24400 9003 1001 1000
a contact +25000 +25600 1001 9003 1000
a contact +25000 +25600 9003 1001 1000
a contact +26000 +26200 2003 2007 1000
a contact +26000 +26200 2007 2003 1000
a contact +29400 +29800 2003 2008 1000
a contact +29400 +29800 2008 2003 1000
a contact +29800 +29900 1002 2003 1000
a contact +29800 +29900 2003 1002 1000
a contact +30200 +30400 1002 2003 1000
a contact +30200 +30400 2003 1002 1000
a contact +30400 +30500 1001 9002 1000
a contact +30400 +30500 9002 1001 1000
a contact +30500 +31100 1002 2006 1000
a contact +30500 +31100 2006 1002 1000
a contact +31100 +31700 1002 2004 1000
a contact +31100 +31700 2004 1002 1000
a contact +31700 +31800 2002 2005 1000
a contact +31700 +31800 2005 2002 1000
a contact +31800 +31900 1002 2003 1000
a contact +31800 +31900 2003 1002 1000
a contact +33000 +33600 2006 9002 1000
a contact +33000 +33600 9002 2006 1000
a contact +35000 +35600 1002 9001 1000
a contact +35000 +35600 9001 1002 1000
a contact +36800 +37400 2004 2007 1000
a contact +36800 +37400 2007 2004 1000
a contact +38200 +38800 1002 2006 1000
a contact +38200 +38800 2003 2007 1000
a contact +38200 +38800 2006 1002 1000
a contact +38200 +38800 2007 2003 1000
a contact +38800 +39300 1002 2004 1000
a contact +38800 +39300 2004 1002 1000
a contact +39300 +39600 1002 9002 1000
a contact +39300 +39600 9002 1002 1000
a contact +42200 +42800 1001 2005 1000
a contact +42200 +42800 1002 2007 1000
a contact +42200 +42800 2005 1001 1000
a contact +42200 +42800 2007 1002 1000
a contact +44000 +44100 2003 2007 1000
a contact +44000 +44100 2007 2003 1000
a contact +44100 +44700 1002 2004 1000
a contact +44100 +44700 2004 1002 1000
a contact +44700 +45000 2001 2005 1000
a contact +44700 +45000 2005 2001 1000
a contact +45000 +45400 2002 2007 1000
a contact +45000 +45400 2007 2002 1000
a contact +45600 +46200 2002 2005 1000
a contact +45600 +46200 2004 2007 1000
a contact +45600 +46200 2005 2002 1000
a contact +45600 +46200 2007 2004 1000
a contact +46200 +46700 2003 2008 1000
a contact +46200 +46700 2008 2003 1000
a contact +46700 +46800 1002 2003 1000
a contact +46700 +46800 2003 1002 1000
a contact +47300 +47600 2004 2007 1000
a contact +47300 +47600 2007 2004 1000
a contact +48900 +49000 2003 2007 1000
a contact +48900 +49000 2007 2003 1000
a contact +49000 +49300 2002 2008 1000
a contact +49000 +49300 2008 2002 1000
a contact +49500 +50100 1002 2003 1000
a contact +49500 +50100 2003 1002 1000
a contact +50700 +51300 1002 2008 1000
a contact +50700 +51300 2003 2007 1000
a contact +50700 +51300 2007 2003 1000
a contact +50700 +51300 2008 1002 1000
a contact +53300 +53900 1001 2005 1000
a contact +53300 +53900 2005 1001 1000
a contact +54500 +54600 1002 2003 1000
a contact +54500 +54600 2003 1002 1000
a contact +54500 +54700 2008 9003 1000
a contact +54500 +54700 9003 2008 1000
a contact +54700 +55000 1002 2003 1000
a contact +54700 +55000 2003 1002 1000
a contact +55600 +56100 1002 2008 1000
a contact +55600 +56100 2008 1002 1000
a contact +57000 +57600 1001 2008 1000
a contact +57000 +57600 1002 9002 1000
a contact +57000 +57600 2004 9003 1000
a contact +57000 +57600 2008 1001 1000
a contact +57000 +57600 9002 1002 1000
a contact +57000 +57600 9003 2004 1000
a contact +57600 +58100 1001 2006 1000
a contact +57600 +58100 2006 1001 1000
a contact +58200 +58500 1001 2007 1000
a contact +58200 +58500 2007 1001 1000
a contact +58700 +59300 2006 9001 1000
a contact +58700 +59300 9001 2006 1000
a contact +59300 +60100 1001 2003 1000
a contact +59300 +60100 2003 1001 1000
a contact +59500 +60100 2006 9003 1000
a contact +59500 +60100 9003 2006 1000
a contact +61300 +61900 1002 2003 1000
a contact +61300 +61900 2003 1002 1000
a contact +61300 +61900 2007 9003 1000
a contact +61300 +61900 9003 2007 1000
a contact +64500 +65100 1001 2006 1000
a contact +64500 +65100 2006 1001 1000
a contact +65100 +65300 1002 2007 1000
a contact +65100 +65300 2007 1002 1000
a contact +66000 +66200 1002 2003 1000
a contact +66000 +66200 2003 1002 1000
a contact +66000 +66200 2004 2007 1000
a contact +66000 +66200 2007 2004 1000
a contact +66400 +67000 2001 9001 1000
a contact +66400 +67000 2003 9003 1000
a contact +66400 +67000 9001 2001 1000
a contact +66400 +67000 9003 2003 1000
a contact +67700 +67900 2001 2008 1000
a contact +67700 +67900 2008 2001 1000
a contact +68100 +68700 1001 9002 1000
a contact +68100 +68700 9002 1001 1000
a contact +68700 +69300 1002 2004 1000
a contact +68700 +69300 2004 1002 1000
a contact +69300 +69600 1002 2006 1000
a contact +69300 +69600 2006 1002 1000
a contact +69600 +70200 1002 2005 1000
a contact +69600 +70200 2005 1002 1000
a contact +70200 +70300 2003 2007 1000
a contact +70200 +70300 2007 2003 1000
a contact +71800 +72400 2005 9001 1000
a contact +71800 +72400 9001 2005 1000
a contact +72400 +73000 2001 2005 1000
a contact +72400 +73000 2005 2001 1000
a contact +73000 +73100 1002 2007 1000
a contact +73000 +73100 2007 1002 1000
a contact +73000 +73100 2008 9003 1000
a contact +73000 +73100 9003 2008 1000
a contact +73100 +73300 2001 2007 1000
a contact +73100 +73300 2007 2001 1000
a contact +73300 +73900 2008 9003 1000
a contact +73300 +73900 9003 2008 1000
a contact +73900 +74500 1002 2006 1000
a contact +73900 +74500 2006 1002 1000
a contact +74600 +75200 1002 9002 1000
a contact +74500 +75200 2001 2006 1000
a contact +74500 +75200 2006 2001 1000
a contact +74600 +75200 9002 1002 1000
a contact +75900 +76500 2006 9003 1000
a contact +75900 +76500 9003 2006 1000
a contact +76500 +76600 1002 9001 1000
a contact +76500 +76600 9001 1002 1000
a contact +77100 +77300 2001 2008 1000
a contact +77100 +77300 2008 2001 1000
a contact +77500 +78000 1002 2008 1000
a contact +77500 +78000 2008 1002 1000
a contact +78400 +79000 1002 2005 1000
a contact +78400 +79000 2005 1002 1000
a contact +84800 +84900 2001 2007 1000
a contact +84800 +84900 2007 2001 1000
a contact +85000 +85300 1002 2007 1000
a contact +85000 +85300 2007 1002 1000

a range +200 +500 2002 2006 0.0337
a range +200 +500 2006 2002 0.0337
a range +500 +800 2003 2007 0.0337
a range +500 +800 2007 2003 0.0337
a range +1400 +1900 2003 2008 0.0432
a range +1400 +1900 2008 2003 0.0432
a range +2800 +3400 2004 9001 1102.1199
a range +2800 +3400 9001 2004 1102.1199
a range +3600 +4200 1002 2006 1102.1854
a range +3600 +4200 2002 2008 0.0432
a range +3600 +4200 2006 1002 1102.1854
a range +3600 +4200 2008 2002 0.0432
a range +4200 +4800 1001 2005 1102.5215
a range +4200 +4800 2005 1001 1102.5215
a range +5400 +6000 2002 2006 0.0337
a range +5400 +6000 2006 2002 0.0337
a range +6000 +6600 2002 9002 1103.3677
a range +6000 +6600 9002 2002 1103.3677
a range +7300 +7900 1002 2005 1102.2184
a range +7300 +7900 2005 1002 1102.2184
a range +7900 +8500 1001 2005 1102.5215
a range +7900 +8500 1002 2007 1102.2314
a range +7900 +8500 2005 1001 1102.5215
a range +7900 +8500 2007 1002 1102.2314
a range +9200 +9600 2004 2007 0.0431
a range +9200 +9600 2007 2004 0.0431
a range +9200 +9900 1002 9003 0.0592
a range +9200 +9900 9003 1002 0.0592
a range +10600 +11000 2004 2007 0.0431
a range +10600 +11000 2007 2004 0.0431
a range +11000 +11300 2001 2008 0.0434
a range +11000 +11300 2008 2001 0.0434
a range +11500 +11600 1002 9003 0.0592
a range +11500 +11600 2003 2008 0.0431
a range +11500 +11600 2008 2003 0.0431
a range +11500 +11600 9003 1002 0.0592
a range +11600 +12000 2004 9002 1102.8419
a range +11600 +12000 9002 2004 1102.8419
a range +16400 +16800 1002 9001 0.0591
a range +16400 +16800 9001 1002 0.0591
a range +16800 +17300 2003 9002 1102.4702
a range +16800 +17300 9002 2003 1102.4702
a range +17300 +17700 2002 2005 0.043
a range +17300 +17700 2004 2007 0.043
a range +17300 +17700 2005 2002 0.043
a range +17300 +17700 2007 2004 0.043
a range +19000 +19200 2003 2007 0.0337
a range +19000 +19200 2007 2003 0.0337
a range +20000 +20500 2003 2007 0.0337
a range +20000 +20500 2007 2003 0.0337
a range +21000 +21200 1002 2005 1103.1532
a range +21000 +21200 2005 1002 1103.1532
a range +22400 +22600 2001 2005 0.0337
a range +22400 +22600 2005 2001 0.0337
a range +23800 +24400 1001 9003 0.0591
a range +23800 +24400 9003 1001 0.0591
a range +25000 +25600 1001 9003 0.0591
a range +25000 +25600 9003 1001 0.0591
a range +26000 +26200 2003 2007 0.0337
a range +26000 +26200 2007 2003 0.0337
a range +29400 +29800 2003 2008 0.0433
a range +29400 +29800 2008 2003 0.0433
a range +29800 +29900 1002 2003 1103.1535
a range +29800 +29900 2003 1002 1103.1535
a range +30200 +30400 1002 2003 1103.1535
a range +30200 +30400 2003 1002 1103.1535
a range +30400 +30500 1001 9002 0.0594
a range +30400 +30500 9002 1001 0.0594
a range +30500 +31100 1002 2006 1103.1389
a range +30500 +31100 2006 1002 1103.1389
a range +31100 +31700 1002 2004 1103.1386
a range +31100 +31700 2004 1002 1103.1386
a range +31700 +31800 2002 2005 0.0433
a range +31700 +31800 2005 2002 0.0433
a range +31800 +31900 1002 2003 1103.1535
a range +31800 +31900 2003 1002 1103.1535
a range +33000 +33600 2006 9002 1103.3633
a range +33000 +33600 9002 2006 1103.3633
a range +35000 +35600 1002 9001 0.0594
a range +35000 +35600 9001 1002 0.0594
a range +36800 +37400 2004 2007 0.0432
a range +36800 +37400 2007 2004 0.0432
a range +38200 +38800 1002 2006 1103.5392
a range +38200 +38800 2003 2007 0.0337
a range +38200 +38800 2006 1002 1103.5392
a range +38200 +38800 2007 2003 0.0337
a range +38800 +39300 1002 2004 1103.5215
a range +38800 +39300 2004 1002 1103.5215
a range +39300 +39600 1002 9002 0.0592
a range +39300 +39600 9002 1002 0.0592
a range +42200 +42800 1001 2005 1103.5775
a range +42200 +42800 1002 2007 1104.0597
a range +42200 +42800 2005 1001 1103.5775
a range +42200 +42800 2007 1002 1104.0597
a range +44000 +44100 2003 2007 0.0337
a range +44000 +44100 2007 2003 0.0337
a range +44100 +44700 1002 2004 1103.5215
a range +44100 +44700 2004 1002 1103.5215
a range +44700 +45000 2001 2005 0.0337
a range +44700 +45000 2005 2001 0.0337
a range +45000 +45400 2002 2007 0.0433
a range +45000 +45400 2007 2002 0.0433
a range +45600 +46200 2002 2005 0.0431
a range +45600 +46200 2004 2007 0.0431
a range +45600 +46200 2005 2002 0.0431
a range +45600 +46200 2007 2004 0.0431
a range +46200 +46700 2003 2008 0.0431
a range +46200 +46700 2008 2003 0.0431
a range +46700 +46800 1002 2003 1103.9834
a range +46700 +46800 2003 1002 1103.9834
a range +47300 +47600 2004 2007 0.0431
a range +47300 +47600 2007 2004 0.0431
a range +48900 +49000 2003 2007 0.0337
a range +48900 +49000 2007 2003 0.0337
a range +49000 +49300 2002 2008 0.0431
a range +49000 +49300 2008 2002 0.0431
a range +49500 +50100 1002 2003 1103.9834
a range +49500 +50100 2003 1002 1103.9834
a range +50700 +51300 1002 2008 1104.0442
a range +50700 +51300 2003 2007 0.0337
a range +50700 +51300 2007 2003 0.0337
a range +50700 +51300 2008 1002 1104.0442
a range +53300 +53900 1001 2005 1103.9173
a range +53300 +53900 2005 1001 1103.9173
a range +54500 +54600 1002 2003 1103.9834
a range +54500 +54600 2003 1002 1103.9834
a range +54500 +54700 2008 9003 1104.7521
a range +54500 +54700 9003 2008 1104.7521
a range +54700 +55000 1002 2003 1103.9834
a range +54700 +55000 2003 1002 1103.9834
a range +55600 +56100 1002 2008 1104.0442
a range +55600 +56100 2008 1002 1104.0442
a range +57000 +57600 1001 2008 1104.5104
a range +57000 +57600 1002 9002 0.0595
a range +57000 +57600 2004 9003 1104.296
a range +57000 +57600 2008 1001 1104.5104
a range +57000 +57600 9002 1002 0.0595
a range +57000 +57600 9003 2004 1104.296
a range +57600 +58100 1001 2006 1104.3329
a range +57600 +58100 2006 1001 1104.3329
a range +58200 +58500 1001 2007 1104.5028
a range +58200 +58500 2007 1001 1104.5028
a range +58700 +59300 2006 9001 1104.3091
a range +58700 +59300 9001 2006 1104.3091
a range +59300 +60100 1001 2003 1104.4962
a range +59300 +60100 2003 1001 1104.4962
a range +59500 +60100 2006 9003 1104.3117
a range +59500 +60100 9003 2006 1104.3117
a range +61300 +61900 1002 2003 1104.6375
a range +61300 +61900 2003 1002 1104.6375
a range +61300 +61900 2007 9003 1104.7658
a range +61300 +61900 9003 2007 1104.7658
a range +64500 +65100 1001 2006 1104.3329
a range +64500 +65100 2006 1001 1104.3329
a range +65100 +65300 1002 2007 1104.9544
a range +65100 +65300 2007 1002 1104.9544
a range +66000 +66200 1002 2003 1104.6375
a range +66000 +66200 2003 1002 1104.6375
a range +66000 +66200 2004 2007 0.0433
a range +66000 +66200 2007 2004 0.0433
a range +66400 +67000 2001 9001 1105.0474
a range +66400 +67000 2003 9003 1104.6691
a range +66400 +67000 9001 2001 1105.0474
a range +66400 +67000 9003 2003 1104.6691
a range +67700 +67900 2001 2008 0.0436
a range +67700 +67900 2008 2001 0.0436
a range +68100 +68700 1001 9002 0.0594
a range +68100 +68700 9002 1001 0.0594
a range +68700 +69300 1002 2004 1104.963
a range +68700 +69300 2004 1002 1104.963
a range +69300 +69600 1002 2006 1104.9628
a range +69300 +69600 2006 1002 1104.9628
a range +69600 +70200 1002 2005 1104.6638
a range +69600 +70200 2005 1002 1104.6638
a range +70200 +70300 2003 2007 0.0337
a range +70200 +70300 2007 2003 0.0337
a range +71800 +72400 2005 9001 1104.6705
a range +71800 +72400 9001 2005 1104.6705
a range +72400 +73000 2001 2005 0.0337
a range +72400 +73000 2005 2001 0.0337
a range +73000 +73100 1002 2007 1104.9544
a range +73000 +73100 2007 1002 1104.9544
a range +73000 +73100 2008 9003 1104.7521
a range +73000 +73100 9003 2008 1104.7521
a range +73100 +73300 2001 2007 0.0433
a range +73100 +73300 2007 2001 0.0433
a range +73300 +73900 2008 9003 1104.7521
a range +73300 +73900 9003 2008 1104.7521
a range +73900 +74500 1002 2006 1104.9628
a range +73900 +74500 2006 1002 1104.9628
a range +74600 +75200 1002 9002 0.0593
a range +74500 +75200 2001 2006 0.0432
a range +74500 +75200 2006 2001 0.0432
a range +74600 +75200 9002 1002 0.0593
a range +75900 +76500 2006 9003 1104.7407
a range +75900 +76500 9003 2006 1104.7407
a range +76500 +76600 1002 9001 0.0594
a range +76500 +76600 9001 1002 0.0594
a range +77100 +77300 2001 2008 0.0434
a range +77100 +77300 2008 2001 0.0434
a range +77500 +78000 1002 2008 1104.9588
a range +77500 +78000 2008 1002 1104.9588
a range +78400 +79000 1002 2005 1104.9504
a range +78400 +79000 2005 1002 1104.9504
a range +84800 +84900 2001 2007 0.0432
a range +84800 +84900 2007 2001 0.0432
a range +85000 +85300 1002 2007 1105.1034
a range +85000 +85300 2007 1002 1105.1034
