a contact +0 +600 1002 2033 10000
a contact +0 +600 1002 2030 10000
a contact +0 +600 1002 2015 10000
a contact +0 +600 1003 2001 10000
a contact +0 +600 1003 2014 10000
a contact +0 +600 1003 2010 10000
a contact +0 +600 1004 2041 10000
a contact +0 +600 1004 9001 100000
a contact +0 +600 1004 2025 10000
a contact +0 +600 1005 2005 10000
a contact +0 +600 1005 2031 10000
a contact +0 +600 1005 2004 10000
a contact +0 +600 1006 2003 10000
a contact +0 +600 1006 2007 10000
a contact +0 +600 1006 2006 10000
a contact +0 +600 1007 2002 10000
a contact +0 +600 1007 2028 10000
a contact +0 +600 1007 2048 10000
a contact +0 +600 2001 1003 10000
a contact +0 +600 2002 1007 10000
a contact +0 +600 2003 1006 10000
a contact +0 +600 2004 1005 10000
a contact +0 +600 2005 1005 10000
a contact +0 +600 2006 1006 10000
a contact +0 +600 2007 1006 10000
a contact +0 +600 2010 1003 10000
a contact +0 +600 2014 1003 10000
a contact +0 +600 2015 1002 10000
a contact +0 +600 2025 1004 10000
a contact +0 +600 2028 1007 10000
a contact +0 +600 2030 1002 10000
a contact +0 +600 2031 1005 10000
a contact +0 +600 2033 1002 10000
a contact +0 +600 2041 1004 10000
a contact +0 +600 2048 1007 10000
a contact +0 +600 9001 1004 100000
a contact +0 +2400 1001 9003 100000
a contact +1800 +2400 1006 2034 10000
a contact +1800 +2400 2034 1006 10000
a contact +0 +2400 9003 1001 100000
a contact +1800 +3000 1005 2027 10000
a contact +2400 +3000 1005 2028 10000
a contact +1800 +3000 2027 1005 10000
a contact +2400 +3000 2028 1005 10000
a contact +5400 +6000 1005 2049 10000
a contact +5400 +6000 1007 9003 100000
a contact +5400 +6000 2049 1005 10000
a contact +5400 +6000 9003 1007 100000
a contact +7200 +7800 1001 2001 10000
a contact +7200 +7800 2001 1001 10000
a contact +8400 +9000 1002 2010 10000
a contact +8400 +9000 2010 1002 10000
a contact +7200 +9600 1006 9003 100000
a contact +7200 +9600 9003 1006 100000
a contact +10800 +12600 1005 9003 100000
a contact +10800 +12600 9003 1005 100000
a contact +13800 +14400 1004 9003 100000
a contact +13800 +14400 9003 1004 100000
a contact +17400 +18600 1003 9003 100000
a contact +18000 +18600 1003 9001 100000
a contact +18000 +18600 9001 1003 100000
a contact +17400 +18600 9003 1003 100000
a contact +21000 +21600 1007 2005 10000
a contact +21000 +21600 2005 1007 10000
a contact +23400 +24000 1005 2019 10000
a contact +23400 +24000 2019 1005 10000
a contact +24000 +24600 1004 2001 10000
a contact +24000 +24600 2001 1004 10000
a contact +25800 +26400 1001 9001 100000
a contact +25800 +26400 9001 1001 100000
a contact +28200 +28800 1007 9003 100000
a contact +28200 +28800 9003 1007 100000
a contact +28800 +29400 1002 9002 100000
a contact +28800 +29400 1003 2014 10000
a contact +28800 +29400 1005 2042 10000
a contact +27600 +29400 1007 9001 100000
a contact +28800 +29400 2014 1003 10000
a contact +28800 +29400 2042 1005 10000
a contact +27600 +29400 9001 1007 100000
a contact +28800 +29400 9002 1002 100000
a contact +30600 +31200 1005 2043 10000
a contact +30600 +31200 2043 1005 10000
a contact +32400 +33000 1003 2037 10000
a contact +31200 +33000 1006 9001 100000
a contact +32400 +33000 2037 1003 10000
a contact +31200 +33000 9001 1006 100000
a contact +34200 +36600 1005 9001 100000
a contact +34200 +36600 9001 1005 100000
a contact +36600 +37800 1003 2027 10000
a contact +37200 +37800 1004 9001 100000
a contact +36600 +37800 2027 1003 10000
a contact +37200 +37800 9001 1004 100000
a contact +41400 +42000 1003 9001 100000
a contact +41400 +42000 9001 1003 100000
a contact +42600 +43200 1005 2046 10000
a contact +42600 +43200 1005 2001 10000
a contact +42600 +43200 2001 1005 10000
a contact +42600 +43200 2046 1005 10000
a contact +43800 +44400 1006 2025 10000
a contact +43800 +44400 2025 1006 10000
a contact +44400 +45000 1004 2024 10000
a contact +44400 +45000 1005 2009 10000
a contact +44400 +45000 2009 1005 10000
a contact +44400 +45000 2024 1004 10000
a contact +46200 +46800 1005 2025 10000
a contact +46200 +46800 2025 1005 10000
a contact +48000 +48600 1002 2041 10000
a contact +46800 +48600 1006 2034 10000
a contact +46800 +48600 2034 1006 10000
a contact +48000 +48600 2041 1002 10000
a contact +49200 +49800 1001 9002 100000
a contact +48000 +49800 1005 2028 10000
a contact +49200 +49800 1006 2024 10000
a contact +49200 +49800 2024 1006 10000
a contact +48000 +49800 2028 1005 10000
a contact +49200 +49800 9002 1001 100000
a contact +49800 +50400 1007 2052 10000
a contact +49800 +50400 2052 1007 10000
a contact +49800 +51600 1005 2029 10000
a contact +50400 +51600 1007 9001 100000
a contact +51000 +51600 1007 9002 100000
a contact +49800 +51600 2029 1005 10000
a contact +50400 +51600 9001 1007 100000
a contact +51000 +51600 9002 1007 100000
a contact +51600 +52200 1002 2013 10000
a contact +51600 +52200 2013 1002 10000
a contact +51000 +52800 1006 2001 10000
a contact +51000 +52800 2001 1006 10000
a contact +52200 +53400 1007 9002 100000
a contact +52200 +53400 9002 1007 100000
a contact +52800 +54000 1002 2024 10000
a contact +52800 +54000 2024 1002 10000
a contact +52800 +54600 1005 2046 10000
a contact +52800 +54600 2046 1005 10000
a contact +55200 +55800 1002 2028 10000
a contact +55200 +55800 1006 9002 100000
a contact +55200 +55800 2028 1002 10000
a contact +55200 +55800 9002 1006 100000
a contact +55800 +56400 1007 2043 10000
a contact +55800 +56400 2043 1007 10000
a contact +57600 +58200 1003 2052 10000
a contact +57600 +58200 1006 2025 10000
a contact +57600 +58200 2025 1006 10000
a contact +57600 +58200 2052 1003 10000
a contact +58200 +58800 1006 2049 10000
a contact +58200 +58800 2049 1006 10000
a contact +58800 +59400 1003 2038 10000
a contact +57600 +59400 1005 9002 100000
a contact +58200 +59400 1007 2046 10000
a contact +58800 +59400 2038 1003 10000
a contact +58200 +59400 2046 1007 10000
a contact +57600 +59400 9002 1005 100000
a contact +59400 +60000 1007 2003 10000
a contact +59400 +60000 2003 1007 10000
a contact +62400 +63000 1002 9001 100000
a contact +61800 +63000 1004 9002 100000
a contact +62400 +63000 9001 1002 100000
a contact +61800 +63000 9002 1004 100000
a contact +63600 +64200 1003 9002 100000
a contact +63600 +64200 1005 9003 100000
a contact +63600 +64200 9002 1003 100000
a contact +63600 +64200 9003 1005 100000
a contact +65400 +66000 1005 9003 100000
a contact +65400 +66000 9003 1005 100000
a contact +67800 +68400 1002 9002 100000
a contact +67800 +68400 9002 1002 100000
a contact +69600 +70200 1002 9002 100000
a contact +69600 +70200 9002 1002 100000
a contact +70800 +71400 1006 9001 100000
a contact +70800 +71400 9001 1006 100000
a contact +70800 +73200 1001 9002 100000
a contact +70800 +73200 9002 1001 100000
a contact +75000 +75600 1003 9001 100000
a contact +75000 +75600 9001 1003 100000
a contact +75600 +76200 1003 2011 10000
a contact +73800 +76200 1007 9002 100000
a contact +75600 +76200 2011 1003 10000
a contact +73800 +76200 9002 1007 100000
a contact +77400 +78600 1006 9002 100000
a contact +77400 +78600 9002 1006 100000
a contact +79200 +79800 1004 2042 10000
a contact +79200 +79800 1005 2001 10000
a contact +79200 +79800 1006 9003 100000
a contact +79200 +79800 2001 1005 10000
a contact +79200 +79800 2042 1004 10000
a contact +79200 +79800 9003 1006 100000
a contact +81600 +82200 1003 2001 10000
a contact +81600 +82200 2001 1003 10000
a contact +81600 +82800 1005 9003 100000
a contact +81600 +82800 9003 1005 100000
a contact +83400 +84000 1003 2010 10000
a contact +83400 +84000 2010 1003 10000
a contact +85200 +85800 1004 9003 100000
a contact +85200 +85800 9003 1004 100000

a range +0 +600 1002 2033 0
a range +0 +600 1002 2030 0
a range +0 +600 1002 2015 0
a range +0 +600 1003 2001 0
a range +0 +600 1003 2014 0
a range +0 +600 1003 2010 0
a range +0 +600 1004 2041 0
a range +0 +600 1004 9001 0
a range +0 +600 1004 2025 0
a range +0 +600 1005 2005 0
a range +0 +600 1005 2031 0
a range +0 +600 1005 2004 0
a range +0 +600 1006 2003 0
a range +0 +600 1006 2007 0
a range +0 +600 1006 2006 0
a range +0 +600 1007 2002 0
a range +0 +600 1007 2028 0
a range +0 +600 1007 2048 0
a range +0 +600 2001 1003 0
a range +0 +600 2002 1007 0
a range +0 +600 2003 1006 0
a range +0 +600 2004 1005 0
a range +0 +600 2005 1005 0
a range +0 +600 2006 1006 0
a range +0 +600 2007 1006 0
a range +0 +600 2010 1003 0
a range +0 +600 2014 1003 0
a range +0 +600 2015 1002 0
a range +0 +600 2025 1004 0
a range +0 +600 2028 1007 0
a range +0 +600 2030 1002 0
a range +0 +600 2031 1005 0
a range +0 +600 2033 1002 0
a range +0 +600 2041 1004 0
a range +0 +600 2048 1007 0
a range +0 +600 9001 1004 0
a range +0 +2400 1001 9003 0
a range +1800 +2400 1006 2034 0
a range +1800 +2400 2034 1006 0
a range +0 +2400 9003 1001 0
a range +1800 +3000 1005 2027 0
a range +2400 +3000 1005 2028 0
a range +1800 +3000 2027 1005 0
a range +2400 +3000 2028 1005 0
a range +5400 +6000 1005 2049 0
a range +5400 +6000 1007 9003 0
a range +5400 +6000 2049 1005 0
a range +5400 +6000 9003 1007 0
a range +7200 +7800 1001 2001 0
a range +7200 +7800 2001 1001 0
a range +8400 +9000 1002 2010 0
a range +8400 +9000 2010 1002 0
a range +7200 +9600 1006 9003 0
a range +7200 +9600 9003 1006 0
a range +10800 +12600 1005 9003 0
a range +10800 +12600 9003 1005 0
a range +13800 +14400 1004 9003 0
a range +13800 +14400 9003 1004 0
a range +17400 +18600 1003 9003 0
a range +18000 +18600 1003 9001 0
a range +18000 +18600 9001 1003 0
a range +17400 +18600 9003 1003 0
a range +21000 +21600 1007 2005 0
a range +21000 +21600 2005 1007 0
a range +23400 +24000 1005 2019 0
a range +23400 +24000 2019 1005 0
a range +24000 +24600 1004 2001 0
a range +24000 +24600 2001 1004 0
a range +25800 +26400 1001 9001 0
a range +25800 +26400 9001 1001 0
a range +28200 +28800 1007 9003 0
a range +28200 +28800 9003 1007 0
a range +28800 +29400 1002 9002 0
a range +28800 +29400 1003 2014 0
a range +28800 +29400 1005 2042 0
a range +27600 +29400 1007 9001 0
a range +28800 +29400 2014 1003 0
a range +28800 +29400 2042 1005 0
a range +27600 +29400 9001 1007 0
a range +28800 +29400 9002 1002 0
a range +30600 +31200 1005 2043 0
a range +30600 +31200 2043 1005 0
a range +32400 +33000 1003 2037 0
a range +31200 +33000 1006 9001 0
a range +32400 +33000 2037 1003 0
a range +31200 +33000 9001 1006 0
a range +34200 +36600 1005 9001 0
a range +34200 +36600 9001 1005 0
a range +36600 +37800 1003 2027 0
a range +37200 +37800 1004 9001 0
a range +36600 +37800 2027 1003 0
a range +37200 +37800 9001 1004 0
a range +41400 +42000 1003 9001 0
a range +41400 +42000 9001 1003 0
a range +42600 +43200 1005 2046 0
a range +42600 +43200 1005 2001 0
a range +42600 +43200 2001 1005 0
a range +42600 +43200 2046 1005 0
a range +43800 +44400 1006 2025 0
a range +43800 +44400 2025 1006 0
a range +44400 +45000 1004 2024 0
a range +44400 +45000 1005 2009 0
a range +44400 +45000 2009 1005 0
a range +44400 +45000 2024 1004 0
a range +46200 +46800 1005 2025 0
a range +46200 +46800 2025 1005 0
a range +48000 +48600 1002 2041 0
a range +46800 +48600 1006 2034 0
a range +46800 +48600 2034 1006 0
a range +48000 +48600 2041 1002 0
a range +49200 +49800 1001 9002 0
a range +48000 +49800 1005 2028 0
a range +49200 +49800 1006 2024 0
a range +49200 +49800 2024 1006 0
a range +48000 +49800 2028 1005 0
a range +49200 +49800 9002 1001 0
a range +49800 +50400 1007 2052 0
a range +49800 +50400 2052 1007 0
a range +49800 +51600 1005 2029 0
a range +50400 +51600 1007 9001 0
a range +51000 +51600 1007 9002 0
a range +49800 +51600 2029 1005 0
a range +50400 +51600 9001 1007 0
a range +51000 +51600 9002 1007 0
a range +51600 +52200 1002 2013 0
a range +51600 +52200 2013 1002 0
a range +51000 +52800 1006 2001 0
a range +51000 +52800 2001 1006 0
a range +52200 +53400 1007 9002 0
a range +52200 +53400 9002 1007 0
a range +52800 +54000 1002 2024 0
a range +52800 +54000 2024 1002 0
a range +52800 +54600 1005 2046 0
a range +52800 +54600 2046 1005 0
a range +55200 +55800 1002 2028 0
a range +55200 +55800 1006 9002 0
a range +55200 +55800 2028 1002 0
a range +55200 +55800 9002 1006 0
a range +55800 +56400 1007 2043 0
a range +55800 +56400 2043 1007 0
a range +57600 +58200 1003 2052 0
a range +57600 +58200 1006 2025 0
a range +57600 +58200 2025 1006 0
a range +57600 +58200 2052 1003 0
a range +58200 +58800 1006 2049 0
a range +58200 +58800 2049 1006 0
a range +58800 +59400 1003 2038 0
a range +57600 +59400 1005 9002 0
a range +58200 +59400 1007 2046 0
a range +58800 +59400 2038 1003 0
a range +58200 +59400 2046 1007 0
a range +57600 +59400 9002 1005 0
a range +59400 +60000 1007 2003 0
a range +59400 +60000 2003 1007 0
a range +62400 +63000 1002 9001 0
a range +61800 +63000 1004 9002 0
a range +62400 +63000 9001 1002 0
a range +61800 +63000 9002 1004 0
a range +63600 +64200 1003 9002 0
a range +63600 +64200 1005 9003 0
a range +63600 +64200 9002 1003 0
a range +63600 +64200 9003 1005 0
a range +65400 +66000 1005 9003 0
a range +65400 +66000 9003 1005 0
a range +67800 +68400 1002 9002 0
a range +67800 +68400 9002 1002 0
a range +69600 +70200 1002 9002 0
a range +69600 +70200 9002 1002 0
a range +70800 +71400 1006 9001 0
a range +70800 +71400 9001 1006 0
a range +70800 +73200 1001 9002 0
a range +70800 +73200 9002 1001 0
a range +75000 +75600 1003 9001 0
a range +75000 +75600 9001 1003 0
a range +75600 +76200 1003 2011 0
a range +73800 +76200 1007 9002 0
a range +75600 +76200 2011 1003 0
a range +73800 +76200 9002 1007 0
a range +77400 +78600 1006 9002 0
a range +77400 +78600 9002 1006 0
a range +79200 +79800 1004 2042 0
a range +79200 +79800 1005 2001 0
a range +79200 +79800 1006 9003 0
a range +79200 +79800 2001 1005 0
a range +79200 +79800 2042 1004 0
a range +79200 +79800 9003 1006 0
a range +81600 +82200 1003 2001 0
a range +81600 +82200 2001 1003 0
a range +81600 +82800 1005 9003 0
a range +81600 +82800 9003 1005 0
a range +83400 +84000 1003 2010 0
a range +83400 +84000 2010 1003 0
a range +85200 +85800 1004 9003 0
a range +85200 +85800 9003 1004 0
