a contact +1800 +2400 18 2 50000000
a contact +2400 +3000 17 1 50000000
a contact +3000 +3600 15 2 50000000
a contact +3000 +3600 18 3 50000000
a contact +3600 +4200 17 3 50000000
a contact +6600 +7200 10 2 50000000
a contact +7200 +7800 10 3 50000000
a contact +7800 +8400 8 2 50000000
a contact +9000 +9600 7 3 50000000
a contact +9000 +9600 9 2 50000000
a contact +9600 +10200 6 20 50000000
a contact +12600 +13200 9 3 50000000
a contact +14400 +15000 12 3 50000000
a contact +15600 +16200 15 3 50000000
a contact +18000 +18600 11 3 50000000
a contact +18600 +19200 7 3 50000000
a contact +19800 +20400 19 2 50000000
a contact +24000 +24600 10 1 50000000
a contact +24000 +24600 13 2 50000000
a contact +25200 +25800 11 1 50000000
a contact +27600 +28200 8 3 50000000
a contact +30600 +31200 18 2 50000000
a contact +31800 +32400 17 2 50000000
a contact +33600 +34200 15 2 50000000
a contact +34800 +35400 13 1 50000000
a contact +35400 +36000 11 2 50000000
a contact +36600 +37200 11 1 50000000
a contact +37800 +38400 10 2 50000000
a contact +39600 +40200 19 3 50000000
a contact +40800 +41400 6 22 50000000
a contact +44400 +45000 12 3 50000000
a contact +46800 +47400 7 3 50000000
a contact +47400 +48000 9 3 50000000
a contact +48000 +48600 8 1 50000000
a contact +52800 +53400 11 1 50000000
a contact +52800 +53400 14 2 50000000
a contact +58200 +58800 5 20 50000000
a contact +61200 +61800 14 3 50000000
a contact +61800 +62400 15 2 50000000
a contact +63000 +63600 17 1 50000000
a contact +64200 +64800 12 2 50000000
a contact +66000 +66600 9 2 50000000
a contact +67800 +68400 6 20 50000000
a contact +67800 +68400 18 3 50000000
a contact +68400 +69000 5 20 50000000
a contact +68400 +69000 19 3 50000000
a contact +76800 +77400 6 20 50000000
a contact +78600 +79200 19 3 50000000
a contact +80400 +81000 18 2 50000000
a contact +81600 +82200 15 2 50000000
a contact +83400 +84000 9 2 50000000
a contact +85200 +85800 10 2 50000000
a contact +85800 +86400 7 2 50000000
a contact +1800 +86400 20 23 100000000000
a contact +1800 +86400 23 20 100000000000
a contact +1800 +86400 21 23 100000000000
a contact +1800 +86400 23 21 100000000000
a contact +1800 +86400 22 23 100000000000
a contact +1800 +86400 23 22 100000000000

a range +1800 +2400 18 2 0.055
a range +2400 +3000 17 1 0.055
a range +3000 +3600 15 2 0.054
a range +3000 +3600 18 3 0.0552
a range +3600 +4200 17 3 0.0543
a range +6600 +7200 10 2 0.055
a range +7200 +7800 10 3 0.0558
a range +7800 +8400 8 2 0.0555
a range +9000 +9600 7 3 0.0552
a range +9000 +9600 9 2 0.055
a range +9600 +10200 6 20 1102.3568
a range +12600 +13200 9 3 0.0542
a range +14400 +15000 12 3 0.0543
a range +15600 +16200 15 3 0.0557
a range +18000 +18600 11 3 0.054
a range +18600 +19200 7 3 0.0552
a range +19800 +20400 19 2 0.0553
a range +24000 +24600 10 1 0.0549
a range +24000 +24600 13 2 0.0552
a range +25200 +25800 11 1 0.0547
a range +27600 +28200 8 3 0.0542
a range +30600 +31200 18 2 0.0558
a range +31800 +32400 17 2 0.054
a range +33600 +34200 15 2 0.0546
a range +34800 +35400 13 1 0.0546
a range +35400 +36000 11 2 0.0554
a range +36600 +37200 11 1 0.0547
a range +37800 +38400 10 2 0.0437
a range +39600 +40200 19 3 0.0546
a range +40800 +41400 6 22 1104.7851
a range +44400 +45000 12 3 0.0547
a range +46800 +47400 7 3 0.0552
a range +47400 +48000 9 3 0.0542
a range +48000 +48600 8 1 0.0541
a range +52800 +53400 11 1 0.0547
a range +52800 +53400 14 2 0.0542
a range +58200 +58800 5 20 1105.0618
a range +61200 +61800 14 3 0.0326
a range +61800 +62400 15 2 0.0544
a range +63000 +63600 17 1 0.055
a range +64200 +64800 12 2 0.0097
a range +66000 +66600 9 2 0.0401
a range +67800 +68400 6 20 1105.0472
a range +67800 +68400 18 3 0.0546
a range +68400 +69000 5 20 1105.0618
a range +68400 +69000 19 3 0.0546
a range +76800 +77400 6 20 1105.0472
a range +78600 +79200 19 3 0.0543
a range +80400 +81000 18 2 0.0396
a range +81600 +82200 15 2 0.0458
a range +83400 +84000 9 2 0.0401
a range +85200 +85800 10 2 0.0437
a range +85800 +86400 7 2 0.0364
a range +1800 +86400 20 23 0.0
a range +1800 +86400 23 20 0.0
a range +1800 +86400 21 23 0.0
a range +1800 +86400 23 21 0.0
a range +1800 +86400 22 23 0.0
a range +1800 +86400 23 22 0.0
