a contact +600 +1200 18 1 50000000
a contact +6000 +6600 18 1 50000000
a contact +9600 +10200 19 2 50000000
a contact +12000 +12600 12 1 50000000
a contact +12000 +12600 15 2 50000000
a contact +14400 +15000 12 3 50000000
a contact +17400 +18000 18 2 50000000
a contact +19800 +20400 14 2 50000000
a contact +20400 +21000 15 1 50000000
a contact +21000 +21600 2 22 1200000000
a contact +21000 +21600 19 1 50000000
a contact +22200 +23400 19 3 50000000
a contact +25800 +26400 16 1 50000000
a contact +27600 +28200 18 3 50000000
a contact +28200 +28800 12 3 50000000
a contact +28200 +28800 13 2 50000000
a contact +32400 +33000 15 2 50000000
a contact +36600 +37800 19 1 50000000
a contact +37800 +38400 18 3 50000000
a contact +43200 +43800 16 2 50000000
a contact +43200 +43800 19 3 50000000
a contact +45600 +46200 17 3 50000000
a contact +49800 +50400 19 1 50000000
a contact +50400 +51000 19 3 50000000
a contact +51600 +52200 12 2 50000000
a contact +52200 +52800 19 2 50000000
a contact +54000 +54600 15 3 50000000
a contact +54000 +54600 16 2 50000000
a contact +55200 +55800 19 1 50000000
a contact +57600 +58200 11 3 50000000
a contact +58800 +59400 18 2 50000000
a contact +59400 +60000 17 3 50000000
a contact +59400 +60600 12 3 50000000
a contact +60600 +61200 17 3 50000000
a contact +64800 +65400 19 3 50000000
a contact +68400 +69600 19 3 50000000
a contact +69600 +70200 18 3 50000000
a contact +70200 +70800 19 3 50000000
a contact +71400 +72000 15 1 50000000
a contact +75600 +76200 15 3 50000000
a contact +78000 +78600 19 3 50000000
a contact +81000 +81600 19 2 50000000
a contact +81600 +82200 18 2 50000000
a contact +82800 +83400 17 3 50000000
a contact +83400 +84000 17 3 50000000
a contact +85200 +85800 17 2 50000000
a contact +600 +85800 20 23 100000000000
a contact +600 +85800 23 20 100000000000
a contact +600 +85800 21 23 100000000000
a contact +600 +85800 23 21 100000000000
a contact +600 +85800 22 23 100000000000
a contact +600 +85800 23 22 100000000000

a range +600 +1200 18 1 0.0199
a range +6000 +6600 18 1 0.0199
a range +9600 +10200 19 2 0.0401
a range +12000 +12600 12 1 0.052
a range +12000 +12600 15 2 0.0458
a range +14400 +15000 12 3 0.0547
a range +17400 +18000 18 2 0.0558
a range +19800 +20400 14 2 0.0554
a range +20400 +21000 15 1 0.0546
a range +21000 +21600 2 22 1104.7107
a range +21000 +21600 19 1 0.0389
a range +22200 +23400 19 3 0.0545
a range +25800 +26400 16 1 0.0553
a range +27600 +28200 18 3 0.0542
a range +28200 +28800 12 3 0.0491
a range +28200 +28800 13 2 0.0372
a range +32400 +33000 15 2 0.054
a range +36600 +37800 19 1 0.0389
a range +37800 +38400 18 3 0.0546
a range +43200 +43800 16 2 0.0543
a range +43200 +43800 19 3 0.0545
a range +45600 +46200 17 3 0.0554
a range +49800 +50400 19 1 0.0389
a range +50400 +51000 19 3 0.0546
a range +51600 +52200 12 2 0.0549
a range +52200 +52800 19 2 0.0553
a range +54000 +54600 15 3 0.0409
a range +54000 +54600 16 2 0.0437
a range +55200 +55800 19 1 0.0389
a range +57600 +58200 11 3 0.054
a range +58800 +59400 18 2 0.0558
a range +59400 +60000 17 3 0.0373
a range +59400 +60600 12 3 0.0543
a range +60600 +61200 17 3 0.0373
a range +64800 +65400 19 3 0.0546
a range +68400 +69600 19 3 0.0546
a range +69600 +70200 18 3 0.0546
a range +70200 +70800 19 3 0.0546
a range +71400 +72000 15 1 0.038
a range +75600 +76200 15 3 0.0557
a range +78000 +78600 19 3 0.0543
a range +81000 +81600 19 2 0.0553
a range +81600 +82200 18 2 0.0558
a range +82800 +83400 17 3 0.0373
a range +83400 +84000 17 3 0.0373
a range +85200 +85800 17 2 0.054
a range +600 +85800 20 23 0.0
a range +600 +85800 23 20 0.0
a range +600 +85800 21 23 0.0
a range +600 +85800 23 21 0.0
a range +600 +85800 22 23 0.0
a range +600 +85800 23 22 0.0
