a contact +1800 +2400 2015 1002 50
a contact +2400 +3000 2014 1001 50
a contact +3000 +3600 2012 1002 50
a contact +3000 +3600 2015 1003 50
a contact +3600 +4200 2014 1003 50
a contact +6600 +7200 2007 1002 50
a contact +7200 +7800 2007 1003 50
a contact +7800 +8400 2005 1002 50
a contact +9000 +9600 2004 1003 50
a contact +9000 +9600 2006 1002 50
a contact +9600 +10200 2003 9001 50
a contact +12600 +13200 2006 1003 50
a contact +14400 +15000 2009 1003 50
a contact +15600 +16200 2012 1003 50
a contact +18000 +18600 2008 1003 50
a contact +18600 +19200 2004 1003 50
a contact +19800 +20400 2016 1002 50
a contact +24000 +24600 2007 1001 50
a contact +24000 +24600 2010 1002 50
a contact +25200 +25800 2008 1001 50
a contact +27600 +28200 2005 1003 50
a contact +30600 +31200 2015 1002 50
a contact +31800 +32400 2014 1002 50
a contact +33600 +34200 2012 1002 50
a contact +34800 +35400 2010 1001 50
a contact +35400 +36000 2008 1002 50
a contact +36600 +37200 2008 1001 50
a contact +37800 +38400 2007 1002 50
a contact +39600 +40200 2016 1003 50
a contact +40800 +41400 2003 9003 50
a contact +44400 +45000 2009 1003 50
a contact +46800 +47400 2004 1003 50
a contact +47400 +48000 2006 1003 50
a contact +48000 +48600 2005 1001 50
a contact +52800 +53400 2008 1001 50
a contact +52800 +53400 2011 1002 50
a contact +58200 +58800 2002 9001 50
a contact +61200 +61800 2011 1003 50
a contact +61800 +62400 2012 1002 50
a contact +63000 +63600 2014 1001 50
a contact +64200 +64800 2009 1002 50
a contact +66000 +66600 2006 1002 50
a contact +67800 +68400 2003 9001 50
a contact +67800 +68400 2015 1003 50
a contact +68400 +69000 2002 9001 50
a contact +68400 +69000 2016 1003 50
a contact +76800 +77400 2003 9001 50
a contact +78600 +79200 2016 1003 50
a contact +80400 +81000 2015 1002 50
a contact +81600 +82200 2012 1002 50
a contact +83400 +84000 2006 1002 50
a contact +85200 +85800 2007 1002 50
a contact +85800 +86400 2004 1002 50

a range +1800 +2400 2015 1002 0.055
a range +2400 +3000 2014 1001 0.055
a range +3000 +3600 2012 1002 0.054
a range +3000 +3600 2015 1003 0.0552
a range +3600 +4200 2014 1003 0.0543
a range +6600 +7200 2007 1002 0.055
a range +7200 +7800 2007 1003 0.0558
a range +7800 +8400 2005 1002 0.0555
a range +9000 +9600 2004 1003 0.0552
a range +9000 +9600 2006 1002 0.055
a range +9600 +10200 2003 9001 1102.3568
a range +12600 +13200 2006 1003 0.0542
a range +14400 +15000 2009 1003 0.0543
a range +15600 +16200 2012 1003 0.0557
a range +18000 +18600 2008 1003 0.054
a range +18600 +19200 2004 1003 0.0552
a range +19800 +20400 2016 1002 0.0553
a range +24000 +24600 2007 1001 0.0549
a range +24000 +24600 2010 1002 0.0552
a range +25200 +25800 2008 1001 0.0547
a range +27600 +28200 2005 1003 0.0542
a range +30600 +31200 2015 1002 0.0558
a range +31800 +32400 2014 1002 0.054
a range +33600 +34200 2012 1002 0.0546
a range +34800 +35400 2010 1001 0.0546
a range +35400 +36000 2008 1002 0.0554
a range +36600 +37200 2008 1001 0.0547
a range +37800 +38400 2007 1002 0.0437
a range +39600 +40200 2016 1003 0.0546
a range +40800 +41400 2003 9003 1104.7851
a range +44400 +45000 2009 1003 0.0547
a range +46800 +47400 2004 1003 0.0552
a range +47400 +48000 2006 1003 0.0542
a range +48000 +48600 2005 1001 0.0541
a range +52800 +53400 2008 1001 0.0547
a range +52800 +53400 2011 1002 0.0542
a range +58200 +58800 2002 9001 1105.0618
a range +61200 +61800 2011 1003 0.0326
a range +61800 +62400 2012 1002 0.0544
a range +63000 +63600 2014 1001 0.055
a range +64200 +64800 2009 1002 0.0097
a range +66000 +66600 2006 1002 0.0401
a range +67800 +68400 2003 9001 1105.0472
a range +67800 +68400 2015 1003 0.0546
a range +68400 +69000 2002 9001 1105.0618
a range +68400 +69000 2016 1003 0.0546
a range +76800 +77400 2003 9001 1105.0472
a range +78600 +79200 2016 1003 0.0543
a range +80400 +81000 2015 1002 0.0396
a range +81600 +82200 2012 1002 0.0458
a range +83400 +84000 2006 1002 0.0401
a range +85200 +85800 2007 1002 0.0437
a range +85800 +86400 2004 1002 0.0364
