a contact +0 +600 6 1 50000000
a contact +0 +600 11 2 50000000
a contact +0 +600 13 3 50000000
a contact +0 +600 14 3 50000000
a contact +0 +600 15 1 50000000
a contact +0 +600 16 2 50000000
a contact +600 +1200 11 20 50000000
a contact +600 +1200 14 21 50000000
a contact +1200 +1800 4 3 50000000
a contact +1200 +1800 11 3 50000000
a contact +1200 +1800 13 2 50000000
a contact +1200 +1800 14 1 50000000
a contact +1200 +1800 15 2 50000000
a contact +1200 +1800 19 1 50000000
a contact +1800 +2400 12 21 50000000
a contact +1800 +2400 18 20 50000000
a contact +2400 +3000 7 2 50000000
a contact +2400 +3000 9 1 50000000
a contact +2400 +3000 12 1 50000000
a contact +2400 +3000 14 2 50000000
a contact +2400 +3000 18 3 50000000
a contact +2400 +3000 19 3 50000000
a contact +3000 +3600 15 20 50000000
a contact +3000 +3600 18 21 50000000
a contact +3600 +4200 5 2 50000000
a contact +3600 +4200 6 1 50000000
a contact +3600 +4200 10 3 50000000
a contact +3600 +4200 11 1 50000000
a contact +3600 +4200 12 2 50000000
a contact +3600 +4200 13 3 50000000
a contact +4200 +4800 5 21 50000000
a contact +4200 +4800 14 20 50000000
a contact +4800 +5400 6 2 50000000
a contact +4800 +5400 9 2 50000000
a contact +4800 +5400 12 1 50000000
a contact +4800 +5400 13 3 50000000
a contact +4800 +5400 17 1 50000000
a contact +4800 +5400 18 3 50000000
a contact +5400 +6000 13 21 50000000
a contact +5400 +6000 19 20 50000000
a contact +6000 +6600 7 2 50000000
a contact +6000 +6600 9 3 50000000
a contact +6000 +6600 12 1 50000000
a contact +6000 +6600 13 1 50000000
a contact +6000 +6600 15 2 50000000
a contact +6000 +6600 19 3 50000000
a contact +6600 +7200 15 20 50000000
a contact +6600 +7200 19 21 50000000
a contact +7200 +7800 5 2 50000000
a contact +7200 +7800 7 3 50000000
a contact +7200 +7800 9 3 50000000
a contact +7200 +7800 10 2 50000000
a contact +7200 +7800 17 1 50000000
a contact +7200 +7800 19 1 50000000
a contact +7800 +8400 9 20 50000000
a contact +7800 +8400 14 21 50000000
a contact +8400 +9000 4 2 50000000
a contact +8400 +9000 8 3 50000000
a contact +8400 +9000 13 3 50000000
a contact +8400 +9000 15 1 50000000
a contact +8400 +9000 18 2 50000000
a contact +8400 +9000 19 1 50000000
a contact +9000 +9600 15 20 50000000
a contact +9000 +9600 19 21 50000000
a contact +9600 +10200 6 3 50000000
a contact +9600 +10200 10 1 50000000
a contact +9600 +10200 11 3 50000000
a contact +9600 +10200 13 2 50000000
a contact +9600 +10200 16 2 50000000
a contact +9600 +10200 17 1 50000000
a contact +10200 +10800 6 20 50000000
a contact +10200 +10800 7 21 50000000
a contact +10800 +11400 4 2 50000000
a contact +10800 +11400 5 1 50000000
a contact +10800 +11400 10 3 50000000
a contact +10800 +11400 11 1 50000000
a contact +10800 +11400 12 2 50000000
a contact +10800 +11400 13 3 50000000
a contact +11400 +12000 14 21 50000000
a contact +11400 +12000 19 20 50000000
a contact +12000 +12600 6 2 50000000
a contact +12000 +12600 7 3 50000000
a contact +12000 +12600 12 1 50000000
a contact +12000 +12600 14 1 50000000
a contact +12000 +12600 15 2 50000000
a contact +12000 +12600 17 3 50000000
a contact +12600 +13200 12 20 50000000
a contact +12600 +13200 15 21 50000000
a contact +13200 +13800 8 1 50000000
a contact +13200 +13800 10 3 50000000
a contact +13200 +13800 11 1 50000000
a contact +13200 +13800 12 2 50000000
a contact +13200 +13800 17 3 50000000
a contact +13200 +13800 18 2 50000000
a contact +13800 +14400 1 21 1200000000
a contact +13800 +14400 4 20 50000000
a contact +14400 +15000 5 2 50000000
a contact +14400 +15000 9 1 50000000
a contact +14400 +15000 10 3 50000000
a contact +14400 +15000 12 1 50000000
a contact +14400 +15000 16 2 50000000
a contact +14400 +15000 17 3 50000000
a contact +15000 +15600 11 21 50000000
a contact +15000 +15600 19 20 50000000
a contact +15600 +16200 7 2 50000000
a contact +15600 +16200 10 3 50000000
a contact +15600 +16200 13 1 50000000
a contact +15600 +16200 14 1 50000000
a contact +15600 +16200 16 3 50000000
a contact +15600 +16200 17 2 50000000
a contact +16200 +16800 11 21 50000000
a contact +16800 +17400 6 3 50000000
a contact +16800 +17400 8 2 50000000
a contact +16800 +17400 12 3 50000000
a contact +16800 +17400 14 1 50000000
a contact +16800 +17400 16 2 50000000
a contact +16800 +17400 17 1 50000000
a contact +17400 +18000 13 21 50000000
a contact +18000 +18600 5 2 50000000
a contact +18000 +18600 8 1 50000000
a contact +18000 +18600 10 1 50000000
a contact +18000 +18600 11 3 50000000
a contact +18000 +18600 12 2 50000000
a contact +18000 +18600 19 3 50000000
a contact +18600 +19200 15 21 50000000
a contact +19200 +19800 4 3 50000000
a contact +19200 +19800 12 2 50000000
a contact +19200 +19800 14 2 50000000
a contact +19200 +19800 15 1 50000000
a contact +19200 +19800 16 3 50000000
a contact +19200 +19800 18 1 50000000
a contact +19800 +20400 11 21 50000000
a contact +20400 +21000 5 1 50000000
a contact +20400 +21000 9 3 50000000
a contact +20400 +21000 11 1 50000000
a contact +20400 +21000 14 2 50000000
a contact +20400 +21000 17 3 50000000
a contact +20400 +21000 18 2 50000000
a contact +21000 +21600 5 21 50000000
a contact +21600 +22200 5 2 50000000
a contact +21600 +22200 6 2 50000000
a contact +21600 +22200 11 1 50000000
a contact +21600 +22200 16 3 50000000
a contact +21600 +22200 18 1 50000000
a contact +21600 +22200 19 3 50000000
a contact +22200 +22800 14 21 50000000
a contact +22800 +23400 4 1 50000000
a contact +22800 +23400 5 2 50000000
a contact +22800 +23400 11 1 50000000
a contact +22800 +23400 12 2 50000000
a contact +22800 +23400 15 3 50000000
a contact +22800 +23400 16 3 50000000
a contact +23400 +24000 10 21 50000000
a contact +24000 +24600 4 1 50000000
a contact +24000 +24600 5 2 50000000
a contact +24000 +24600 6 3 50000000
a contact +24000 +24600 10 3 50000000
a contact +24000 +24600 14 2 50000000
a contact +24000 +24600 17 1 50000000
a contact +24600 +25200 16 21 50000000
a contact +25200 +25800 7 1 50000000
a contact +25200 +25800 10 1 50000000
a contact +25200 +25800 12 2 50000000
a contact +25200 +25800 16 3 50000000
a contact +25200 +25800 17 3 50000000
a contact +25200 +25800 19 2 50000000
a contact +25800 +26400 16 21 50000000
a contact +26400 +27000 7 3 50000000
a contact +26400 +27000 10 2 50000000
a contact +26400 +27000 12 2 50000000
a contact +26400 +27000 13 3 50000000
a contact +26400 +27000 17 1 50000000
a contact +26400 +27000 18 1 50000000
a contact +27000 +27600 19 21 50000000
a contact +27600 +28200 4 2 50000000
a contact +27600 +28200 5 3 50000000
a contact +27600 +28200 8 1 50000000
a contact +27600 +28200 12 1 50000000
a contact +27600 +28200 18 2 50000000
a contact +27600 +28200 19 3 50000000
a contact +28200 +28800 12 21 50000000
a contact +28800 +29400 5 3 50000000
a contact +28800 +29400 6 1 50000000
a contact +28800 +29400 12 1 50000000
a contact +28800 +29400 16 2 50000000
a contact +28800 +29400 18 3 50000000
a contact +28800 +29400 19 2 50000000
a contact +29400 +30000 4 21 50000000
a contact +30000 +30600 4 2 50000000
a contact +30000 +30600 6 3 50000000
a contact +30000 +30600 8 3 50000000
a contact +30000 +30600 14 1 50000000
a contact +30000 +30600 15 2 50000000
a contact +30000 +30600 17 1 50000000
a contact +30600 +31200 2 21 1200000000
a contact +30600 +31200 17 22 50000000
a contact +31200 +31800 5 1 50000000
a contact +31200 +31800 8 1 50000000
a contact +31200 +31800 10 3 50000000
a contact +31200 +31800 14 3 50000000
a contact +31200 +31800 15 2 50000000
a contact +31200 +31800 18 2 50000000
a contact +31800 +32400 14 22 50000000
a contact +31800 +32400 19 21 50000000
a contact +32400 +33000 4 3 50000000
a contact +32400 +33000 7 2 50000000
a contact +32400 +33000 11 1 50000000
a contact +32400 +33000 12 3 50000000
a contact +32400 +33000 15 2 50000000
a contact +32400 +33000 19 1 50000000
a contact +33000 +33600 15 22 50000000
a contact +33000 +33600 18 21 50000000
a contact +33600 +34200 8 2 50000000
a contact +33600 +34200 9 1 50000000
a contact +33600 +34200 12 3 50000000
a contact +33600 +34200 16 3 50000000
a contact +33600 +34200 18 2 50000000
a contact +33600 +34200 19 1 50000000
a contact +34200 +34800 1 22 1200000000
a contact +34200 +34800 17 21 50000000
a contact +34800 +35400 6 3 50000000
a contact +34800 +35400 12 3 50000000
a contact +34800 +35400 15 2 50000000
a contact +34800 +35400 16 1 50000000
a contact +34800 +35400 17 1 50000000
a contact +34800 +35400 19 2 50000000
a contact +35400 +36000 7 22 50000000
a contact +35400 +36000 12 21 50000000
a contact +36000 +36600 4 2 50000000
a contact +36000 +36600 6 2 50000000
a contact +36000 +36600 10 1 50000000
a contact +36000 +36600 12 3 50000000
a contact +36000 +36600 13 3 50000000
a contact +36000 +36600 19 1 50000000
a contact +36600 +37200 3 22 1200000000
a contact +36600 +37200 17 21 50000000
a contact +37200 +37800 4 1 50000000
a contact +37200 +37800 7 2 50000000
a contact +37200 +37800 10 3 50000000
a contact +37200 +37800 16 1 50000000
a contact +37200 +37800 18 3 50000000
a contact +37200 +37800 19 2 50000000
a contact +37800 +38400 1 21 1200000000
a contact +37800 +38400 2 22 1200000000
a contact +38400 +39000 6 1 50000000
a contact +38400 +39000 9 2 50000000
a contact +38400 +39000 12 3 50000000
a contact +38400 +39000 13 1 50000000
a contact +38400 +39000 14 3 50000000
a contact +38400 +39000 19 2 50000000
a contact +39000 +39600 12 21 50000000
a contact +39000 +39600 15 22 50000000
a contact +39600 +40200 6 1 50000000
a contact +39600 +40200 9 2 50000000
a contact +39600 +40200 12 2 50000000
a contact +39600 +40200 14 3 50000000
a contact +39600 +40200 15 3 50000000
a contact +39600 +40200 17 1 50000000
a contact +40200 +40800 2 21 1200000000
a contact +40200 +40800 14 22 50000000
a contact +40800 +41400 4 1 50000000
a contact +40800 +41400 5 2 50000000
a contact +40800 +41400 6 1 50000000
a contact +40800 +41400 8 3 50000000
a contact +40800 +41400 15 3 50000000
a contact +40800 +41400 17 2 50000000
a contact +41400 +42000 12 22 50000000
a contact +41400 +42000 16 21 50000000
a contact +42000 +42600 6 3 50000000
a contact +42000 +42600 10 2 50000000
a contact +42000 +42600 13 1 50000000
a contact +42000 +42600 15 3 50000000
a contact +42000 +42600 17 2 50000000
a contact +42000 +42600 18 1 50000000
a contact +42600 +43200 4 22 50000000
a contact +43200 +43800 6 3 50000000
a contact +43200 +43800 9 1 50000000
a contact +43200 +43800 11 3 50000000
a contact +43200 +43800 13 2 50000000
a contact +43200 +43800 14 1 50000000
a contact +43200 +43800 19 2 50000000
a contact +43800 +44400 5 22 50000000
a contact +44400 +45000 5 3 50000000
a contact +44400 +45000 7 1 50000000
a contact +44400 +45000 9 3 50000000
a contact +44400 +45000 12 1 50000000
a contact +44400 +45000 18 2 50000000
a contact +44400 +45000 19 2 50000000
a contact +45000 +45600 2 22 1200000000
a contact +45600 +46200 4 1 50000000
a contact +45600 +46200 8 2 50000000
a contact +45600 +46200 9 3 50000000
a contact +45600 +46200 14 1 50000000
a contact +45600 +46200 16 2 50000000
a contact +45600 +46200 17 3 50000000
a contact +46200 +46800 3 22 1200000000
a contact +46800 +47400 6 3 50000000
a contact +46800 +47400 11 1 50000000
a contact +46800 +47400 12 1 50000000
a contact +46800 +47400 16 2 50000000
a contact +46800 +47400 18 3 50000000
a contact +46800 +47400 19 2 50000000
a contact +47400 +48000 19 22 50000000
a contact +48000 +48600 4 1 50000000
a contact +48000 +48600 8 2 50000000
a contact +48000 +48600 12 3 50000000
a contact +48000 +48600 14 2 50000000
a contact +48000 +48600 16 1 50000000
a contact +48000 +48600 17 3 50000000
a contact +48600 +49200 12 22 50000000
a contact +49200 +49800 6 3 50000000
a contact +49200 +49800 10 2 50000000
a contact +49200 +49800 11 3 50000000
a contact +49200 +49800 12 1 50000000
a contact +49200 +49800 17 2 50000000
a contact +49200 +49800 19 1 50000000
a contact +49800 +50400 5 22 50000000
a contact +50400 +51000 8 1 50000000
a contact +50400 +51000 10 2 50000000
a contact +50400 +51000 15 3 50000000
a contact +50400 +51000 16 1 50000000
a contact +50400 +51000 18 2 50000000
a contact +50400 +51000 19 3 50000000
a contact +51000 +51600 17 22 50000000
a contact +51600 +52200 6 2 50000000
a contact +51600 +52200 7 3 50000000
a contact +51600 +52200 13 1 50000000
a contact +51600 +52200 14 2 50000000
a contact +51600 +52200 15 3 50000000
a contact +51600 +52200 18 1 50000000
a contact +52200 +52800 13 22 50000000
a contact +52200 +52800 17 20 50000000
a contact +52800 +53400 10 1 50000000
a contact +52800 +53400 15 2 50000000
a contact +52800 +53400 16 3 50000000
a contact +52800 +53400 17 2 50000000
a contact +52800 +53400 18 3 50000000
a contact +52800 +53400 19 1 50000000
a contact +53400 +54000 7 20 50000000
a contact +53400 +54000 8 22 50000000
a contact +54000 +54600 5 2 50000000
a contact +54000 +54600 7 2 50000000
a contact +54000 +54600 10 1 50000000
a contact +54000 +54600 12 1 50000000
a contact +54000 +54600 17 3 50000000
a contact +54000 +54600 19 3 50000000
a contact +54600 +55200 7 20 50000000
a contact +54600 +55200 19 22 50000000
a contact +55200 +55800 4 3 50000000
a contact +55200 +55800 5 3 50000000
a contact +55200 +55800 14 2 50000000
a contact +55200 +55800 15 1 50000000
a contact +55200 +55800 16 1 50000000
a contact +55200 +55800 18 2 50000000
a contact +55800 +56400 2 22 1200000000
a contact +55800 +56400 4 20 50000000
a contact +56400 +57000 7 1 50000000
a contact +56400 +57000 9 2 50000000
a contact +56400 +57000 11 1 50000000
a contact +56400 +57000 14 3 50000000
a contact +56400 +57000 16 2 50000000
a contact +56400 +57000 19 3 50000000
a contact +57000 +57600 14 20 50000000
a contact +57000 +57600 18 22 50000000
a contact +57600 +58200 4 1 50000000
a contact +57600 +58200 7 1 50000000
a contact +57600 +58200 12 3 50000000
a contact +57600 +58200 14 2 50000000
a contact +57600 +58200 16 2 50000000
a contact +57600 +58200 18 3 50000000
a contact +58200 +58800 14 22 50000000
a contact +58200 +58800 16 20 50000000
a contact +58800 +59400 4 1 50000000
a contact +58800 +59400 8 2 50000000
a contact +58800 +59400 11 3 50000000
a contact +58800 +59400 12 2 50000000
a contact +58800 +59400 13 3 50000000
a contact +58800 +59400 19 1 50000000
a contact +59400 +60000 7 20 50000000
a contact +59400 +60000 18 22 50000000
a contact +60000 +60600 6 1 50000000
a contact +60000 +60600 9 3 50000000
a contact +60000 +60600 12 2 50000000
a contact +60000 +60600 14 3 50000000
a contact +60000 +60600 16 1 50000000
a contact +60000 +60600 19 2 50000000
a contact +60600 +61200 3 20 1200000000
a contact +60600 +61200 6 22 50000000
a contact +61200 +61800 13 2 50000000
a contact +61200 +61800 14 1 50000000
a contact +61200 +61800 16 3 50000000
a contact +61200 +61800 17 3 50000000
a contact +61200 +61800 18 2 50000000
a contact +61200 +61800 19 1 50000000
a contact +61800 +62400 9 20 50000000
a contact +61800 +62400 13 22 50000000
a contact +62400 +63000 8 1 50000000
a contact +62400 +63000 11 3 50000000
a contact +62400 +63000 15 2 50000000
a contact +62400 +63000 16 2 50000000
a contact +62400 +63000 17 3 50000000
a contact +62400 +63000 18 1 50000000
a contact +63000 +63600 17 20 50000000
a contact +63000 +63600 19 22 50000000
a contact +63600 +64200 7 1 50000000
a contact +63600 +64200 8 3 50000000
a contact +63600 +64200 13 2 50000000
a contact +63600 +64200 15 3 50000000
a contact +63600 +64200 18 1 50000000
a contact +63600 +64200 19 2 50000000
a contact +64200 +64800 4 20 50000000
a contact +64200 +64800 9 22 50000000
a contact +64800 +65400 10 1 50000000
a contact +64800 +65400 11 3 50000000
a contact +64800 +65400 13 1 50000000
a contact +64800 +65400 14 2 50000000
a contact +64800 +65400 15 3 50000000
a contact +64800 +65400 17 2 50000000
a contact +65400 +66000 16 20 50000000
a contact +65400 +66000 19 22 50000000
a contact +66000 +66600 7 1 50000000
a contact +66000 +66600 9 3 50000000
a contact +66000 +66600 11 1 50000000
a contact +66000 +66600 13 3 50000000
a contact +66000 +66600 16 2 50000000
a contact +66000 +66600 19 2 50000000
a contact +66600 +67200 2 20 1200000000
a contact +66600 +67200 17 22 50000000
a contact +67200 +67800 6 1 50000000
a contact +67200 +67800 8 3 50000000
a contact +67200 +67800 9 1 50000000
a contact +67200 +67800 13 2 50000000
a contact +67200 +67800 15 2 50000000
a contact +67200 +67800 18 3 50000000
a contact +67800 +68400 8 22 50000000
a contact +67800 +68400 12 20 50000000
a contact +68400 +69000 7 2 50000000
a contact +68400 +69000 8 3 50000000
a contact +68400 +69000 13 3 50000000
a contact +68400 +69000 17 1 50000000
a contact +68400 +69000 18 1 50000000
a contact +68400 +69000 19 2 50000000
a contact +69000 +69600 15 22 50000000
a contact +69000 +69600 18 20 50000000
a contact +69600 +70200 5 1 50000000
a contact +69600 +70200 7 2 50000000
a contact +69600 +70200 9 1 50000000
a contact +69600 +70200 13 3 50000000
a contact +69600 +70200 15 3 50000000
a contact +69600 +70200 19 2 50000000
a contact +70200 +70800 17 20 50000000
a contact +70200 +70800 19 22 50000000
a contact +70800 +71400 5 3 50000000
a contact +70800 +71400 8 1 50000000
a contact +70800 +71400 11 1 50000000
a contact +70800 +71400 14 2 50000000
a contact +70800 +71400 15 3 50000000
a contact +70800 +71400 19 2 50000000
a contact +71400 +72000 7 22 50000000
a contact +71400 +72000 15 20 50000000
a contact +72000 +72600 4 1 50000000
a contact +72000 +72600 6 2 50000000
a contact +72000 +72600 11 3 50000000
a contact +72000 +72600 13 1 50000000
a contact +72000 +72600 14 3 50000000
a contact +72000 +72600 18 2 50000000
a contact +72600 +73200 14 20 50000000
a contact +72600 +73200 16 22 50000000
a contact +73200 +73800 4 1 50000000
a contact +73200 +73800 7 3 50000000
a contact +73200 +73800 8 2 50000000
a contact +73200 +73800 13 3 50000000
a contact +73200 +73800 15 1 50000000
a contact +73200 +73800 16 2 50000000
a contact +73800 +74400 9 20 50000000
a contact +73800 +74400 15 22 50000000
a contact +74400 +75000 8 3 50000000
a contact +74400 +75000 11 3 50000000
a contact +74400 +75000 14 1 50000000
a contact +74400 +75000 15 2 50000000
a contact +74400 +75000 17 1 50000000
a contact +74400 +75000 19 2 50000000
a contact +75000 +75600 3 20 1200000000
a contact +75000 +75600 14 22 50000000
a contact +75600 +76200 5 1 50000000
a contact +75600 +76200 8 1 50000000
a contact +75600 +76200 9 3 50000000
a contact +75600 +76200 10 2 50000000
a contact +75600 +76200 15 3 50000000
a contact +75600 +76200 16 2 50000000
a contact +76200 +76800 5 22 50000000
a contact +76200 +76800 18 20 50000000
a contact +76800 +77400 5 3 50000000
a contact +76800 +77400 8 1 50000000
a contact +76800 +77400 11 3 50000000
a contact +76800 +77400 14 2 50000000
a contact +76800 +77400 15 1 50000000
a contact +76800 +77400 16 2 50000000
a contact +77400 +78000 3 20 1200000000
a contact +77400 +78000 11 22 50000000
a contact +78000 +78600 6 2 50000000
a contact +78000 +78600 7 1 50000000
a contact +78000 +78600 9 1 50000000
a contact +78000 +78600 15 3 50000000
a contact +78000 +78600 16 3 50000000
a contact +78000 +78600 19 2 50000000
a contact +78600 +79200 1 21 1200000000
a contact +78600 +79200 15 20 50000000
a contact +79200 +79800 4 1 50000000
a contact +79200 +79800 10 1 50000000
a contact +79200 +79800 14 2 50000000
a contact +79200 +79800 15 3 50000000
a contact +79200 +79800 16 2 50000000
a contact +79200 +79800 18 3 50000000
a contact +79800 +80400 12 20 50000000
a contact +79800 +80400 16 21 50000000
a contact +80400 +81000 4 2 50000000
a contact +80400 +81000 12 1 50000000
a contact +80400 +81000 13 2 50000000
a contact +80400 +81000 14 3 50000000
a contact +80400 +81000 16 3 50000000
a contact +80400 +81000 19 1 50000000
a contact +81000 +81600 4 21 50000000
a contact +81000 +81600 19 20 50000000
a contact +81600 +82200 11 3 50000000
a contact +81600 +82200 12 1 50000000
a contact +81600 +82200 13 3 50000000
a contact +81600 +82200 14 2 50000000
a contact +81600 +82200 17 1 50000000
a contact +81600 +82200 19 2 50000000
a contact +82200 +82800 5 21 50000000
a contact +82200 +82800 16 20 50000000
a contact +82800 +83400 5 3 50000000
a contact +82800 +83400 10 2 50000000
a contact +82800 +83400 12 3 50000000
a contact +82800 +83400 13 2 50000000
a contact +82800 +83400 15 1 50000000
a contact +82800 +83400 18 1 50000000
a contact +83400 +84000 16 21 50000000
a contact +83400 +84000 19 20 50000000
a contact +84000 +84600 6 2 50000000
a contact +84000 +84600 8 3 50000000
a contact +84000 +84600 10 3 50000000
a contact +84000 +84600 14 2 50000000
a contact +84000 +84600 16 1 50000000
a contact +84000 +84600 18 1 50000000
a contact +84600 +85200 15 21 50000000
a contact +84600 +85200 18 20 50000000
a contact +85200 +85800 4 3 50000000
a contact +85200 +85800 12 1 50000000
a contact +85200 +85800 14 3 50000000
a contact +85200 +85800 15 2 50000000
a contact +85200 +85800 16 1 50000000
a contact +85200 +85800 17 2 50000000
a contact +85800 +86400 5 20 50000000
a contact +85800 +86400 18 21 50000000
a contact +0 +86400 20 23 100000000000
a contact +0 +86400 23 20 100000000000
a contact +0 +86400 21 23 100000000000
a contact +0 +86400 23 21 100000000000
a contact +0 +86400 22 23 100000000000
a contact +0 +86400 23 22 100000000000

a range +0 +600 6 1 0.0541
a range +0 +600 11 2 0.0545
a range +0 +600 13 3 0.0555
a range +0 +600 14 3 0.054
a range +0 +600 15 1 0.0546
a range +0 +600 16 2 0.0543
a range +600 +1200 11 20 1102.3364
a range +600 +1200 14 21 1103.3944
a range +1200 +1800 4 3 0.0555
a range +1200 +1800 11 3 0.054
a range +1200 +1800 13 2 0.0552
a range +1200 +1800 14 1 0.0543
a range +1200 +1800 15 2 0.054
a range +1200 +1800 19 1 0.054
a range +1800 +2400 12 21 1103.3814
a range +1800 +2400 18 20 1102.3249
a range +2400 +3000 7 2 0.0549
a range +2400 +3000 9 1 0.055
a range +2400 +3000 12 1 0.0545
a range +2400 +3000 14 2 0.0549
a range +2400 +3000 18 3 0.0552
a range +2400 +3000 19 3 0.0545
a range +3000 +3600 15 20 1102.3494
a range +3000 +3600 18 21 1102.6981
a range +3600 +4200 5 2 0.0541
a range +3600 +4200 6 1 0.0541
a range +3600 +4200 10 3 0.0558
a range +3600 +4200 11 1 0.0547
a range +3600 +4200 12 2 0.0552
a range +3600 +4200 13 3 0.0555
a range +4200 +4800 5 21 1103.3976
a range +4200 +4800 14 20 1102.335
a range +4800 +5400 6 2 0.0548
a range +4800 +5400 9 2 0.055
a range +4800 +5400 12 1 0.0545
a range +4800 +5400 13 3 0.0555
a range +4800 +5400 17 1 0.055
a range +4800 +5400 18 3 0.0552
a range +5400 +6000 13 21 1103.3787
a range +5400 +6000 19 20 1102.3563
a range +6000 +6600 7 2 0.0549
a range +6000 +6600 9 3 0.0544
a range +6000 +6600 12 1 0.0545
a range +6000 +6600 13 1 0.0559
a range +6000 +6600 15 2 0.054
a range +6000 +6600 19 3 0.0545
a range +6600 +7200 15 20 1102.3494
a range +6600 +7200 19 21 1102.4875
a range +7200 +7800 5 2 0.0541
a range +7200 +7800 7 3 0.0552
a range +7200 +7800 9 3 0.0544
a range +7200 +7800 10 2 0.055
a range +7200 +7800 17 1 0.055
a range +7200 +7800 19 1 0.054
a range +7800 +8400 9 20 1102.3552
a range +7800 +8400 14 21 1103.3944
a range +8400 +9000 4 2 0.0545
a range +8400 +9000 8 3 0.0549
a range +8400 +9000 13 3 0.0555
a range +8400 +9000 15 1 0.0546
a range +8400 +9000 18 2 0.0558
a range +8400 +9000 19 1 0.054
a range +9000 +9600 15 20 1102.3494
a range +9000 +9600 19 21 1102.4875
a range +9600 +10200 6 3 0.0544
a range +9600 +10200 10 1 0.0555
a range +9600 +10200 11 3 0.054
a range +9600 +10200 13 2 0.0552
a range +9600 +10200 16 2 0.0543
a range +9600 +10200 17 1 0.055
a range +10200 +10800 6 20 1102.3568
a range +10200 +10800 7 21 1103.3782
a range +10800 +11400 4 2 0.0545
a range +10800 +11400 5 1 0.0543
a range +10800 +11400 10 3 0.0558
a range +10800 +11400 11 1 0.0547
a range +10800 +11400 12 2 0.0552
a range +10800 +11400 13 3 0.0555
a range +11400 +12000 14 21 1103.3944
a range +11400 +12000 19 20 1102.3563
a range +12000 +12600 6 2 0.0548
a range +12000 +12600 7 3 0.0552
a range +12000 +12600 12 1 0.0545
a range +12000 +12600 14 1 0.0543
a range +12000 +12600 15 2 0.0546
a range +12000 +12600 17 3 0.0543
a range +12600 +13200 12 20 1102.3566
a range +12600 +13200 15 21 1103.3971
a range +13200 +13800 8 1 0.0543
a range +13200 +13800 10 3 0.0558
a range +13200 +13800 11 1 0.0547
a range +13200 +13800 12 2 0.0552
a range +13200 +13800 17 3 0.0543
a range +13200 +13800 18 2 0.0558
a range +13800 +14400 1 21 1102.7998
a range +13800 +14400 4 20 1102.3348
a range +14400 +15000 5 2 0.0543
a range +14400 +15000 9 1 0.055
a range +14400 +15000 10 3 0.0558
a range +14400 +15000 12 1 0.0545
a range +14400 +15000 16 2 0.0543
a range +14400 +15000 17 3 0.0543
a range +15000 +15600 11 21 1102.9107
a range +15000 +15600 19 20 1102.3563
a range +15600 +16200 7 2 0.0549
a range +15600 +16200 10 3 0.0558
a range +15600 +16200 13 1 0.0544
a range +15600 +16200 14 1 0.0543
a range +15600 +16200 16 3 0.0542
a range +15600 +16200 17 2 0.055
a range +16200 +16800 11 21 1102.9107
a range +16800 +17400 6 3 0.0544
a range +16800 +17400 8 2 0.0555
a range +16800 +17400 12 3 0.0547
a range +16800 +17400 14 1 0.0543
a range +16800 +17400 16 2 0.0543
a range +16800 +17400 17 1 0.055
a range +17400 +18000 13 21 1103.3787
a range +18000 +18600 5 2 0.0543
a range +18000 +18600 8 1 0.0543
a range +18000 +18600 10 1 0.0549
a range +18000 +18600 11 3 0.054
a range +18000 +18600 12 2 0.0552
a range +18000 +18600 19 3 0.0546
a range +18600 +19200 15 21 1103.3971
a range +19200 +19800 4 3 0.0555
a range +19200 +19800 12 2 0.0552
a range +19200 +19800 14 2 0.0543
a range +19200 +19800 15 1 0.0546
a range +19200 +19800 16 3 0.0542
a range +19200 +19800 18 1 0.0542
a range +19800 +20400 11 21 1102.9107
a range +20400 +21000 5 1 0.0543
a range +20400 +21000 9 3 0.0542
a range +20400 +21000 11 1 0.0547
a range +20400 +21000 14 2 0.0543
a range +20400 +21000 17 3 0.0543
a range +20400 +21000 18 2 0.0558
a range +21000 +21600 5 21 1103.3976
a range +21600 +22200 5 2 0.0543
a range +21600 +22200 6 2 0.0548
a range +21600 +22200 11 1 0.0547
a range +21600 +22200 16 3 0.0542
a range +21600 +22200 18 1 0.0542
a range +21600 +22200 19 3 0.0546
a range +22200 +22800 14 21 1103.3944
a range +22800 +23400 4 1 0.054
a range +22800 +23400 5 2 0.0543
a range +22800 +23400 11 1 0.0547
a range +22800 +23400 12 2 0.0552
a range +22800 +23400 15 3 0.054
a range +22800 +23400 16 3 0.0542
a range +23400 +24000 10 21 1103.3727
a range +24000 +24600 4 1 0.054
a range +24000 +24600 5 2 0.0543
a range +24000 +24600 6 3 0.0544
a range +24000 +24600 10 3 0.0558
a range +24000 +24600 14 2 0.0543
a range +24000 +24600 17 1 0.055
a range +24600 +25200 16 21 1103.1011
a range +25200 +25800 7 1 0.0543
a range +25200 +25800 10 1 0.0549
a range +25200 +25800 12 2 0.0552
a range +25200 +25800 16 3 0.0542
a range +25200 +25800 17 3 0.0543
a range +25200 +25800 19 2 0.0553
a range +25800 +26400 16 21 1103.1011
a range +26400 +27000 7 3 0.0552
a range +26400 +27000 10 2 0.0541
a range +26400 +27000 12 2 0.0552
a range +26400 +27000 13 3 0.0555
a range +26400 +27000 17 1 0.055
a range +26400 +27000 18 1 0.0542
a range +27000 +27600 19 21 1103.3159
a range +27600 +28200 4 2 0.054
a range +27600 +28200 5 3 0.054
a range +27600 +28200 8 1 0.0543
a range +27600 +28200 12 1 0.0552
a range +27600 +28200 18 2 0.0558
a range +27600 +28200 19 3 0.0546
a range +28200 +28800 12 21 1103.3814
a range +28800 +29400 5 3 0.054
a range +28800 +29400 6 1 0.0552
a range +28800 +29400 12 1 0.0552
a range +28800 +29400 16 2 0.0544
a range +28800 +29400 18 3 0.0546
a range +28800 +29400 19 2 0.0553
a range +29400 +30000 4 21 1103.3938
a range +30000 +30600 4 2 0.054
a range +30000 +30600 6 3 0.0544
a range +30000 +30600 8 3 0.0542
a range +30000 +30600 14 1 0.0543
a range +30000 +30600 15 2 0.0546
a range +30000 +30600 17 1 0.055
a range +30600 +31200 2 21 1103.4001
a range +30600 +31200 17 22 1103.6908
a range +31200 +31800 5 1 0.0543
a range +31200 +31800 8 1 0.0543
a range +31200 +31800 10 3 0.0558
a range +31200 +31800 14 3 0.054
a range +31200 +31800 15 2 0.0546
a range +31200 +31800 18 2 0.0558
a range +31800 +32400 14 22 1104.7649
a range +31800 +32400 19 21 1103.3159
a range +32400 +33000 4 3 0.0555
a range +32400 +33000 7 2 0.0548
a range +32400 +33000 11 1 0.0547
a range +32400 +33000 12 3 0.0547
a range +32400 +33000 15 2 0.0546
a range +32400 +33000 19 1 0.0389
a range +33000 +33600 15 22 1104.7799
a range +33000 +33600 18 21 1103.404
a range +33600 +34200 8 2 0.0555
a range +33600 +34200 9 1 0.0383
a range +33600 +34200 12 3 0.0547
a range +33600 +34200 16 3 0.0542
a range +33600 +34200 18 2 0.0558
a range +33600 +34200 19 1 0.0389
a range +34200 +34800 1 22 1103.9292
a range +34200 +34800 17 21 1103.3709
a range +34800 +35400 6 3 0.0544
a range +34800 +35400 12 3 0.0547
a range +34800 +35400 15 2 0.0546
a range +34800 +35400 16 1 0.0553
a range +34800 +35400 17 1 0.055
a range +34800 +35400 19 2 0.0553
a range +35400 +36000 7 22 1104.7704
a range +35400 +36000 12 21 1103.3814
a range +36000 +36600 4 2 0.054
a range +36000 +36600 6 2 0.0548
a range +36000 +36600 10 1 0.0549
a range +36000 +36600 12 3 0.0547
a range +36000 +36600 13 3 0.0555
a range +36000 +36600 19 1 0.0389
a range +36600 +37200 3 22 1103.2012
a range +36600 +37200 17 21 1103.3709
a range +37200 +37800 4 1 0.054
a range +37200 +37800 7 2 0.0548
a range +37200 +37800 10 3 0.0558
a range +37200 +37800 16 1 0.0553
a range +37200 +37800 18 3 0.0546
a range +37200 +37800 19 2 0.0553
a range +37800 +38400 1 21 1103.3556
a range +37800 +38400 2 22 1103.5617
a range +38400 +39000 6 1 0.0519
a range +38400 +39000 9 2 0.055
a range +38400 +39000 12 3 0.0547
a range +38400 +39000 13 1 0.0546
a range +38400 +39000 14 3 0.0544
a range +38400 +39000 19 2 0.0553
a range +39000 +39600 12 21 1103.3814
a range +39000 +39600 15 22 1104.7799
a range +39600 +40200 6 1 0.0519
a range +39600 +40200 9 2 0.055
a range +39600 +40200 12 2 0.0552
a range +39600 +40200 14 3 0.0544
a range +39600 +40200 15 3 0.0409
a range +39600 +40200 17 1 0.055
a range +40200 +40800 2 21 1103.4001
a range +40200 +40800 14 22 1104.7649
a range +40800 +41400 4 1 0.054
a range +40800 +41400 5 2 0.0543
a range +40800 +41400 6 1 0.0519
a range +40800 +41400 8 3 0.0542
a range +40800 +41400 15 3 0.0409
a range +40800 +41400 17 2 0.054
a range +41400 +42000 12 22 1104.7848
a range +41400 +42000 16 21 1103.3718
a range +42000 +42600 6 3 0.0544
a range +42000 +42600 10 2 0.0437
a range +42000 +42600 13 1 0.0546
a range +42000 +42600 15 3 0.0409
a range +42000 +42600 17 2 0.054
a range +42000 +42600 18 1 0.0543
a range +42600 +43200 4 22 1104.7646
a range +43200 +43800 6 3 0.0544
a range +43200 +43800 9 1 0.0383
a range +43200 +43800 11 3 0.054
a range +43200 +43800 13 2 0.0372
a range +43200 +43800 14 1 0.0543
a range +43200 +43800 19 2 0.0553
a range +43800 +44400 5 22 1104.7793
a range +44400 +45000 5 3 0.0406
a range +44400 +45000 7 1 0.0543
a range +44400 +45000 9 3 0.0542
a range +44400 +45000 12 1 0.052
a range +44400 +45000 18 2 0.0558
a range +44400 +45000 19 2 0.0553
a range +45000 +45600 2 22 1103.5617
a range +45600 +46200 4 1 0.054
a range +45600 +46200 8 2 0.0555
a range +45600 +46200 9 3 0.0542
a range +45600 +46200 14 1 0.0543
a range +45600 +46200 16 2 0.0437
a range +45600 +46200 17 3 0.0541
a range +46200 +46800 3 22 1104.3298
a range +46800 +47400 6 3 0.0544
a range +46800 +47400 11 1 0.0547
a range +46800 +47400 12 1 0.052
a range +46800 +47400 16 2 0.0437
a range +46800 +47400 18 3 0.0546
a range +46800 +47400 19 2 0.0553
a range +47400 +48000 19 22 1104.1088
a range +48000 +48600 4 1 0.054
a range +48000 +48600 8 2 0.0555
a range +48000 +48600 12 3 0.0547
a range +48000 +48600 14 2 0.0542
a range +48000 +48600 16 1 0.0553
a range +48000 +48600 17 3 0.0541
a range +48600 +49200 12 22 1104.7848
a range +49200 +49800 6 3 0.0544
a range +49200 +49800 10 2 0.0437
a range +49200 +49800 11 3 0.054
a range +49200 +49800 12 1 0.052
a range +49200 +49800 17 2 0.054
a range +49200 +49800 19 1 0.0389
a range +49800 +50400 5 22 1104.7793
a range +50400 +51000 8 1 0.0541
a range +50400 +51000 10 2 0.0437
a range +50400 +51000 15 3 0.0409
a range +50400 +51000 16 1 0.0553
a range +50400 +51000 18 2 0.0558
a range +50400 +51000 19 3 0.0546
a range +51000 +51600 17 22 1104.5119
a range +51600 +52200 6 2 0.0548
a range +51600 +52200 7 3 0.054
a range +51600 +52200 13 1 0.0546
a range +51600 +52200 14 2 0.0542
a range +51600 +52200 15 3 0.0409
a range +51600 +52200 18 1 0.054
a range +52200 +52800 13 22 1104.7697
a range +52200 +52800 17 20 1104.5002
a range +52800 +53400 10 1 0.0549
a range +52800 +53400 15 2 0.0546
a range +52800 +53400 16 3 0.0542
a range +52800 +53400 17 2 0.054
a range +52800 +53400 18 3 0.0546
a range +52800 +53400 19 1 0.0389
a range +53400 +54000 7 20 1105.0534
a range +53400 +54000 8 22 1104.7551
a range +54000 +54600 5 2 0.0543
a range +54000 +54600 7 2 0.0364
a range +54000 +54600 10 1 0.0549
a range +54000 +54600 12 1 0.052
a range +54000 +54600 17 3 0.0373
a range +54000 +54600 19 3 0.0546
a range +54600 +55200 7 20 1105.0534
a range +54600 +55200 19 22 1104.1088
a range +55200 +55800 4 3 0.0327
a range +55200 +55800 5 3 0.0406
a range +55200 +55800 14 2 0.0542
a range +55200 +55800 15 1 0.038
a range +55200 +55800 16 1 0.0553
a range +55200 +55800 18 2 0.0558
a range +55800 +56400 2 22 1104.7107
a range +55800 +56400 4 20 1105.068
a range +56400 +57000 7 1 0.0543
a range +56400 +57000 9 2 0.054
a range +56400 +57000 11 1 0.0547
a range +56400 +57000 14 3 0.0326
a range +56400 +57000 16 2 0.0437
a range +56400 +57000 19 3 0.0546
a range +57000 +57600 14 20 1105.0682
a range +57000 +57600 18 22 1104.2978
a range +57600 +58200 4 1 0.0551
a range +57600 +58200 7 1 0.0543
a range +57600 +58200 12 3 0.0547
a range +57600 +58200 14 2 0.0542
a range +57600 +58200 16 2 0.0437
a range +57600 +58200 18 3 0.0546
a range +58200 +58800 14 22 1104.7649
a range +58200 +58800 16 20 1104.7069
a range +58800 +59400 4 1 0.0551
a range +58800 +59400 8 2 0.0555
a range +58800 +59400 11 3 0.0366
a range +58800 +59400 12 2 0.0097
a range +58800 +59400 13 3 0.0542
a range +58800 +59400 19 1 0.0389
a range +59400 +60000 7 20 1105.0534
a range +59400 +60000 18 22 1104.2978
a range +60000 +60600 6 1 0.0519
a range +60000 +60600 9 3 0.0542
a range +60000 +60600 12 2 0.0097
a range +60000 +60600 14 3 0.0326
a range +60000 +60600 16 1 0.0553
a range +60000 +60600 19 2 0.054
a range +60600 +61200 3 20 1104.3267
a range +60600 +61200 6 22 1104.7851
a range +61200 +61800 13 2 0.0372
a range +61200 +61800 14 1 0.0553
a range +61200 +61800 16 3 0.0551
a range +61200 +61800 17 3 0.0373
a range +61200 +61800 18 2 0.0558
a range +61200 +61800 19 1 0.0389
a range +61800 +62400 9 20 1104.9164
a range +61800 +62400 13 22 1104.7697
a range +62400 +63000 8 1 0.0201
a range +62400 +63000 11 3 0.0366
a range +62400 +63000 15 2 0.0544
a range +62400 +63000 16 2 0.0437
a range +62400 +63000 17 3 0.0373
a range +62400 +63000 18 1 0.0199
a range +63000 +63600 17 20 1104.5002
a range +63000 +63600 19 22 1104.7885
a range +63600 +64200 7 1 0.0543
a range +63600 +64200 8 3 0.0542
a range +63600 +64200 13 2 0.0372
a range +63600 +64200 15 3 0.0409
a range +63600 +64200 18 1 0.0199
a range +63600 +64200 19 2 0.0401
a range +64200 +64800 4 20 1105.068
a range +64200 +64800 9 22 1104.7875
a range +64800 +65400 10 1 0.0549
a range +64800 +65400 11 3 0.0366
a range +64800 +65400 13 1 0.0546
a range +64800 +65400 14 2 0.0542
a range +64800 +65400 15 3 0.0409
a range +64800 +65400 17 2 0.054
a range +65400 +66000 16 20 1104.7069
a range +65400 +66000 19 22 1104.7885
a range +66000 +66600 7 1 0.0543
a range +66000 +66600 9 3 0.0542
a range +66000 +66600 11 1 0.055
a range +66000 +66600 13 3 0.0425
a range +66000 +66600 16 2 0.0437
a range +66000 +66600 19 2 0.0401
a range +66600 +67200 2 20 1104.6917
a range +66600 +67200 17 22 1104.5119
a range +67200 +67800 6 1 0.0519
a range +67200 +67800 8 3 0.0542
a range +67200 +67800 9 1 0.0383
a range +67200 +67800 13 2 0.0372
a range +67200 +67800 15 2 0.0544
a range +67200 +67800 18 3 0.0546
a range +67800 +68400 8 22 1104.7551
a range +67800 +68400 12 20 1105.047
a range +68400 +69000 7 2 0.0364
a range +68400 +69000 8 3 0.0542
a range +68400 +69000 13 3 0.0425
a range +68400 +69000 17 1 0.055
a range +68400 +69000 18 1 0.0199
a range +68400 +69000 19 2 0.0401
a range +69000 +69600 15 22 1104.7799
a range +69000 +69600 18 20 1105.0807
a range +69600 +70200 5 1 0.0376
a range +69600 +70200 7 2 0.0364
a range +69600 +70200 9 1 0.0383
a range +69600 +70200 13 3 0.0425
a range +69600 +70200 15 3 0.0409
a range +69600 +70200 19 2 0.0401
a range +70200 +70800 17 20 1104.5002
a range +70200 +70800 19 22 1104.7885
a range +70800 +71400 5 3 0.0406
a range +70800 +71400 8 1 0.0201
a range +70800 +71400 11 1 0.055
a range +70800 +71400 14 2 0.0542
a range +70800 +71400 15 3 0.0409
a range +70800 +71400 19 2 0.0401
a range +71400 +72000 7 22 1104.7704
a range +71400 +72000 15 20 1105.061
a range +72000 +72600 4 1 0.0279
a range +72000 +72600 6 2 0.0104
a range +72000 +72600 11 3 0.0366
a range +72000 +72600 13 1 0.0545
a range +72000 +72600 14 3 0.0326
a range +72000 +72600 18 2 0.0548
a range +72600 +73200 14 20 1105.0682
a range +72600 +73200 16 22 1104.7267
a range +73200 +73800 4 1 0.0279
a range +73200 +73800 7 3 0.0428
a range +73200 +73800 8 2 0.0547
a range +73200 +73800 13 3 0.0425
a range +73200 +73800 15 1 0.038
a range +73200 +73800 16 2 0.0437
a range +73800 +74400 9 20 1104.9164
a range +73800 +74400 15 22 1104.7799
a range +74400 +75000 8 3 0.0542
a range +74400 +75000 11 3 0.0366
a range +74400 +75000 14 1 0.0277
a range +74400 +75000 15 2 0.0458
a range +74400 +75000 17 1 0.0443
a range +74400 +75000 19 2 0.0401
a range +75000 +75600 3 20 1105.0361
a range +75000 +75600 14 22 1104.7649
a range +75600 +76200 5 1 0.0376
a range +75600 +76200 8 1 0.0201
a range +75600 +76200 9 3 0.0542
a range +75600 +76200 10 2 0.0437
a range +75600 +76200 15 3 0.0409
a range +75600 +76200 16 2 0.0437
a range +76200 +76800 5 22 1104.7793
a range +76200 +76800 18 20 1105.0807
a range +76800 +77400 5 3 0.0406
a range +76800 +77400 8 1 0.0201
a range +76800 +77400 11 3 0.0366
a range +76800 +77400 14 2 0.0554
a range +76800 +77400 15 1 0.038
a range +76800 +77400 16 2 0.0437
a range +77400 +78000 3 20 1105.0361
a range +77400 +78000 11 22 1104.7622
a range +78000 +78600 6 2 0.0104
a range +78000 +78600 7 1 0.0542
a range +78000 +78600 9 1 0.0383
a range +78000 +78600 15 3 0.0409
a range +78000 +78600 16 3 0.0149
a range +78000 +78600 19 2 0.0401
a range +78600 +79200 1 21 1105.0733
a range +78600 +79200 15 20 1105.061
a range +79200 +79800 4 1 0.0279
a range +79200 +79800 10 1 0.0554
a range +79200 +79800 14 2 0.0554
a range +79200 +79800 15 3 0.0409
a range +79200 +79800 16 2 0.0437
a range +79200 +79800 18 3 0.0546
a range +79800 +80400 12 20 1105.047
a range +79800 +80400 16 21 1105.0417
a range +80400 +81000 4 2 0.0552
a range +80400 +81000 12 1 0.052
a range +80400 +81000 13 2 0.0372
a range +80400 +81000 14 3 0.0326
a range +80400 +81000 16 3 0.0149
a range +80400 +81000 19 1 0.0389
a range +81000 +81600 4 21 1105.0752
a range +81000 +81600 19 20 1104.893
a range +81600 +82200 11 3 0.0366
a range +81600 +82200 12 1 0.052
a range +81600 +82200 13 3 0.0425
a range +81600 +82200 14 2 0.0554
a range +81600 +82200 17 1 0.0443
a range +81600 +82200 19 2 0.0401
a range +82200 +82800 5 21 1105.069
a range +82200 +82800 16 20 1105.0345
a range +82800 +83400 5 3 0.0406
a range +82800 +83400 10 2 0.0437
a range +82800 +83400 12 3 0.0491
a range +82800 +83400 13 2 0.0372
a range +82800 +83400 15 1 0.038
a range +82800 +83400 18 1 0.0199
a range +83400 +84000 16 21 1105.0417
a range +83400 +84000 19 20 1105.0616
a range +84000 +84600 6 2 0.0104
a range +84000 +84600 8 3 0.0542
a range +84000 +84600 10 3 0.0153
a range +84000 +84600 14 2 0.0554
a range +84000 +84600 16 1 0.0555
a range +84000 +84600 18 1 0.0199
a range +84600 +85200 15 21 1105.0683
a range +84600 +85200 18 20 1105.0807
a range +85200 +85800 4 3 0.0327
a range +85200 +85800 12 1 0.052
a range +85200 +85800 14 3 0.0326
a range +85200 +85800 15 2 0.0458
a range +85200 +85800 16 1 0.0555
a range +85200 +85800 17 2 0.0432
a range +85800 +86400 5 20 1105.0618
a range +85800 +86400 18 21 1105.088
a range +0 +86400 20 23 0.0
a range +0 +86400 23 20 0.0
a range +0 +86400 21 23 0.0
a range +0 +86400 23 21 0.0
a range +0 +86400 22 23 0.0
a range +0 +86400 23 22 0.0
