a contact +0 +600 2003 1001 50
a contact +0 +600 2008 1002 50
a contact +0 +600 2010 1003 50
a contact +0 +600 2011 1003 50
a contact +0 +600 2012 1001 50
a contact +0 +600 2013 1002 50
a contact +600 +1200 2008 9001 50
a contact +600 +1200 2011 9002 50
a contact +1200 +1800 2001 1003 50
a contact +1200 +1800 2008 1003 50
a contact +1200 +1800 2010 1002 50
a contact +1200 +1800 2011 1001 50
a contact +1200 +1800 2012 1002 50
a contact +1200 +1800 2016 1001 50
a contact +1800 +2400 2009 9002 50
a contact +1800 +2400 2015 9001 50
a contact +2400 +3000 2004 1002 50
a contact +2400 +3000 2006 1001 50
a contact +2400 +3000 2009 1001 50
a contact +2400 +3000 2011 1002 50
a contact +2400 +3000 2015 1003 50
a contact +2400 +3000 2016 1003 50
a contact +3000 +3600 2012 9001 50
a contact +3000 +3600 2015 9002 50
a contact +3600 +4200 2002 1002 50
a contact +3600 +4200 2003 1001 50
a contact +3600 +4200 2007 1003 50
a contact +3600 +4200 2008 1001 50
a contact +3600 +4200 2009 1002 50
a contact +3600 +4200 2010 1003 50
a contact +4200 +4800 2002 9002 50
a contact +4200 +4800 2011 9001 50
a contact +4800 +5400 2003 1002 50
a contact +4800 +5400 2006 1002 50
a contact +4800 +5400 2009 1001 50
a contact +4800 +5400 2010 1003 50
a contact +4800 +5400 2014 1001 50
a contact +4800 +5400 2015 1003 50
a contact +5400 +6000 2010 9002 50
a contact +5400 +6000 2016 9001 50
a contact +6000 +6600 2004 1002 50
a contact +6000 +6600 2006 1003 50
a contact +6000 +6600 2009 1001 50
a contact +6000 +6600 2010 1001 50
a contact +6000 +6600 2012 1002 50
a contact +6000 +6600 2016 1003 50
a contact +6600 +7200 2012 9001 50
a contact +6600 +7200 2016 9002 50
a contact +7200 +7800 2002 1002 50
a contact +7200 +7800 2004 1003 50
a contact +7200 +7800 2006 1003 50
a contact +7200 +7800 2007 1002 50
a contact +7200 +7800 2014 1001 50
a contact +7200 +7800 2016 1001 50
a contact +7800 +8400 2006 9001 50
a contact +7800 +8400 2011 9002 50
a contact +8400 +9000 2001 1002 50
a contact +8400 +9000 2005 1003 50
a contact +8400 +9000 2010 1003 50
a contact +8400 +9000 2012 1001 50
a contact +8400 +9000 2015 1002 50
a contact +8400 +9000 2016 1001 50
a contact +9000 +9600 2012 9001 50
a contact +9000 +9600 2016 9002 50
a contact +9600 +10200 2003 1003 50
a contact +9600 +10200 2007 1001 50
a contact +9600 +10200 2008 1003 50
a contact +9600 +10200 2010 1002 50
a contact +9600 +10200 2013 1002 50
a contact +9600 +10200 2014 1001 50
a contact +10200 +10800 2003 9001 50
a contact +10200 +10800 2004 9002 50
a contact +10800 +11400 2001 1002 50
a contact +10800 +11400 2002 1001 50
a contact +10800 +11400 2007 1003 50
a contact +10800 +11400 2008 1001 50
a contact +10800 +11400 2009 1002 50
a contact +10800 +11400 2010 1003 50
a contact +11400 +12000 2011 9002 50
a contact +11400 +12000 2016 9001 50
a contact +12000 +12600 2003 1002 50
a contact +12000 +12600 2004 1003 50
a contact +12000 +12600 2009 1001 50
a contact +12000 +12600 2011 1001 50
a contact +12000 +12600 2012 1002 50
a contact +12000 +12600 2014 1003 50
a contact +12600 +13200 2009 9001 50
a contact +12600 +13200 2012 9002 50
a contact +13200 +13800 2005 1001 50
a contact +13200 +13800 2007 1003 50
a contact +13200 +13800 2008 1001 50
a contact +13200 +13800 2009 1002 50
a contact +13200 +13800 2014 1003 50
a contact +13200 +13800 2015 1002 50
a contact +13800 +14400 1001 9002 1200
a contact +13800 +14400 2001 9001 50
a contact +14400 +15000 2002 1002 50
a contact +14400 +15000 2006 1001 50
a contact +14400 +15000 2007 1003 50
a contact +14400 +15000 2009 1001 50
a contact +14400 +15000 2013 1002 50
a contact +14400 +15000 2014 1003 50
a contact +15000 +15600 2008 9002 50
a contact +15000 +15600 2016 9001 50
a contact +15600 +16200 2004 1002 50
a contact +15600 +16200 2007 1003 50
a contact +15600 +16200 2010 1001 50
a contact +15600 +16200 2011 1001 50
a contact +15600 +16200 2013 1003 50
a contact +15600 +16200 2014 1002 50
a contact +16200 +16800 2008 9002 50
a contact +16800 +17400 2003 1003 50
a contact +16800 +17400 2005 1002 50
a contact +16800 +17400 2009 1003 50
a contact +16800 +17400 2011 1001 50
a contact +16800 +17400 2013 1002 50
a contact +16800 +17400 2014 1001 50
a contact +17400 +18000 2010 9002 50
a contact +18000 +18600 2002 1002 50
a contact +18000 +18600 2005 1001 50
a contact +18000 +18600 2007 1001 50
a contact +18000 +18600 2008 1003 50
a contact +18000 +18600 2009 1002 50
a contact +18000 +18600 2016 1003 50
a contact +18600 +19200 2012 9002 50
a contact +19200 +19800 2001 1003 50
a contact +19200 +19800 2009 1002 50
a contact +19200 +19800 2011 1002 50
a contact +19200 +19800 2012 1001 50
a contact +19200 +19800 2013 1003 50
a contact +19200 +19800 2015 1001 50
a contact +19800 +20400 2008 9002 50
a contact +20400 +21000 2002 1001 50
a contact +20400 +21000 2006 1003 50
a contact +20400 +21000 2008 1001 50
a contact +20400 +21000 2011 1002 50
a contact +20400 +21000 2014 1003 50
a contact +20400 +21000 2015 1002 50
a contact +21000 +21600 2002 9002 50
a contact +21600 +22200 2002 1002 50
a contact +21600 +22200 2003 1002 50
a contact +21600 +22200 2008 1001 50
a contact +21600 +22200 2013 1003 50
a contact +21600 +22200 2015 1001 50
a contact +21600 +22200 2016 1003 50
a contact +22200 +22800 2011 9002 50
a contact +22800 +23400 2001 1001 50
a contact +22800 +23400 2002 1002 50
a contact +22800 +23400 2008 1001 50
a contact +22800 +23400 2009 1002 50
a contact +22800 +23400 2012 1003 50
a contact +22800 +23400 2013 1003 50
a contact +23400 +24000 2007 9002 50
a contact +24000 +24600 2001 1001 50
a contact +24000 +24600 2002 1002 50
a contact +24000 +24600 2003 1003 50
a contact +24000 +24600 2007 1003 50
a contact +24000 +24600 2011 1002 50
a contact +24000 +24600 2014 1001 50
a contact +24600 +25200 2013 9002 50
a contact +25200 +25800 2004 1001 50
a contact +25200 +25800 2007 1001 50
a contact +25200 +25800 2009 1002 50
a contact +25200 +25800 2013 1003 50
a contact +25200 +25800 2014 1003 50
a contact +25200 +25800 2016 1002 50
a contact +25800 +26400 2013 9002 50
a contact +26400 +27000 2004 1003 50
a contact +26400 +27000 2007 1002 50
a contact +26400 +27000 2009 1002 50
a contact +26400 +27000 2010 1003 50
a contact +26400 +27000 2014 1001 50
a contact +26400 +27000 2015 1001 50
a contact +27000 +27600 2016 9002 50
a contact +27600 +28200 2001 1002 50
a contact +27600 +28200 2002 1003 50
a contact +27600 +28200 2005 1001 50
a contact +27600 +28200 2009 1001 50
a contact +27600 +28200 2015 1002 50
a contact +27600 +28200 2016 1003 50
a contact +28200 +28800 2009 9002 50
a contact +28800 +29400 2002 1003 50
a contact +28800 +29400 2003 1001 50
a contact +28800 +29400 2009 1001 50
a contact +28800 +29400 2013 1002 50
a contact +28800 +29400 2015 1003 50
a contact +28800 +29400 2016 1002 50
a contact +29400 +30000 2001 9002 50
a contact +30000 +30600 2001 1002 50
a contact +30000 +30600 2003 1003 50
a contact +30000 +30600 2005 1003 50
a contact +30000 +30600 2011 1001 50
a contact +30000 +30600 2012 1002 50
a contact +30000 +30600 2014 1001 50
a contact +30600 +31200 1002 9002 1200
a contact +30600 +31200 2014 9003 50
a contact +31200 +31800 2002 1001 50
a contact +31200 +31800 2005 1001 50
a contact +31200 +31800 2007 1003 50
a contact +31200 +31800 2011 1003 50
a contact +31200 +31800 2012 1002 50
a contact +31200 +31800 2015 1002 50
a contact +31800 +32400 2011 9003 50
a contact +31800 +32400 2016 9002 50
a contact +32400 +33000 2001 1003 50
a contact +32400 +33000 2004 1002 50
a contact +32400 +33000 2008 1001 50
a contact +32400 +33000 2009 1003 50
a contact +32400 +33000 2012 1002 50
a contact +32400 +33000 2016 1001 50
a contact +33000 +33600 2012 9003 50
a contact +33000 +33600 2015 9002 50
a contact +33600 +34200 2005 1002 50
a contact +33600 +34200 2006 1001 50
a contact +33600 +34200 2009 1003 50
a contact +33600 +34200 2013 1003 50
a contact +33600 +34200 2015 1002 50
a contact +33600 +34200 2016 1001 50
a contact +34200 +34800 1001 9003 1200
a contact +34200 +34800 2014 9002 50
a contact +34800 +35400 2003 1003 50
a contact +34800 +35400 2009 1003 50
a contact +34800 +35400 2012 1002 50
a contact +34800 +35400 2013 1001 50
a contact +34800 +35400 2014 1001 50
a contact +34800 +35400 2016 1002 50
a contact +35400 +36000 2004 9003 50
a contact +35400 +36000 2009 9002 50
a contact +36000 +36600 2001 1002 50
a contact +36000 +36600 2003 1002 50
a contact +36000 +36600 2007 1001 50
a contact +36000 +36600 2009 1003 50
a contact +36000 +36600 2010 1003 50
a contact +36000 +36600 2016 1001 50
a contact +36600 +37200 1003 9003 1200
a contact +36600 +37200 2014 9002 50
a contact +37200 +37800 2001 1001 50
a contact +37200 +37800 2004 1002 50
a contact +37200 +37800 2007 1003 50
a contact +37200 +37800 2013 1001 50
a contact +37200 +37800 2015 1003 50
a contact +37200 +37800 2016 1002 50
a contact +37800 +38400 1001 9002 1200
a contact +37800 +38400 1002 9003 1200
a contact +38400 +39000 2003 1001 50
a contact +38400 +39000 2006 1002 50
a contact +38400 +39000 2009 1003 50
a contact +38400 +39000 2010 1001 50
a contact +38400 +39000 2011 1003 50
a contact +38400 +39000 2016 1002 50
a contact +39000 +39600 2009 9002 50
a contact +39000 +39600 2012 9003 50
a contact +39600 +40200 2003 1001 50
a contact +39600 +40200 2006 1002 50
a contact +39600 +40200 2009 1002 50
a contact +39600 +40200 2011 1003 50
a contact +39600 +40200 2012 1003 50
a contact +39600 +40200 2014 1001 50
a contact +40200 +40800 1002 9002 1200
a contact +40200 +40800 2011 9003 50
a contact +40800 +41400 2001 1001 50
a contact +40800 +41400 2002 1002 50
a contact +40800 +41400 2003 1001 50
a contact +40800 +41400 2005 1003 50
a contact +40800 +41400 2012 1003 50
a contact +40800 +41400 2014 1002 50
a contact +41400 +42000 2009 9003 50
a contact +41400 +42000 2013 9002 50
a contact +42000 +42600 2003 1003 50
a contact +42000 +42600 2007 1002 50
a contact +42000 +42600 2010 1001 50
a contact +42000 +42600 2012 1003 50
a contact +42000 +42600 2014 1002 50
a contact +42000 +42600 2015 1001 50
a contact +42600 +43200 2001 9003 50
a contact +43200 +43800 2003 1003 50
a contact +43200 +43800 2006 1001 50
a contact +43200 +43800 2008 1003 50
a contact +43200 +43800 2010 1002 50
a contact +43200 +43800 2011 1001 50
a contact +43200 +43800 2016 1002 50
a contact +43800 +44400 2002 9003 50
a contact +44400 +45000 2002 1003 50
a contact +44400 +45000 2004 1001 50
a contact +44400 +45000 2006 1003 50
a contact +44400 +45000 2009 1001 50
a contact +44400 +45000 2015 1002 50
a contact +44400 +45000 2016 1002 50
a contact +45000 +45600 1002 9003 1200
a contact +45600 +46200 2001 1001 50
a contact +45600 +46200 2005 1002 50
a contact +45600 +46200 2006 1003 50
a contact +45600 +46200 2011 1001 50
a contact +45600 +46200 2013 1002 50
a contact +45600 +46200 2014 1003 50
a contact +46200 +46800 1003 9003 1200
a contact +46800 +47400 2003 1003 50
a contact +46800 +47400 2008 1001 50
a contact +46800 +47400 2009 1001 50
a contact +46800 +47400 2013 1002 50
a contact +46800 +47400 2015 1003 50
a contact +46800 +47400 2016 1002 50
a contact +47400 +48000 2016 9003 50
a contact +48000 +48600 2001 1001 50
a contact +48000 +48600 2005 1002 50
a contact +48000 +48600 2009 1003 50
a contact +48000 +48600 2011 1002 50
a contact +48000 +48600 2013 1001 50
a contact +48000 +48600 2014 1003 50
a contact +48600 +49200 2009 9003 50
a contact +49200 +49800 2003 1003 50
a contact +49200 +49800 2007 1002 50
a contact +49200 +49800 2008 1003 50
a contact +49200 +49800 2009 1001 50
a contact +49200 +49800 2014 1002 50
a contact +49200 +49800 2016 1001 50
a contact +49800 +50400 2002 9003 50
a contact +50400 +51000 2005 1001 50
a contact +50400 +51000 2007 1002 50
a contact +50400 +51000 2012 1003 50
a contact +50400 +51000 2013 1001 50
a contact +50400 +51000 2015 1002 50
a contact +50400 +51000 2016 1003 50
a contact +51000 +51600 2014 9003 50
a contact +51600 +52200 2003 1002 50
a contact +51600 +52200 2004 1003 50
a contact +51600 +52200 2010 1001 50
a contact +51600 +52200 2011 1002 50
a contact +51600 +52200 2012 1003 50
a contact +51600 +52200 2015 1001 50
a contact +52200 +52800 2010 9003 50
a contact +52200 +52800 2014 9001 50
a contact +52800 +53400 2007 1001 50
a contact +52800 +53400 2012 1002 50
a contact +52800 +53400 2013 1003 50
a contact +52800 +53400 2014 1002 50
a contact +52800 +53400 2015 1003 50
a contact +52800 +53400 2016 1001 50
a contact +53400 +54000 2004 9001 50
a contact +53400 +54000 2005 9003 50
a contact +54000 +54600 2002 1002 50
a contact +54000 +54600 2004 1002 50
a contact +54000 +54600 2007 1001 50
a contact +54000 +54600 2009 1001 50
a contact +54000 +54600 2014 1003 50
a contact +54000 +54600 2016 1003 50
a contact +54600 +55200 2004 9001 50
a contact +54600 +55200 2016 9003 50
a contact +55200 +55800 2001 1003 50
a contact +55200 +55800 2002 1003 50
a contact +55200 +55800 2011 1002 50
a contact +55200 +55800 2012 1001 50
a contact +55200 +55800 2013 1001 50
a contact +55200 +55800 2015 1002 50
a contact +55800 +56400 1002 9003 1200
a contact +55800 +56400 2001 9001 50
a contact +56400 +57000 2004 1001 50
a contact +56400 +57000 2006 1002 50
a contact +56400 +57000 2008 1001 50
a contact +56400 +57000 2011 1003 50
a contact +56400 +57000 2013 1002 50
a contact +56400 +57000 2016 1003 50
a contact +57000 +57600 2011 9001 50
a contact +57000 +57600 2015 9003 50
a contact +57600 +58200 2001 1001 50
a contact +57600 +58200 2004 1001 50
a contact +57600 +58200 2009 1003 50
a contact +57600 +58200 2011 1002 50
a contact +57600 +58200 2013 1002 50
a contact +57600 +58200 2015 1003 50
a contact +58200 +58800 2011 9003 50
a contact +58200 +58800 2013 9001 50
a contact +58800 +59400 2001 1001 50
a contact +58800 +59400 2005 1002 50
a contact +58800 +59400 2008 1003 50
a contact +58800 +59400 2009 1002 50
a contact +58800 +59400 2010 1003 50
a contact +58800 +59400 2016 1001 50
a contact +59400 +60000 2004 9001 50
a contact +59400 +60000 2015 9003 50
a contact +60000 +60600 2003 1001 50
a contact +60000 +60600 2006 1003 50
a contact +60000 +60600 2009 1002 50
a contact +60000 +60600 2011 1003 50
a contact +60000 +60600 2013 1001 50
a contact +60000 +60600 2016 1002 50
a contact +60600 +61200 1003 9001 1200
a contact +60600 +61200 2003 9003 50
a contact +61200 +61800 2010 1002 50
a contact +61200 +61800 2011 1001 50
a contact +61200 +61800 2013 1003 50
a contact +61200 +61800 2014 1003 50
a contact +61200 +61800 2015 1002 50
a contact +61200 +61800 2016 1001 50
a contact +61800 +62400 2006 9001 50
a contact +61800 +62400 2010 9003 50
a contact +62400 +63000 2005 1001 50
a contact +62400 +63000 2008 1003 50
a contact +62400 +63000 2012 1002 50
a contact +62400 +63000 2013 1002 50
a contact +62400 +63000 2014 1003 50
a contact +62400 +63000 2015 1001 50
a contact +63000 +63600 2014 9001 50
a contact +63000 +63600 2016 9003 50
a contact +63600 +64200 2004 1001 50
a contact +63600 +64200 2005 1003 50
a contact +63600 +64200 2010 1002 50
a contact +63600 +64200 2012 1003 50
a contact +63600 +64200 2015 1001 50
a contact +63600 +64200 2016 1002 50
a contact +64200 +64800 2001 9001 50
a contact +64200 +64800 2006 9003 50
a contact +64800 +65400 2007 1001 50
a contact +64800 +65400 2008 1003 50
a contact +64800 +65400 2010 1001 50
a contact +64800 +65400 2011 1002 50
a contact +64800 +65400 2012 1003 50
a contact +64800 +65400 2014 1002 50
a contact +65400 +66000 2013 9001 50
a contact +65400 +66000 2016 9003 50
a contact +66000 +66600 2004 1001 50
a contact +66000 +66600 2006 1003 50
a contact +66000 +66600 2008 1001 50
a contact +66000 +66600 2010 1003 50
a contact +66000 +66600 2013 1002 50
a contact +66000 +66600 2016 1002 50
a contact +66600 +67200 1002 9001 1200
a contact +66600 +67200 2014 9003 50
a contact +67200 +67800 2003 1001 50
a contact +67200 +67800 2005 1003 50
a contact +67200 +67800 2006 1001 50
a contact +67200 +67800 2010 1002 50
a contact +67200 +67800 2012 1002 50
a contact +67200 +67800 2015 1003 50
a contact +67800 +68400 2005 9003 50
a contact +67800 +68400 2009 9001 50
a contact +68400 +69000 2004 1002 50
a contact +68400 +69000 2005 1003 50
a contact +68400 +69000 2010 1003 50
a contact +68400 +69000 2014 1001 50
a contact +68400 +69000 2015 1001 50
a contact +68400 +69000 2016 1002 50
a contact +69000 +69600 2012 9003 50
a contact +69000 +69600 2015 9001 50
a contact +69600 +70200 2002 1001 50
a contact +69600 +70200 2004 1002 50
a contact +69600 +70200 2006 1001 50
a contact +69600 +70200 2010 1003 50
a contact +69600 +70200 2012 1003 50
a contact +69600 +70200 2016 1002 50
a contact +70200 +70800 2014 9001 50
a contact +70200 +70800 2016 9003 50
a contact +70800 +71400 2002 1003 50
a contact +70800 +71400 2005 1001 50
a contact +70800 +71400 2008 1001 50
a contact +70800 +71400 2011 1002 50
a contact +70800 +71400 2012 1003 50
a contact +70800 +71400 2016 1002 50
a contact +71400 +72000 2004 9003 50
a contact +71400 +72000 2012 9001 50
a contact +72000 +72600 2001 1001 50
a contact +72000 +72600 2003 1002 50
a contact +72000 +72600 2008 1003 50
a contact +72000 +72600 2010 1001 50
a contact +72000 +72600 2011 1003 50
a contact +72000 +72600 2015 1002 50
a contact +72600 +73200 2011 9001 50
a contact +72600 +73200 2013 9003 50
a contact +73200 +73800 2001 1001 50
a contact +73200 +73800 2004 1003 50
a contact +73200 +73800 2005 1002 50
a contact +73200 +73800 2010 1003 50
a contact +73200 +73800 2012 1001 50
a contact +73200 +73800 2013 1002 50
a contact +73800 +74400 2006 9001 50
a contact +73800 +74400 2012 9003 50
a contact +74400 +75000 2005 1003 50
a contact +74400 +75000 2008 1003 50
a contact +74400 +75000 2011 1001 50
a contact +74400 +75000 2012 1002 50
a contact +74400 +75000 2014 1001 50
a contact +74400 +75000 2016 1002 50
a contact +75000 +75600 1003 9001 1200
a contact +75000 +75600 2011 9003 50
a contact +75600 +76200 2002 1001 50
a contact +75600 +76200 2005 1001 50
a contact +75600 +76200 2006 1003 50
a contact +75600 +76200 2007 1002 50
a contact +75600 +76200 2012 1003 50
a contact +75600 +76200 2013 1002 50
a contact +76200 +76800 2002 9003 50
a contact +76200 +76800 2015 9001 50
a contact +76800 +77400 2002 1003 50
a contact +76800 +77400 2005 1001 50
a contact +76800 +77400 2008 1003 50
a contact +76800 +77400 2011 1002 50
a contact +76800 +77400 2012 1001 50
a contact +76800 +77400 2013 1002 50
a contact +77400 +78000 1003 9001 1200
a contact +77400 +78000 2008 9003 50
a contact +78000 +78600 2003 1002 50
a contact +78000 +78600 2004 1001 50
a contact +78000 +78600 2006 1001 50
a contact +78000 +78600 2012 1003 50
a contact +78000 +78600 2013 1003 50
a contact +78000 +78600 2016 1002 50
a contact +78600 +79200 1001 9002 1200
a contact +78600 +79200 2012 9001 50
a contact +79200 +79800 2001 1001 50
a contact +79200 +79800 2007 1001 50
a contact +79200 +79800 2011 1002 50
a contact +79200 +79800 2012 1003 50
a contact +79200 +79800 2013 1002 50
a contact +79200 +79800 2015 1003 50
a contact +79800 +80400 2009 9001 50
a contact +79800 +80400 2013 9002 50
a contact +80400 +81000 2001 1002 50
a contact +80400 +81000 2009 1001 50
a contact +80400 +81000 2010 1002 50
a contact +80400 +81000 2011 1003 50
a contact +80400 +81000 2013 1003 50
a contact +80400 +81000 2016 1001 50
a contact +81000 +81600 2001 9002 50
a contact +81000 +81600 2016 9001 50
a contact +81600 +82200 2008 1003 50
a contact +81600 +82200 2009 1001 50
a contact +81600 +82200 2010 1003 50
a contact +81600 +82200 2011 1002 50
a contact +81600 +82200 2014 1001 50
a contact +81600 +82200 2016 1002 50
a contact +82200 +82800 2002 9002 50
a contact +82200 +82800 2013 9001 50
a contact +82800 +83400 2002 1003 50
a contact +82800 +83400 2007 1002 50
a contact +82800 +83400 2009 1003 50
a contact +82800 +83400 2010 1002 50
a contact +82800 +83400 2012 1001 50
a contact +82800 +83400 2015 1001 50
a contact +83400 +84000 2013 9002 50
a contact +83400 +84000 2016 9001 50
a contact +84000 +84600 2003 1002 50
a contact +84000 +84600 2005 1003 50
a contact +84000 +84600 2007 1003 50
a contact +84000 +84600 2011 1002 50
a contact +84000 +84600 2013 1001 50
a contact +84000 +84600 2015 1001 50
a contact +84600 +85200 2012 9002 50
a contact +84600 +85200 2015 9001 50
a contact +85200 +85800 2001 1003 50
a contact +85200 +85800 2009 1001 50
a contact +85200 +85800 2011 1003 50
a contact +85200 +85800 2012 1002 50
a contact +85200 +85800 2013 1001 50
a contact +85200 +85800 2014 1002 50
a contact +85800 +86400 2002 9001 50
a contact +85800 +86400 2015 9002 50

a range +0 +600 2003 1001 0.0541
a range +0 +600 2008 1002 0.0545
a range +0 +600 2010 1003 0.0555
a range +0 +600 2011 1003 0.054
a range +0 +600 2012 1001 0.0546
a range +0 +600 2013 1002 0.0543
a range +600 +1200 2008 9001 1102.3364
a range +600 +1200 2011 9002 1103.3944
a range +1200 +1800 2001 1003 0.0555
a range +1200 +1800 2008 1003 0.054
a range +1200 +1800 2010 1002 0.0552
a range +1200 +1800 2011 1001 0.0543
a range +1200 +1800 2012 1002 0.054
a range +1200 +1800 2016 1001 0.054
a range +1800 +2400 2009 9002 1103.3814
a range +1800 +2400 2015 9001 1102.3249
a range +2400 +3000 2004 1002 0.0549
a range +2400 +3000 2006 1001 0.055
a range +2400 +3000 2009 1001 0.0545
a range +2400 +3000 2011 1002 0.0549
a range +2400 +3000 2015 1003 0.0552
a range +2400 +3000 2016 1003 0.0545
a range +3000 +3600 2012 9001 1102.3494
a range +3000 +3600 2015 9002 1102.6981
a range +3600 +4200 2002 1002 0.0541
a range +3600 +4200 2003 1001 0.0541
a range +3600 +4200 2007 1003 0.0558
a range +3600 +4200 2008 1001 0.0547
a range +3600 +4200 2009 1002 0.0552
a range +3600 +4200 2010 1003 0.0555
a range +4200 +4800 2002 9002 1103.3976
a range +4200 +4800 2011 9001 1102.335
a range +4800 +5400 2003 1002 0.0548
a range +4800 +5400 2006 1002 0.055
a range +4800 +5400 2009 1001 0.0545
a range +4800 +5400 2010 1003 0.0555
a range +4800 +5400 2014 1001 0.055
a range +4800 +5400 2015 1003 0.0552
a range +5400 +6000 2010 9002 1103.3787
a range +5400 +6000 2016 9001 1102.3563
a range +6000 +6600 2004 1002 0.0549
a range +6000 +6600 2006 1003 0.0544
a range +6000 +6600 2009 1001 0.0545
a range +6000 +6600 2010 1001 0.0559
a range +6000 +6600 2012 1002 0.054
a range +6000 +6600 2016 1003 0.0545
a range +6600 +7200 2012 9001 1102.3494
a range +6600 +7200 2016 9002 1102.4875
a range +7200 +7800 2002 1002 0.0541
a range +7200 +7800 2004 1003 0.0552
a range +7200 +7800 2006 1003 0.0544
a range +7200 +7800 2007 1002 0.055
a range +7200 +7800 2014 1001 0.055
a range +7200 +7800 2016 1001 0.054
a range +7800 +8400 2006 9001 1102.3552
a range +7800 +8400 2011 9002 1103.3944
a range +8400 +9000 2001 1002 0.0545
a range +8400 +9000 2005 1003 0.0549
a range +8400 +9000 2010 1003 0.0555
a range +8400 +9000 2012 1001 0.0546
a range +8400 +9000 2015 1002 0.0558
a range +8400 +9000 2016 1001 0.054
a range +9000 +9600 2012 9001 1102.3494
a range +9000 +9600 2016 9002 1102.4875
a range +9600 +10200 2003 1003 0.0544
a range +9600 +10200 2007 1001 0.0555
a range +9600 +10200 2008 1003 0.054
a range +9600 +10200 2010 1002 0.0552
a range +9600 +10200 2013 1002 0.0543
a range +9600 +10200 2014 1001 0.055
a range +10200 +10800 2003 9001 1102.3568
a range +10200 +10800 2004 9002 1103.3782
a range +10800 +11400 2001 1002 0.0545
a range +10800 +11400 2002 1001 0.0543
a range +10800 +11400 2007 1003 0.0558
a range +10800 +11400 2008 1001 0.0547
a range +10800 +11400 2009 1002 0.0552
a range +10800 +11400 2010 1003 0.0555
a range +11400 +12000 2011 9002 1103.3944
a range +11400 +12000 2016 9001 1102.3563
a range +12000 +12600 2003 1002 0.0548
a range +12000 +12600 2004 1003 0.0552
a range +12000 +12600 2009 1001 0.0545
a range +12000 +12600 2011 1001 0.0543
a range +12000 +12600 2012 1002 0.0546
a range +12000 +12600 2014 1003 0.0543
a range +12600 +13200 2009 9001 1102.3566
a range +12600 +13200 2012 9002 1103.3971
a range +13200 +13800 2005 1001 0.0543
a range +13200 +13800 2007 1003 0.0558
a range +13200 +13800 2008 1001 0.0547
a range +13200 +13800 2009 1002 0.0552
a range +13200 +13800 2014 1003 0.0543
a range +13200 +13800 2015 1002 0.0558
a range +13800 +14400 1001 9002 1102.7998
a range +13800 +14400 2001 9001 1102.3348
a range +14400 +15000 2002 1002 0.0543
a range +14400 +15000 2006 1001 0.055
a range +14400 +15000 2007 1003 0.0558
a range +14400 +15000 2009 1001 0.0545
a range +14400 +15000 2013 1002 0.0543
a range +14400 +15000 2014 1003 0.0543
a range +15000 +15600 2008 9002 1102.9107
a range +15000 +15600 2016 9001 1102.3563
a range +15600 +16200 2004 1002 0.0549
a range +15600 +16200 2007 1003 0.0558
a range +15600 +16200 2010 1001 0.0544
a range +15600 +16200 2011 1001 0.0543
a range +15600 +16200 2013 1003 0.0542
a range +15600 +16200 2014 1002 0.055
a range +16200 +16800 2008 9002 1102.9107
a range +16800 +17400 2003 1003 0.0544
a range +16800 +17400 2005 1002 0.0555
a range +16800 +17400 2009 1003 0.0547
a range +16800 +17400 2011 1001 0.0543
a range +16800 +17400 2013 1002 0.0543
a range +16800 +17400 2014 1001 0.055
a range +17400 +18000 2010 9002 1103.3787
a range +18000 +18600 2002 1002 0.0543
a range +18000 +18600 2005 1001 0.0543
a range +18000 +18600 2007 1001 0.0549
a range +18000 +18600 2008 1003 0.054
a range +18000 +18600 2009 1002 0.0552
a range +18000 +18600 2016 1003 0.0546
a range +18600 +19200 2012 9002 1103.3971
a range +19200 +19800 2001 1003 0.0555
a range +19200 +19800 2009 1002 0.0552
a range +19200 +19800 2011 1002 0.0543
a range +19200 +19800 2012 1001 0.0546
a range +19200 +19800 2013 1003 0.0542
a range +19200 +19800 2015 1001 0.0542
a range +19800 +20400 2008 9002 1102.9107
a range +20400 +21000 2002 1001 0.0543
a range +20400 +21000 2006 1003 0.0542
a range +20400 +21000 2008 1001 0.0547
a range +20400 +21000 2011 1002 0.0543
a range +20400 +21000 2014 1003 0.0543
a range +20400 +21000 2015 1002 0.0558
a range +21000 +21600 2002 9002 1103.3976
a range +21600 +22200 2002 1002 0.0543
a range +21600 +22200 2003 1002 0.0548
a range +21600 +22200 2008 1001 0.0547
a range +21600 +22200 2013 1003 0.0542
a range +21600 +22200 2015 1001 0.0542
a range +21600 +22200 2016 1003 0.0546
a range +22200 +22800 2011 9002 1103.3944
a range +22800 +23400 2001 1001 0.054
a range +22800 +23400 2002 1002 0.0543
a range +22800 +23400 2008 1001 0.0547
a range +22800 +23400 2009 1002 0.0552
a range +22800 +23400 2012 1003 0.054
a range +22800 +23400 2013 1003 0.0542
a range +23400 +24000 2007 9002 1103.3727
a range +24000 +24600 2001 1001 0.054
a range +24000 +24600 2002 1002 0.0543
a range +24000 +24600 2003 1003 0.0544
a range +24000 +24600 2007 1003 0.0558
a range +24000 +24600 2011 1002 0.0543
a range +24000 +24600 2014 1001 0.055
a range +24600 +25200 2013 9002 1103.1011
a range +25200 +25800 2004 1001 0.0543
a range +25200 +25800 2007 1001 0.0549
a range +25200 +25800 2009 1002 0.0552
a range +25200 +25800 2013 1003 0.0542
a range +25200 +25800 2014 1003 0.0543
a range +25200 +25800 2016 1002 0.0553
a range +25800 +26400 2013 9002 1103.1011
a range +26400 +27000 2004 1003 0.0552
a range +26400 +27000 2007 1002 0.0541
a range +26400 +27000 2009 1002 0.0552
a range +26400 +27000 2010 1003 0.0555
a range +26400 +27000 2014 1001 0.055
a range +26400 +27000 2015 1001 0.0542
a range +27000 +27600 2016 9002 1103.3159
a range +27600 +28200 2001 1002 0.054
a range +27600 +28200 2002 1003 0.054
a range +27600 +28200 2005 1001 0.0543
a range +27600 +28200 2009 1001 0.0552
a range +27600 +28200 2015 1002 0.0558
a range +27600 +28200 2016 1003 0.0546
a range +28200 +28800 2009 9002 1103.3814
a range +28800 +29400 2002 1003 0.054
a range +28800 +29400 2003 1001 0.0552
a range +28800 +29400 2009 1001 0.0552
a range +28800 +29400 2013 1002 0.0544
a range +28800 +29400 2015 1003 0.0546
a range +28800 +29400 2016 1002 0.0553
a range +29400 +30000 2001 9002 1103.3938
a range +30000 +30600 2001 1002 0.054
a range +30000 +30600 2003 1003 0.0544
a range +30000 +30600 2005 1003 0.0542
a range +30000 +30600 2011 1001 0.0543
a range +30000 +30600 2012 1002 0.0546
a range +30000 +30600 2014 1001 0.055
a range +30600 +31200 1002 9002 1103.4001
a range +30600 +31200 2014 9003 1103.6908
a range +31200 +31800 2002 1001 0.0543
a range +31200 +31800 2005 1001 0.0543
a range +31200 +31800 2007 1003 0.0558
a range +31200 +31800 2011 1003 0.054
a range +31200 +31800 2012 1002 0.0546
a range +31200 +31800 2015 1002 0.0558
a range +31800 +32400 2011 9003 1104.7649
a range +31800 +32400 2016 9002 1103.3159
a range +32400 +33000 2001 1003 0.0555
a range +32400 +33000 2004 1002 0.0548
a range +32400 +33000 2008 1001 0.0547
a range +32400 +33000 2009 1003 0.0547
a range +32400 +33000 2012 1002 0.0546
a range +32400 +33000 2016 1001 0.0389
a range +33000 +33600 2012 9003 1104.7799
a range +33000 +33600 2015 9002 1103.404
a range +33600 +34200 2005 1002 0.0555
a range +33600 +34200 2006 1001 0.0383
a range +33600 +34200 2009 1003 0.0547
a range +33600 +34200 2013 1003 0.0542
a range +33600 +34200 2015 1002 0.0558
a range +33600 +34200 2016 1001 0.0389
a range +34200 +34800 1001 9003 1103.9292
a range +34200 +34800 2014 9002 1103.3709
a range +34800 +35400 2003 1003 0.0544
a range +34800 +35400 2009 1003 0.0547
a range +34800 +35400 2012 1002 0.0546
a range +34800 +35400 2013 1001 0.0553
a range +34800 +35400 2014 1001 0.055
a range +34800 +35400 2016 1002 0.0553
a range +35400 +36000 2004 9003 1104.7704
a range +35400 +36000 2009 9002 1103.3814
a range +36000 +36600 2001 1002 0.054
a range +36000 +36600 2003 1002 0.0548
a range +36000 +36600 2007 1001 0.0549
a range +36000 +36600 2009 1003 0.0547
a range +36000 +36600 2010 1003 0.0555
a range +36000 +36600 2016 1001 0.0389
a range +36600 +37200 1003 9003 1103.2012
a range +36600 +37200 2014 9002 1103.3709
a range +37200 +37800 2001 1001 0.054
a range +37200 +37800 2004 1002 0.0548
a range +37200 +37800 2007 1003 0.0558
a range +37200 +37800 2013 1001 0.0553
a range +37200 +37800 2015 1003 0.0546
a range +37200 +37800 2016 1002 0.0553
a range +37800 +38400 1001 9002 1103.3556
a range +37800 +38400 1002 9003 1103.5617
a range +38400 +39000 2003 1001 0.0519
a range +38400 +39000 2006 1002 0.055
a range +38400 +39000 2009 1003 0.0547
a range +38400 +39000 2010 1001 0.0546
a range +38400 +39000 2011 1003 0.0544
a range +38400 +39000 2016 1002 0.0553
a range +39000 +39600 2009 9002 1103.3814
a range +39000 +39600 2012 9003 1104.7799
a range +39600 +40200 2003 1001 0.0519
a range +39600 +40200 2006 1002 0.055
a range +39600 +40200 2009 1002 0.0552
a range +39600 +40200 2011 1003 0.0544
a range +39600 +40200 2012 1003 0.0409
a range +39600 +40200 2014 1001 0.055
a range +40200 +40800 1002 9002 1103.4001
a range +40200 +40800 2011 9003 1104.7649
a range +40800 +41400 2001 1001 0.054
a range +40800 +41400 2002 1002 0.0543
a range +40800 +41400 2003 1001 0.0519
a range +40800 +41400 2005 1003 0.0542
a range +40800 +41400 2012 1003 0.0409
a range +40800 +41400 2014 1002 0.054
a range +41400 +42000 2009 9003 1104.7848
a range +41400 +42000 2013 9002 1103.3718
a range +42000 +42600 2003 1003 0.0544
a range +42000 +42600 2007 1002 0.0437
a range +42000 +42600 2010 1001 0.0546
a range +42000 +42600 2012 1003 0.0409
a range +42000 +42600 2014 1002 0.054
a range +42000 +42600 2015 1001 0.0543
a range +42600 +43200 2001 9003 1104.7646
a range +43200 +43800 2003 1003 0.0544
a range +43200 +43800 2006 1001 0.0383
a range +43200 +43800 2008 1003 0.054
a range +43200 +43800 2010 1002 0.0372
a range +43200 +43800 2011 1001 0.0543
a range +43200 +43800 2016 1002 0.0553
a range +43800 +44400 2002 9003 1104.7793
a range +44400 +45000 2002 1003 0.0406
a range +44400 +45000 2004 1001 0.0543
a range +44400 +45000 2006 1003 0.0542
a range +44400 +45000 2009 1001 0.052
a range +44400 +45000 2015 1002 0.0558
a range +44400 +45000 2016 1002 0.0553
a range +45000 +45600 1002 9003 1103.5617
a range +45600 +46200 2001 1001 0.054
a range +45600 +46200 2005 1002 0.0555
a range +45600 +46200 2006 1003 0.0542
a range +45600 +46200 2011 1001 0.0543
a range +45600 +46200 2013 1002 0.0437
a range +45600 +46200 2014 1003 0.0541
a range +46200 +46800 1003 9003 1104.3298
a range +46800 +47400 2003 1003 0.0544
a range +46800 +47400 2008 1001 0.0547
a range +46800 +47400 2009 1001 0.052
a range +46800 +47400 2013 1002 0.0437
a range +46800 +47400 2015 1003 0.0546
a range +46800 +47400 2016 1002 0.0553
a range +47400 +48000 2016 9003 1104.1088
a range +48000 +48600 2001 1001 0.054
a range +48000 +48600 2005 1002 0.0555
a range +48000 +48600 2009 1003 0.0547
a range +48000 +48600 2011 1002 0.0542
a range +48000 +48600 2013 1001 0.0553
a range +48000 +48600 2014 1003 0.0541
a range +48600 +49200 2009 9003 1104.7848
a range +49200 +49800 2003 1003 0.0544
a range +49200 +49800 2007 1002 0.0437
a range +49200 +49800 2008 1003 0.054
a range +49200 +49800 2009 1001 0.052
a range +49200 +49800 2014 1002 0.054
a range +49200 +49800 2016 1001 0.0389
a range +49800 +50400 2002 9003 1104.7793
a range +50400 +51000 2005 1001 0.0541
a range +50400 +51000 2007 1002 0.0437
a range +50400 +51000 2012 1003 0.0409
a range +50400 +51000 2013 1001 0.0553
a range +50400 +51000 2015 1002 0.0558
a range +50400 +51000 2016 1003 0.0546
a range +51000 +51600 2014 9003 1104.5119
a range +51600 +52200 2003 1002 0.0548
a range +51600 +52200 2004 1003 0.054
a range +51600 +52200 2010 1001 0.0546
a range +51600 +52200 2011 1002 0.0542
a range +51600 +52200 2012 1003 0.0409
a range +51600 +52200 2015 1001 0.054
a range +52200 +52800 2010 9003 1104.7697
a range +52200 +52800 2014 9001 1104.5002
a range +52800 +53400 2007 1001 0.0549
a range +52800 +53400 2012 1002 0.0546
a range +52800 +53400 2013 1003 0.0542
a range +52800 +53400 2014 1002 0.054
a range +52800 +53400 2015 1003 0.0546
a range +52800 +53400 2016 1001 0.0389
a range +53400 +54000 2004 9001 1105.0534
a range +53400 +54000 2005 9003 1104.7551
a range +54000 +54600 2002 1002 0.0543
a range +54000 +54600 2004 1002 0.0364
a range +54000 +54600 2007 1001 0.0549
a range +54000 +54600 2009 1001 0.052
a range +54000 +54600 2014 1003 0.0373
a range +54000 +54600 2016 1003 0.0546
a range +54600 +55200 2004 9001 1105.0534
a range +54600 +55200 2016 9003 1104.1088
a range +55200 +55800 2001 1003 0.0327
a range +55200 +55800 2002 1003 0.0406
a range +55200 +55800 2011 1002 0.0542
a range +55200 +55800 2012 1001 0.038
a range +55200 +55800 2013 1001 0.0553
a range +55200 +55800 2015 1002 0.0558
a range +55800 +56400 1002 9003 1104.7107
a range +55800 +56400 2001 9001 1105.068
a range +56400 +57000 2004 1001 0.0543
a range +56400 +57000 2006 1002 0.054
a range +56400 +57000 2008 1001 0.0547
a range +56400 +57000 2011 1003 0.0326
a range +56400 +57000 2013 1002 0.0437
a range +56400 +57000 2016 1003 0.0546
a range +57000 +57600 2011 9001 1105.0682
a range +57000 +57600 2015 9003 1104.2978
a range +57600 +58200 2001 1001 0.0551
a range +57600 +58200 2004 1001 0.0543
a range +57600 +58200 2009 1003 0.0547
a range +57600 +58200 2011 1002 0.0542
a range +57600 +58200 2013 1002 0.0437
a range +57600 +58200 2015 1003 0.0546
a range +58200 +58800 2011 9003 1104.7649
a range +58200 +58800 2013 9001 1104.7069
a range +58800 +59400 2001 1001 0.0551
a range +58800 +59400 2005 1002 0.0555
a range +58800 +59400 2008 1003 0.0366
a range +58800 +59400 2009 1002 0.0097
a range +58800 +59400 2010 1003 0.0542
a range +58800 +59400 2016 1001 0.0389
a range +59400 +60000 2004 9001 1105.0534
a range +59400 +60000 2015 9003 1104.2978
a range +60000 +60600 2003 1001 0.0519
a range +60000 +60600 2006 1003 0.0542
a range +60000 +60600 2009 1002 0.0097
a range +60000 +60600 2011 1003 0.0326
a range +60000 +60600 2013 1001 0.0553
a range +60000 +60600 2016 1002 0.054
a range +60600 +61200 1003 9001 1104.3267
a range +60600 +61200 2003 9003 1104.7851
a range +61200 +61800 2010 1002 0.0372
a range +61200 +61800 2011 1001 0.0553
a range +61200 +61800 2013 1003 0.0551
a range +61200 +61800 2014 1003 0.0373
a range +61200 +61800 2015 1002 0.0558
a range +61200 +61800 2016 1001 0.0389
a range +61800 +62400 2006 9001 1104.9164
a range +61800 +62400 2010 9003 1104.7697
a range +62400 +63000 2005 1001 0.0201
a range +62400 +63000 2008 1003 0.0366
a range +62400 +63000 2012 1002 0.0544
a range +62400 +63000 2013 1002 0.0437
a range +62400 +63000 2014 1003 0.0373
a range +62400 +63000 2015 1001 0.0199
a range +63000 +63600 2014 9001 1104.5002
a range +63000 +63600 2016 9003 1104.7885
a range +63600 +64200 2004 1001 0.0543
a range +63600 +64200 2005 1003 0.0542
a range +63600 +64200 2010 1002 0.0372
a range +63600 +64200 2012 1003 0.0409
a range +63600 +64200 2015 1001 0.0199
a range +63600 +64200 2016 1002 0.0401
a range +64200 +64800 2001 9001 1105.068
a range +64200 +64800 2006 9003 1104.7875
a range +64800 +65400 2007 1001 0.0549
a range +64800 +65400 2008 1003 0.0366
a range +64800 +65400 2010 1001 0.0546
a range +64800 +65400 2011 1002 0.0542
a range +64800 +65400 2012 1003 0.0409
a range +64800 +65400 2014 1002 0.054
a range +65400 +66000 2013 9001 1104.7069
a range +65400 +66000 2016 9003 1104.7885
a range +66000 +66600 2004 1001 0.0543
a range +66000 +66600 2006 1003 0.0542
a range +66000 +66600 2008 1001 0.055
a range +66000 +66600 2010 1003 0.0425
a range +66000 +66600 2013 1002 0.0437
a range +66000 +66600 2016 1002 0.0401
a range +66600 +67200 1002 9001 1104.6917
a range +66600 +67200 2014 9003 1104.5119
a range +67200 +67800 2003 1001 0.0519
a range +67200 +67800 2005 1003 0.0542
a range +67200 +67800 2006 1001 0.0383
a range +67200 +67800 2010 1002 0.0372
a range +67200 +67800 2012 1002 0.0544
a range +67200 +67800 2015 1003 0.0546
a range +67800 +68400 2005 9003 1104.7551
a range +67800 +68400 2009 9001 1105.047
a range +68400 +69000 2004 1002 0.0364
a range +68400 +69000 2005 1003 0.0542
a range +68400 +69000 2010 1003 0.0425
a range +68400 +69000 2014 1001 0.055
a range +68400 +69000 2015 1001 0.0199
a range +68400 +69000 2016 1002 0.0401
a range +69000 +69600 2012 9003 1104.7799
a range +69000 +69600 2015 9001 1105.0807
a range +69600 +70200 2002 1001 0.0376
a range +69600 +70200 2004 1002 0.0364
a range +69600 +70200 2006 1001 0.0383
a range +69600 +70200 2010 1003 0.0425
a range +69600 +70200 2012 1003 0.0409
a range +69600 +70200 2016 1002 0.0401
a range +70200 +70800 2014 9001 1104.5002
a range +70200 +70800 2016 9003 1104.7885
a range +70800 +71400 2002 1003 0.0406
a range +70800 +71400 2005 1001 0.0201
a range +70800 +71400 2008 1001 0.055
a range +70800 +71400 2011 1002 0.0542
a range +70800 +71400 2012 1003 0.0409
a range +70800 +71400 2016 1002 0.0401
a range +71400 +72000 2004 9003 1104.7704
a range +71400 +72000 2012 9001 1105.061
a range +72000 +72600 2001 1001 0.0279
a range +72000 +72600 2003 1002 0.0104
a range +72000 +72600 2008 1003 0.0366
a range +72000 +72600 2010 1001 0.0545
a range +72000 +72600 2011 1003 0.0326
a range +72000 +72600 2015 1002 0.0548
a range +72600 +73200 2011 9001 1105.0682
a range +72600 +73200 2013 9003 1104.7267
a range +73200 +73800 2001 1001 0.0279
a range +73200 +73800 2004 1003 0.0428
a range +73200 +73800 2005 1002 0.0547
a range +73200 +73800 2010 1003 0.0425
a range +73200 +73800 2012 1001 0.038
a range +73200 +73800 2013 1002 0.0437
a range +73800 +74400 2006 9001 1104.9164
a range +73800 +74400 2012 9003 1104.7799
a range +74400 +75000 2005 1003 0.0542
a range +74400 +75000 2008 1003 0.0366
a range +74400 +75000 2011 1001 0.0277
a range +74400 +75000 2012 1002 0.0458
a range +74400 +75000 2014 1001 0.0443
a range +74400 +75000 2016 1002 0.0401
a range +75000 +75600 1003 9001 1105.0361
a range +75000 +75600 2011 9003 1104.7649
a range +75600 +76200 2002 1001 0.0376
a range +75600 +76200 2005 1001 0.0201
a range +75600 +76200 2006 1003 0.0542
a range +75600 +76200 2007 1002 0.0437
a range +75600 +76200 2012 1003 0.0409
a range +75600 +76200 2013 1002 0.0437
a range +76200 +76800 2002 9003 1104.7793
a range +76200 +76800 2015 9001 1105.0807
a range +76800 +77400 2002 1003 0.0406
a range +76800 +77400 2005 1001 0.0201
a range +76800 +77400 2008 1003 0.0366
a range +76800 +77400 2011 1002 0.0554
a range +76800 +77400 2012 1001 0.038
a range +76800 +77400 2013 1002 0.0437
a range +77400 +78000 1003 9001 1105.0361
a range +77400 +78000 2008 9003 1104.7622
a range +78000 +78600 2003 1002 0.0104
a range +78000 +78600 2004 1001 0.0542
a range +78000 +78600 2006 1001 0.0383
a range +78000 +78600 2012 1003 0.0409
a range +78000 +78600 2013 1003 0.0149
a range +78000 +78600 2016 1002 0.0401
a range +78600 +79200 1001 9002 1105.0733
a range +78600 +79200 2012 9001 1105.061
a range +79200 +79800 2001 1001 0.0279
a range +79200 +79800 2007 1001 0.0554
a range +79200 +79800 2011 1002 0.0554
a range +79200 +79800 2012 1003 0.0409
a range +79200 +79800 2013 1002 0.0437
a range +79200 +79800 2015 1003 0.0546
a range +79800 +80400 2009 9001 1105.047
a range +79800 +80400 2013 9002 1105.0417
a range +80400 +81000 2001 1002 0.0552
a range +80400 +81000 2009 1001 0.052
a range +80400 +81000 2010 1002 0.0372
a range +80400 +81000 2011 1003 0.0326
a range +80400 +81000 2013 1003 0.0149
a range +80400 +81000 2016 1001 0.0389
a range +81000 +81600 2001 9002 1105.0752
a range +81000 +81600 2016 9001 1104.893
a range +81600 +82200 2008 1003 0.0366
a range +81600 +82200 2009 1001 0.052
a range +81600 +82200 2010 1003 0.0425
a range +81600 +82200 2011 1002 0.0554
a range +81600 +82200 2014 1001 0.0443
a range +81600 +82200 2016 1002 0.0401
a range +82200 +82800 2002 9002 1105.069
a range +82200 +82800 2013 9001 1105.0345
a range +82800 +83400 2002 1003 0.0406
a range +82800 +83400 2007 1002 0.0437
a range +82800 +83400 2009 1003 0.0491
a range +82800 +83400 2010 1002 0.0372
a range +82800 +83400 2012 1001 0.038
a range +82800 +83400 2015 1001 0.0199
a range +83400 +84000 2013 9002 1105.0417
a range +83400 +84000 2016 9001 1105.0616
a range +84000 +84600 2003 1002 0.0104
a range +84000 +84600 2005 1003 0.0542
a range +84000 +84600 2007 1003 0.0153
a range +84000 +84600 2011 1002 0.0554
a range +84000 +84600 2013 1001 0.0555
a range +84000 +84600 2015 1001 0.0199
a range +84600 +85200 2012 9002 1105.0683
a range +84600 +85200 2015 9001 1105.0807
a range +85200 +85800 2001 1003 0.0327
a range +85200 +85800 2009 1001 0.052
a range +85200 +85800 2011 1003 0.0326
a range +85200 +85800 2012 1002 0.0458
a range +85200 +85800 2013 1001 0.0555
a range +85200 +85800 2014 1002 0.0432
a range +85800 +86400 2002 9001 1105.0618
a range +85800 +86400 2015 9002 1105.088
