a contact +600 +1200 2015 1001 50
a contact +6000 +6600 2015 1001 50
a contact +9600 +10200 2016 1002 50
a contact +12000 +12600 2009 1001 50
a contact +12000 +12600 2012 1002 50
a contact +14400 +15000 2009 1003 50
a contact +17400 +18000 2015 1002 50
a contact +19800 +20400 2011 1002 50
a contact +20400 +21000 2012 1001 50
a contact +21000 +21600 1002 9003 1200
a contact +21000 +21600 2016 1001 50
a contact +22200 +23400 2016 1003 50
a contact +25800 +26400 2013 1001 50
a contact +27600 +28200 2015 1003 50
a contact +28200 +28800 2009 1003 50
a contact +28200 +28800 2010 1002 50
a contact +32400 +33000 2012 1002 50
a contact +36600 +37800 2016 1001 50
a contact +37800 +38400 2015 1003 50
a contact +43200 +43800 2013 1002 50
a contact +43200 +43800 2016 1003 50
a contact +45600 +46200 2014 1003 50
a contact +49800 +50400 2016 1001 50
a contact +50400 +51000 2016 1003 50
a contact +51600 +52200 2009 1002 50
a contact +52200 +52800 2016 1002 50
a contact +54000 +54600 2012 1003 50
a contact +54000 +54600 2013 1002 50
a contact +55200 +55800 2016 1001 50
a contact +57600 +58200 2008 1003 50
a contact +58800 +59400 2015 1002 50
a contact +59400 +60000 2014 1003 50
a contact +59400 +60600 2009 1003 50
a contact +60600 +61200 2014 1003 50
a contact +64800 +65400 2016 1003 50
a contact +68400 +69600 2016 1003 50
a contact +69600 +70200 2015 1003 50
a contact +70200 +70800 2016 1003 50
a contact +71400 +72000 2012 1001 50
a contact +75600 +76200 2012 1003 50
a contact +78000 +78600 2016 1003 50
a contact +81000 +81600 2016 1002 50
a contact +81600 +82200 2015 1002 50
a contact +82800 +83400 2014 1003 50
a contact +83400 +84000 2014 1003 50
a contact +85200 +85800 2014 1002 50

a range +600 +1200 2015 1001 0.0199
a range +6000 +6600 2015 1001 0.0199
a range +9600 +10200 2016 1002 0.0401
a range +12000 +12600 2009 1001 0.052
a range +12000 +12600 2012 1002 0.0458
a range +14400 +15000 2009 1003 0.0547
a range +17400 +18000 2015 1002 0.0558
a range +19800 +20400 2011 1002 0.0554
a range +20400 +21000 2012 1001 0.0546
a range +21000 +21600 1002 9003 1104.7107
a range +21000 +21600 2016 1001 0.0389
a range +22200 +23400 2016 1003 0.0545
a range +25800 +26400 2013 1001 0.0553
a range +27600 +28200 2015 1003 0.0542
a range +28200 +28800 2009 1003 0.0491
a range +28200 +28800 2010 1002 0.0372
a range +32400 +33000 2012 1002 0.054
a range +36600 +37800 2016 1001 0.0389
a range +37800 +38400 2015 1003 0.0546
a range +43200 +43800 2013 1002 0.0543
a range +43200 +43800 2016 1003 0.0545
a range +45600 +46200 2014 1003 0.0554
a range +49800 +50400 2016 1001 0.0389
a range +50400 +51000 2016 1003 0.0546
a range +51600 +52200 2009 1002 0.0549
a range +52200 +52800 2016 1002 0.0553
a range +54000 +54600 2012 1003 0.0409
a range +54000 +54600 2013 1002 0.0437
a range +55200 +55800 2016 1001 0.0389
a range +57600 +58200 2008 1003 0.054
a range +58800 +59400 2015 1002 0.0558
a range +59400 +60000 2014 1003 0.0373
a range +59400 +60600 2009 1003 0.0543
a range +60600 +61200 2014 1003 0.0373
a range +64800 +65400 2016 1003 0.0546
a range +68400 +69600 2016 1003 0.0546
a range +69600 +70200 2015 1003 0.0546
a range +70200 +70800 2016 1003 0.0546
a range +71400 +72000 2012 1001 0.038
a range +75600 +76200 2012 1003 0.0557
a range +78000 +78600 2016 1003 0.0543
a range +81000 +81600 2016 1002 0.0553
a range +81600 +82200 2015 1002 0.0558
a range +82800 +83400 2014 1003 0.0373
a range +83400 +84000 2014 1003 0.0373
a range +85200 +85800 2014 1002 0.054
