a contact +3000 +3600 2015 1003 50
a contact +3600 +4200 2016 1003 50
a contact +4200 +4800 2005 1003 50
a contact +4800 +5400 2009 1002 50
a contact +8400 +9000 2005 1002 50
a contact +9000 +9600 2004 1003 50
a contact +9600 +10200 2002 9001 50
a contact +9600 +10200 2003 9002 50
a contact +12600 +13200 2006 1003 50
a contact +13200 +13800 2016 1003 50
a contact +15600 +16200 2011 1003 50
a contact +16200 +16800 2012 1003 50
a contact +17400 +18000 2011 1002 50
a contact +18600 +19200 2005 1003 50
a contact +20400 +21000 1003 9002 1200
a contact +28200 +28800 2006 1002 50
a contact +30000 +30600 2002 9003 50
a contact +31800 +32400 2001 9003 50
a contact +34800 +35400 1001 9002 1200
a contact +35400 +36000 2011 1002 50
a contact +36600 +37200 2008 1002 50
a contact +37200 +37800 2011 1003 50
a contact +38400 +39000 2005 1003 50
a contact +39000 +39600 2004 1002 50
a contact +42000 +42600 2004 1003 50
a contact +43200 +43800 2015 1003 50
a contact +43800 +44400 2014 1003 50
a contact +48600 +49200 2008 1001 50
a contact +51600 +52200 1001 9003 1200
a contact +52800 +53400 2001 9003 50
a contact +53400 +54000 2016 1002 50
a contact +58200 +58800 2004 1002 50
a contact +61200 +61800 2001 9001 50
a contact +61200 +61800 2015 1002 50
a contact +63000 +63600 1001 9001 1200
a contact +64200 +64800 2016 1002 50
a contact +66600 +67200 2005 1003 50
a contact +67200 +67800 2009 1002 50
a contact +67800 +68400 2009 1003 50
a contact +67800 +68400 2010 1002 50
a contact +68400 +69000 2007 1002 50
a contact +76800 +77400 2010 1003 50
a contact +77400 +78000 2007 1003 50
a contact +78000 +78600 2007 1002 50
a contact +81600 +82200 2002 9001 50
a contact +82800 +83400 2015 1003 50
a contact +82800 +83400 2016 1002 50

a range +3000 +3600 2015 1003 0.0552
a range +3600 +4200 2016 1003 0.0545
a range +4200 +4800 2005 1003 0.0549
a range +4800 +5400 2009 1002 0.0552
a range +8400 +9000 2005 1002 0.0555
a range +9000 +9600 2004 1003 0.0552
a range +9600 +10200 2002 9001 1102.3487
a range +9600 +10200 2003 9002 1103.382
a range +12600 +13200 2006 1003 0.0542
a range +13200 +13800 2016 1003 0.0546
a range +15600 +16200 2011 1003 0.054
a range +16200 +16800 2012 1003 0.0557
a range +17400 +18000 2011 1002 0.0543
a range +18600 +19200 2005 1003 0.0559
a range +20400 +21000 1003 9002 1103.2048
a range +28200 +28800 2006 1002 0.055
a range +30000 +30600 2002 9003 1104.7793
a range +31800 +32400 2001 9003 1104.7646
a range +34800 +35400 1001 9002 1103.3556
a range +35400 +36000 2011 1002 0.0542
a range +36600 +37200 2008 1002 0.0554
a range +37200 +37800 2011 1003 0.0544
a range +38400 +39000 2005 1003 0.0542
a range +39000 +39600 2004 1002 0.0548
a range +42000 +42600 2004 1003 0.0552
a range +43200 +43800 2015 1003 0.0546
a range +43800 +44400 2014 1003 0.0541
a range +48600 +49200 2008 1001 0.0547
a range +51600 +52200 1001 9003 1103.9292
a range +52800 +53400 2001 9003 1104.7646
a range +53400 +54000 2016 1002 0.054
a range +58200 +58800 2004 1002 0.0364
a range +61200 +61800 2001 9001 1105.068
a range +61200 +61800 2015 1002 0.0558
a range +63000 +63600 1001 9001 1105.0649
a range +64200 +64800 2016 1002 0.0401
a range +66600 +67200 2005 1003 0.0542
a range +67200 +67800 2009 1002 0.0097
a range +67800 +68400 2009 1003 0.0555
a range +67800 +68400 2010 1002 0.0372
a range +68400 +69000 2007 1002 0.0437
a range +76800 +77400 2010 1003 0.0425
a range +77400 +78000 2007 1003 0.0153
a range +78000 +78600 2007 1002 0.0437
a range +81600 +82200 2002 9001 1105.0618
a range +82800 +83400 2015 1003 0.0546
a range +82800 +83400 2016 1002 0.0401
