a contact +3000 +3600 18 3 50000000
a contact +3600 +4200 19 3 50000000
a contact +4200 +4800 8 3 50000000
a contact +4800 +5400 12 2 50000000
a contact +8400 +9000 8 2 50000000
a contact +9000 +9600 7 3 50000000
a contact +9600 +10200 5 20 50000000
a contact +9600 +10200 6 21 50000000
a contact +12600 +13200 9 3 50000000
a contact +13200 +13800 19 3 50000000
a contact +15600 +16200 14 3 50000000
a contact +16200 +16800 15 3 50000000
a contact +17400 +18000 14 2 50000000
a contact +18600 +19200 8 3 50000000
a contact +20400 +21000 3 21 1200000000
a contact +28200 +28800 9 2 50000000
a contact +30000 +30600 5 22 50000000
a contact +31800 +32400 4 22 50000000
a contact +34800 +35400 1 21 1200000000
a contact +35400 +36000 14 2 50000000
a contact +36600 +37200 11 2 50000000
a contact +37200 +37800 14 3 50000000
a contact +38400 +39000 8 3 50000000
a contact +39000 +39600 7 2 50000000
a contact +42000 +42600 7 3 50000000
a contact +43200 +43800 18 3 50000000
a contact +43800 +44400 17 3 50000000
a contact +48600 +49200 11 1 50000000
a contact +51600 +52200 1 22 1200000000
a contact +52800 +53400 4 22 50000000
a contact +53400 +54000 19 2 50000000
a contact +58200 +58800 7 2 50000000
a contact +61200 +61800 4 20 50000000
a contact +61200 +61800 18 2 50000000
a contact +63000 +63600 1 20 1200000000
a contact +64200 +64800 19 2 50000000
a contact +66600 +67200 8 3 50000000
a contact +67200 +67800 12 2 50000000
a contact +67800 +68400 12 3 50000000
a contact +67800 +68400 13 2 50000000
a contact +68400 +69000 10 2 50000000
a contact +76800 +77400 13 3 50000000
a contact +77400 +78000 10 3 50000000
a contact +78000 +78600 10 2 50000000
a contact +81600 +82200 5 20 50000000
a contact +82800 +83400 18 3 50000000
a contact +82800 +83400 19 2 50000000
a contact +3000 +83400 20 23 100000000000
a contact +3000 +83400 23 20 100000000000
a contact +3000 +83400 21 23 100000000000
a contact +3000 +83400 23 21 100000000000
a contact +3000 +83400 22 23 100000000000
a contact +3000 +83400 23 22 100000000000

a range +3000 +3600 18 3 0.0552
a range +3600 +4200 19 3 0.0545
a range +4200 +4800 8 3 0.0549
a range +4800 +5400 12 2 0.0552
a range +8400 +9000 8 2 0.0555
a range +9000 +9600 7 3 0.0552
a range +9600 +10200 5 20 1102.3487
a range +9600 +10200 6 21 1103.382
a range +12600 +13200 9 3 0.0542
a range +13200 +13800 19 3 0.0546
a range +15600 +16200 14 3 0.054
a range +16200 +16800 15 3 0.0557
a range +17400 +18000 14 2 0.0543
a range +18600 +19200 8 3 0.0559
a range +20400 +21000 3 21 1103.2048
a range +28200 +28800 9 2 0.055
a range +30000 +30600 5 22 1104.7793
a range +31800 +32400 4 22 1104.7646
a range +34800 +35400 1 21 1103.3556
a range +35400 +36000 14 2 0.0542
a range +36600 +37200 11 2 0.0554
a range +37200 +37800 14 3 0.0544
a range +38400 +39000 8 3 0.0542
a range +39000 +39600 7 2 0.0548
a range +42000 +42600 7 3 0.0552
a range +43200 +43800 18 3 0.0546
a range +43800 +44400 17 3 0.0541
a range +48600 +49200 11 1 0.0547
a range +51600 +52200 1 22 1103.9292
a range +52800 +53400 4 22 1104.7646
a range +53400 +54000 19 2 0.054
a range +58200 +58800 7 2 0.0364
a range +61200 +61800 4 20 1105.068
a range +61200 +61800 18 2 0.0558
a range +63000 +63600 1 20 1105.0649
a range +64200 +64800 19 2 0.0401
a range +66600 +67200 8 3 0.0542
a range +67200 +67800 12 2 0.0097
a range +67800 +68400 12 3 0.0555
a range +67800 +68400 13 2 0.0372
a range +68400 +69000 10 2 0.0437
a range +76800 +77400 13 3 0.0425
a range +77400 +78000 10 3 0.0153
a range +78000 +78600 10 2 0.0437
a range +81600 +82200 5 20 1105.0618
a range +82800 +83400 18 3 0.0546
a range +82800 +83400 19 2 0.0401
a range +3000 +83400 20 23 0.0
a range +3000 +83400 23 20 0.0
a range +3000 +83400 21 23 0.0
a range +3000 +83400 23 21 0.0
a range +3000 +83400 22 23 0.0
a range +3000 +83400 23 22 0.0
