a contact +1800 +2400 19 3 50000000
a contact +3600 +4200 17 2 50000000
a contact +6600 +7200 13 2 50000000
a contact +16200 +16800 13 3 50000000
a contact +18600 +19200 9 2 50000000
a contact +19800 +20400 8 2 50000000
a contact +20400 +21000 18 2 50000000
a contact +25200 +25800 16 2 50000000
a contact +28200 +28800 10 2 50000000
a contact +30000 +30600 8 3 50000000
a contact +30000 +30600 10 1 50000000
a contact +31800 +32400 19 3 50000000
a contact +32400 +33000 18 3 50000000
a contact +33600 +34200 17 3 50000000
a contact +36000 +36600 11 1 50000000
a contact +37200 +37800 12 2 50000000
a contact +37800 +38400 15 3 50000000
a contact +38400 +39000 12 2 50000000
a contact +39000 +39600 10 3 50000000
a contact +43200 +43800 7 2 50000000
a contact +43200 +43800 16 3 50000000
a contact +46200 +46800 10 3 50000000
a contact +46800 +47400 10 2 50000000
a contact +50400 +51000 2 22 1200000000
a contact +52800 +53400 7 3 50000000
a contact +54000 +54600 7 3 50000000
a contact +55800 +56400 19 2 50000000
a contact +58200 +58800 15 2 50000000
a contact +60000 +60600 12 2 50000000
a contact +60600 +61200 12 3 50000000
a contact +60600 +61200 13 1 50000000
a contact +61800 +62400 18 3 50000000
a contact +66600 +67200 10 1 50000000
a contact +66600 +67200 13 2 50000000
a contact +67800 +68400 8 3 50000000
a contact +69000 +69600 14 1 50000000
a contact +69600 +70200 12 2 50000000
a contact +74400 +75000 8 2 50000000
a contact +78000 +78600 19 3 50000000
a contact +79800 +80400 14 2 50000000
a contact +80400 +81000 14 1 50000000
a contact +85800 +86400 17 1 50000000
a contact +1800 +86400 20 23 100000000000
a contact +1800 +86400 23 20 100000000000
a contact +1800 +86400 21 23 100000000000
a contact +1800 +86400 23 21 100000000000
a contact +1800 +86400 22 23 100000000000
a contact +1800 +86400 23 22 100000000000

a range +1800 +2400 19 3 0.0545
a range +3600 +4200 17 2 0.0549
a range +6600 +7200 13 2 0.0552
a range +16200 +16800 13 3 0.0555
a range +18600 +19200 9 2 0.055
a range +19800 +20400 8 2 0.0555
a range +20400 +21000 18 2 0.0558
a range +25200 +25800 16 2 0.0544
a range +28200 +28800 10 2 0.0541
a range +30000 +30600 8 3 0.0542
a range +30000 +30600 10 1 0.0549
a range +31800 +32400 19 3 0.0546
a range +32400 +33000 18 3 0.0546
a range +33600 +34200 17 3 0.0554
a range +36000 +36600 11 1 0.0547
a range +37200 +37800 12 2 0.0552
a range +37800 +38400 15 3 0.0409
a range +38400 +39000 12 2 0.0552
a range +39000 +39600 10 3 0.0558
a range +43200 +43800 7 2 0.0364
a range +43200 +43800 16 3 0.0542
a range +46200 +46800 10 3 0.0558
a range +46800 +47400 10 2 0.0437
a range +50400 +51000 2 22 1104.7107
a range +52800 +53400 7 3 0.054
a range +54000 +54600 7 3 0.054
a range +55800 +56400 19 2 0.054
a range +58200 +58800 15 2 0.0546
a range +60000 +60600 12 2 0.0097
a range +60600 +61200 12 3 0.0547
a range +60600 +61200 13 1 0.0546
a range +61800 +62400 18 3 0.0546
a range +66600 +67200 10 1 0.0549
a range +66600 +67200 13 2 0.0372
a range +67800 +68400 8 3 0.0542
a range +69000 +69600 14 1 0.0277
a range +69600 +70200 12 2 0.0097
a range +74400 +75000 8 2 0.0547
a range +78000 +78600 19 3 0.0543
a range +79800 +80400 14 2 0.0554
a range +80400 +81000 14 1 0.0277
a range +85800 +86400 17 1 0.0443
a range +1800 +86400 20 23 0.0
a range +1800 +86400 23 20 0.0
a range +1800 +86400 21 23 0.0
a range +1800 +86400 23 21 0.0
a range +1800 +86400 22 23 0.0
a range +1800 +86400 23 22 0.0
