a contact +1800 +2400 2016 1003 50
a contact +3600 +4200 2014 1002 50
a contact +6600 +7200 2010 1002 50
a contact +16200 +16800 2010 1003 50
a contact +18600 +19200 2006 1002 50
a contact +19800 +20400 2005 1002 50
a contact +20400 +21000 2015 1002 50
a contact +25200 +25800 2013 1002 50
a contact +28200 +28800 2007 1002 50
a contact +30000 +30600 2005 1003 50
a contact +30000 +30600 2007 1001 50
a contact +31800 +32400 2016 1003 50
a contact +32400 +33000 2015 1003 50
a contact +33600 +34200 2014 1003 50
a contact +36000 +36600 2008 1001 50
a contact +37200 +37800 2009 1002 50
a contact +37800 +38400 2012 1003 50
a contact +38400 +39000 2009 1002 50
a contact +39000 +39600 2007 1003 50
a contact +43200 +43800 2004 1002 50
a contact +43200 +43800 2013 1003 50
a contact +46200 +46800 2007 1003 50
a contact +46800 +47400 2007 1002 50
a contact +50400 +51000 1002 9003 1200
a contact +52800 +53400 2004 1003 50
a contact +54000 +54600 2004 1003 50
a contact +55800 +56400 2016 1002 50
a contact +58200 +58800 2012 1002 50
a contact +60000 +60600 2009 1002 50
a contact +60600 +61200 2009 1003 50
a contact +60600 +61200 2010 1001 50
a contact +61800 +62400 2015 1003 50
a contact +66600 +67200 2007 1001 50
a contact +66600 +67200 2010 1002 50
a contact +67800 +68400 2005 1003 50
a contact +69000 +69600 2011 1001 50
a contact +69600 +70200 2009 1002 50
a contact +74400 +75000 2005 1002 50
a contact +78000 +78600 2016 1003 50
a contact +79800 +80400 2011 1002 50
a contact +80400 +81000 2011 1001 50
a contact +85800 +86400 2014 1001 50

a range +1800 +2400 2016 1003 0.0545
a range +3600 +4200 2014 1002 0.0549
a range +6600 +7200 2010 1002 0.0552
a range +16200 +16800 2010 1003 0.0555
a range +18600 +19200 2006 1002 0.055
a range +19800 +20400 2005 1002 0.0555
a range +20400 +21000 2015 1002 0.0558
a range +25200 +25800 2013 1002 0.0544
a range +28200 +28800 2007 1002 0.0541
a range +30000 +30600 2005 1003 0.0542
a range +30000 +30600 2007 1001 0.0549
a range +31800 +32400 2016 1003 0.0546
a range +32400 +33000 2015 1003 0.0546
a range +33600 +34200 2014 1003 0.0554
a range +36000 +36600 2008 1001 0.0547
a range +37200 +37800 2009 1002 0.0552
a range +37800 +38400 2012 1003 0.0409
a range +38400 +39000 2009 1002 0.0552
a range +39000 +39600 2007 1003 0.0558
a range +43200 +43800 2004 1002 0.0364
a range +43200 +43800 2013 1003 0.0542
a range +46200 +46800 2007 1003 0.0558
a range +46800 +47400 2007 1002 0.0437
a range +50400 +51000 1002 9003 1104.7107
a range +52800 +53400 2004 1003 0.054
a range +54000 +54600 2004 1003 0.054
a range +55800 +56400 2016 1002 0.054
a range +58200 +58800 2012 1002 0.0546
a range +60000 +60600 2009 1002 0.0097
a range +60600 +61200 2009 1003 0.0547
a range +60600 +61200 2010 1001 0.0546
a range +61800 +62400 2015 1003 0.0546
a range +66600 +67200 2007 1001 0.0549
a range +66600 +67200 2010 1002 0.0372
a range +67800 +68400 2005 1003 0.0542
a range +69000 +69600 2011 1001 0.0277
a range +69600 +70200 2009 1002 0.0097
a range +74400 +75000 2005 1002 0.0547
a range +78000 +78600 2016 1003 0.0543
a range +79800 +80400 2011 1002 0.0554
a range +80400 +81000 2011 1001 0.0277
a range +85800 +86400 2014 1001 0.0443
