a contact +100 +200 2002 9002 1000
a contact +100 +200 2019 2053 1000
a contact +100 +200 2025 2046 1000
a contact +100 +200 2046 2025 1000
a contact +100 +200 2053 2019 1000
a contact +100 +200 9002 2002 1000
a contact +200 +300 2016 2055 1000
a contact +200 +300 2019 2052 1000
a contact +200 +300 2052 2019 1000
a contact +200 +300 2055 2016 1000
a contact +300 +400 1003 2064 1000
a contact +300 +400 1004 2063 1000
a contact +300 +400 2004 9001 1000
a contact +300 +400 2019 2051 1000
a contact +300 +400 2051 2019 1000
a contact +300 +400 2063 1004 1000
a contact +300 +400 2064 1003 1000
a contact +300 +400 9001 2004 1000
a contact +500 +600 2025 2043 1000
a contact +500 +600 2027 2044 1000
a contact +500 +600 2043 2025 1000
a contact +500 +600 2044 2027 1000
a contact +600 +700 2019 2049 1000
a contact +600 +700 2028 2044 1000
a contact +600 +700 2044 2028 1000
a contact +600 +700 2049 2019 1000
a contact +700 +800 2027 2042 1000
a contact +700 +800 2028 2043 1000
a contact +700 +800 2042 2027 1000
a contact +700 +800 2043 2028 1000
a contact +800 +900 2029 2045 1000
a contact +800 +900 2045 2029 1000
a contact +1100 +1200 2028 2041 1000
a contact +1100 +1200 2029 2042 1000
a contact +1100 +1200 2041 2028 1000
a contact +1100 +1200 2042 2029 1000
a contact +1200 +1300 2019 2047 1000
a contact +1200 +1300 2047 2019 1000
a contact +1300 +1400 2026 2039 1000
a contact +1300 +1400 2034 2045 1000
a contact +1300 +1400 2039 2026 1000
a contact +1300 +1400 2045 2034 1000
a contact +1600 +1700 2004 2056 1000
a contact +1600 +1700 2056 2004 1000
a contact +2500 +2600 2005 2026 1000
a contact +2500 +2600 2023 2060 1000
a contact +2500 +2600 2026 2005 1000
a contact +2500 +2600 2060 2023 1000
a contact +2600 +2700 2004 2054 1000
a contact +2600 +2700 2033 9002 1000
a contact +2600 +2700 2054 2004 1000
a contact +2600 +2700 9002 2033 1000
a contact +2700 +2800 2004 2053 1000
a contact +2700 +2800 2033 9001 1000
a contact +2700 +2800 2053 2004 1000
a contact +2700 +2800 9001 2033 1000
a contact +2800 +2900 1003 2049 1000
a contact +2800 +2900 2023 2059 1000
a contact +2800 +2900 2038 9001 1000
a contact +2800 +2900 2049 1003 1000
a contact +2800 +2900 2059 2023 1000
a contact +2800 +2900 9001 2038 1000
a contact +2900 +3000 1003 2011 1000
a contact +2900 +3000 2011 1003 1000
a contact +3000 +3100 2002 2016 1000
a contact +3000 +3100 2016 2002 1000
a contact +3000 +3100 2028 2063 1000
a contact +3000 +3100 2063 2028 1000
a contact +4000 +4100 2014 2034 1000
a contact +4000 +4100 2021 2059 1000
a contact +4000 +4100 2034 2014 1000
a contact +4000 +4100 2059 2021 1000
a contact +4200 +4300 2001 2048 1000
a contact +4200 +4300 2048 2001 1000
a contact +4400 +4500 2011 2039 1000
a contact +4400 +4500 2039 2011 1000
a contact +4500 +4700 2016 2028 1000
a contact +4500 +4700 2028 2016 1000
a contact +4500 +4700 2031 2061 1000
a contact +4500 +4700 2061 2031 1000
a contact +4900 +5000 2018 2030 1000
a contact +4900 +5000 2030 2018 1000
a contact +4900 +5000 2043 2061 1000
a contact +4900 +5000 2061 2043 1000
a contact +5200 +5300 2005 2048 1000
a contact +5200 +5300 2048 2005 1000
a contact +5300 +5400 2011 2016 1000
a contact +5300 +5400 2016 2011 1000
a contact +5500 +5600 2048 9001 1000
a contact +5500 +5600 9001 2048 1000
a contact +5900 +6000 2007 2028 1000
a contact +5900 +6000 2028 2007 1000
a contact +6000 +6100 2002 2043 1000
a contact +6000 +6100 2043 2002 1000
a contact +6000 +6100 2049 2064 1000
a contact +6000 +6100 2056 2057 1000
a contact +6000 +6100 2057 2056 1000
a contact +6000 +6100 2064 2049 1000
a contact +6300 +6400 1002 2036 1000
a contact +6300 +6400 2036 1002 1000
a contact +6600 +6700 2026 2047 1000
a contact +6600 +6700 2047 2026 1000
a contact +7000 +7100 2030 2046 1000
a contact +7000 +7100 2046 2030 1000
a contact +7100 +7200 2018 9001 1000
a contact +7100 +7200 9001 2018 1000
a contact +7300 +7400 2026 2040 1000
a contact +7300 +7400 2040 2026 1000
a contact +7600 +7700 1002 2004 1000
a contact +7600 +7700 2004 1002 1000
a contact +7900 +8000 2013 2027 1000
a contact +7900 +8000 2027 2013 1000
a contact +8000 +8200 2012 2060 1000
a contact +8000 +8200 2013 2059 1000
a contact +8000 +8200 2019 2052 1000
a contact +8000 +8200 2052 2019 1000
a contact +8000 +8200 2059 2013 1000
a contact +8000 +8200 2060 2012 1000
a contact +8300 +8400 2007 9002 1000
a contact +8300 +8400 9002 2007 1000
a contact +8400 +8500 2002 9002 1000
a contact +8400 +8500 9002 2002 1000
a contact +8700 +8800 2008 2026 1000
a contact +8700 +8800 2026 2008 1000
a contact +8800 +8900 2013 2030 1000
a contact +8800 +8900 2030 2013 1000
a contact +8900 +9000 2011 2022 1000
a contact +8900 +9000 2022 2011 1000
a contact +8900 +9000 2036 2055 1000
a contact +8900 +9000 2043 2048 1000
a contact +8900 +9000 2048 2043 1000
a contact +8900 +9000 2055 2036 1000
a contact +9000 +9100 2045 2064 1000
a contact +9000 +9100 2064 2045 1000
a contact +9100 +9200 2031 2044 1000
a contact +9100 +9200 2044 2031 1000
a contact +9200 +9400 2030 2057 1000
a contact +9200 +9400 2045 2063 1000
a contact +9200 +9400 2057 2030 1000
a contact +9200 +9400 2063 2045 1000
a contact +9500 +9600 2036 9001 1000
a contact +9500 +9600 2038 2056 1000
a contact +9500 +9600 2056 2038 1000
a contact +9500 +9600 9001 2036 1000
a contact +9600 +9700 1004 2027 1000
a contact +9600 +9700 2027 1004 1000
a contact +9800 +9900 2036 2058 1000
a contact +9800 +9900 2058 2036 1000
a contact +9900 +10000 2008 2025 1000
a contact +9900 +10000 2025 2008 1000
a contact +10200 +10300 2025 2026 1000
a contact +10200 +10300 2026 2025 1000
a contact +10200 +10300 2031 2059 1000
a contact +10200 +10300 2059 2031 1000
a contact +10300 +10400 1001 2015 1000
a contact +10300 +10400 2015 1001 1000
a contact +10300 +10400 2031 2055 1000
a contact +10300 +10400 2055 2031 1000
a contact +10400 +10600 2011 2025 1000
a contact +10400 +10600 2025 2011 1000
a contact +10700 +10800 2011 2041 1000
a contact +10700 +10800 2041 2011 1000
a contact +10900 +11000 1003 2019 1000
a contact +10900 +11000 2019 1003 1000
a contact +11100 +11200 1003 2056 1000
a contact +11100 +11200 2056 1003 1000
a contact +11200 +11300 2014 2016 1000
a contact +11200 +11300 2016 2014 1000
a contact +11700 +11800 2009 2038 1000
a contact +11700 +11800 2038 2009 1000
a contact +12000 +12100 2007 2052 1000
a contact +12000 +12100 2052 2007 1000
a contact +12100 +12200 2007 2050 1000
a contact +12100 +12200 2050 2007 1000
a contact +12200 +12300 2004 2046 1000
a contact +12200 +12300 2046 2004 1000
a contact +12300 +12400 1001 2048 1000
a contact +12300 +12400 2048 1001 1000
a contact +12400 +12500 2028 2033 1000
a contact +12400 +12500 2033 2028 1000
a contact +12500 +12600 2012 2015 1000
a contact +12500 +12600 2015 2012 1000
a contact +12500 +12600 2061 2062 1000
a contact +12500 +12600 2062 2061 1000
a contact +12600 +12700 2022 2043 1000
a contact +12600 +12700 2032 2035 1000
a contact +12600 +12700 2035 2032 1000
a contact +12600 +12700 2043 2022 1000
a contact +12700 +12900 2034 2037 1000
a contact +12700 +12900 2037 2034 1000
a contact +12900 +13000 2031 2042 1000
a contact +12900 +13000 2042 2031 1000
a contact +13000 +13100 2005 2008 1000
a contact +13000 +13100 2008 2005 1000
a contact +13000 +13100 2036 2037 1000
a contact +13000 +13100 2037 2036 1000
a contact +13100 +13200 2015 2052 1000
a contact +13100 +13200 2028 2053 1000
a contact +13100 +13200 2052 2015 1000
a contact +13100 +13200 2053 2028 1000
a contact +13300 +13400 2024 2040 1000
a contact +13300 +13400 2040 2024 1000
a contact +13900 +14100 2007 2026 1000
a contact +13900 +14100 2026 2007 1000
a contact +14300 +14400 2017 2061 1000
a contact +14300 +14400 2061 2017 1000
a contact +14400 +14500 2001 2020 1000
a contact +14400 +14500 2020 2001 1000
a contact +14500 +14600 2004 2053 1000
a contact +14500 +14600 2053 2004 1000
a contact +14600 +14700 1003 2027 1000
a contact +14600 +14700 2027 1003 1000
a contact +14600 +14700 2035 9002 1000
a contact +14600 +14700 9002 2035 1000
a contact +14700 +14800 1002 2027 1000
a contact +14700 +14800 2027 1002 1000
a contact +15100 +15300 2027 2058 1000
a contact +15100 +15300 2058 2027 1000
a contact +15700 +15800 2027 2056 1000
a contact +15700 +15800 2056 2027 1000
a contact +15900 +16000 1004 9001 1000
a contact +15900 +16000 9001 1004 1000
a contact +16100 +16200 2001 2047 1000
a contact +16100 +16200 2047 2001 1000
a contact +16600 +16700 2022 2035 1000
a contact +16600 +16700 2035 2022 1000
a contact +16700 +16800 1003 2032 1000
a contact +16700 +16800 2032 1003 1000
a contact +17000 +17100 2046 2058 1000
a contact +17000 +17100 2058 2046 1000
a contact +17200 +17300 2012 2038 1000
a contact +17200 +17300 2038 2012 1000
a contact +17300 +17400 2045 2056 1000
a contact +17300 +17400 2056 2045 1000
a contact +17400 +17600 2001 2041 1000
a contact +17400 +17600 2003 2024 1000
a contact +17400 +17600 2024 2003 1000
a contact +17400 +17600 2041 2001 1000
a contact +17600 +17700 2046 2060 1000
a contact +17600 +17700 2060 2046 1000
a contact +17700 +17800 2013 2029 1000
a contact +17700 +17800 2029 2013 1000
a contact +17700 +17800 2049 2054 1000
a contact +17700 +17800 2054 2049 1000
a contact +17800 +17900 2050 2055 1000
a contact +17800 +17900 2055 2050 1000
a contact +17900 +18000 2007 2049 1000
a contact +17900 +18000 2049 2007 1000
a contact +18000 +18100 2012 2017 1000
a contact +18000 +18100 2017 2012 1000
a contact +18100 +18200 2005 2043 1000
a contact +18100 +18200 2043 2005 1000
a contact +18300 +18400 2032 2037 1000
a contact +18300 +18400 2037 2032 1000
a contact +18400 +18500 2010 2015 1000
a contact +18400 +18500 2015 2010 1000
a contact +18500 +18600 2008 2048 1000
a contact +18500 +18600 2048 2008 1000
a contact +18600 +18800 2054 2056 1000
a contact +18600 +18800 2056 2054 1000
a contact +18800 +18900 2059 2061 1000
a contact +18800 +18900 2061 2059 1000
a contact +18900 +19000 2035 2036 1000
a contact +18900 +19000 2036 2035 1000
a contact +19000 +19100 2026 2044 1000
a contact +19000 +19100 2044 2026 1000
a contact +19400 +19500 1004 2002 1000
a contact +19400 +19500 2002 1004 1000
a contact +19400 +19500 2004 9002 1000
a contact +19400 +19500 2030 2045 1000
a contact +19400 +19500 2045 2030 1000
a contact +19400 +19500 9002 2004 1000
a contact +19500 +19600 2019 2052 1000
a contact +19500 +19600 2052 2019 1000
a contact +20000 +20100 2003 2017 1000
a contact +20000 +20100 2017 2003 1000
a contact +20100 +20200 2005 2017 1000
a contact +20100 +20200 2017 2005 1000
a contact +20300 +20400 2005 2022 1000
a contact +20300 +20400 2022 2005 1000
a contact +20400 +20500 2040 2043 1000
a contact +20400 +20500 2043 2040 1000
a contact +20500 +20600 2037 2051 1000
a contact +20500 +20600 2051 2037 1000
a contact +20600 +20700 2013 2024 1000
a contact +20600 +20700 2024 2013 1000
a contact +20800 +20900 2003 2054 1000
a contact +20800 +20900 2008 2060 1000
a contact +20800 +20900 2054 2003 1000
a contact +20800 +20900 2060 2008 1000
a contact +20900 +21000 2017 2030 1000
a contact +20900 +21000 2030 2017 1000
a contact +20900 +21000 2037 2048 1000
a contact +20900 +21000 2048 2037 1000
a contact +21000 +21200 2004 2054 1000
a contact +21000 +21200 2006 2062 1000
a contact +21000 +21200 2054 2004 1000
a contact +21000 +21200 2062 2006 1000
a contact +21300 +21400 2015 2030 1000
a contact +21300 +21400 2030 2015 1000
a contact +21600 +21700 2042 2053 1000
a contact +21600 +21700 2053 2042 1000
a contact +21800 +21900 2015 2035 1000
a contact +21800 +21900 2035 2015 1000
a contact +21900 +22000 2008 2051 1000
a contact +21900 +22000 2051 2008 1000
a contact +22300 +22400 2032 2063 1000
a contact +22300 +22400 2063 2032 1000
a contact +22400 +22500 2005 2053 1000
a contact +22400 +22500 2033 2061 1000
a contact +22400 +22500 2053 2005 1000
a contact +22400 +22500 2061 2033 1000
a contact +22700 +22800 2045 2058 1000
a contact +22700 +22800 2058 2045 1000
a contact +22800 +22900 2032 2059 1000
a contact +22800 +22900 2059 2032 1000
a contact +22900 +23000 1002 2040 1000
a contact +22900 +23000 2017 2039 1000
a contact +22900 +23000 2039 2017 1000
a contact +22900 +23000 2040 1002 1000
a contact +23000 +23100 2017 2044 1000
a contact +23000 +23100 2044 2017 1000
a contact +23200 +23300 2016 2034 1000
a contact +23200 +23300 2025 9002 1000
a contact +23200 +23300 2034 2016 1000
a contact +23200 +23300 9002 2025 1000
a contact +23300 +23500 1003 2035 1000
a contact +23300 +23500 2007 2041 1000
a contact +23300 +23500 2035 1003 1000
a contact +23300 +23500 2041 2007 1000
a contact +23500 +23600 2014 2042 1000
a contact +23500 +23600 2016 2040 1000
a contact +23500 +23600 2021 2059 1000
a contact +23500 +23600 2024 9002 1000
a contact +23500 +23600 2026 2060 1000
a contact +23500 +23600 2040 2016 1000
a contact +23500 +23600 2042 2014 1000
a contact +23500 +23600 2059 2021 1000
a contact +23500 +23600 2060 2026 1000
a contact +23500 +23600 9002 2024 1000
a contact +23600 +23700 2008 2040 1000
a contact +23600 +23700 2014 2028 1000
a contact +23600 +23700 2028 2014 1000
a contact +23600 +23700 2040 2008 1000
a contact +23700 +23800 2024 2063 1000
a contact +23700 +23800 2063 2024 1000
a contact +23900 +24000 2001 2044 1000
a contact +23900 +24000 2024 2061 1000
a contact +23900 +24000 2044 2001 1000
a contact +23900 +24000 2061 2024 1000
a contact +24200 +24300 2024 2045 1000
a contact +24200 +24300 2045 2024 1000
a contact +24300 +24400 2055 2057 1000
a contact +24300 +24400 2057 2055 1000
a contact +24400 +24500 2032 2034 1000
a contact +24400 +24500 2034 2032 1000
a contact +24700 +24800 2024 2043 1000
a contact +24700 +24800 2043 2024 1000
a contact +24800 +24900 2034 2046 1000
a contact +24800 +24900 2046 2034 1000
a contact +24900 +25000 2031 2032 1000
a contact +24900 +25000 2032 2031 1000
a contact +25000 +25100 2011 2012 1000
a contact +25000 +25100 2012 2011 1000
a contact +25100 +25200 1004 2046 1000
a contact +25100 +25200 2012 2014 1000
a contact +25100 +25200 2014 2012 1000
a contact +25100 +25200 2046 1004 1000
a contact +25100 +25200 2059 2060 1000
a contact +25100 +25200 2060 2059 1000
a contact +25200 +25300 1004 2051 1000
a contact +25200 +25300 2051 1004 1000
a contact +25300 +25400 2027 2046 1000
a contact +25300 +25400 2046 2027 1000
a contact +25600 +25700 2003 2029 1000
a contact +25600 +25700 2029 2003 1000
a contact +25700 +25900 1003 2064 1000
a contact +25700 +25900 2064 1003 1000
a contact +26400 +26500 1004 9003 1000
a contact +26400 +26500 2040 2041 1000
a contact +26400 +26500 2041 2040 1000
a contact +26400 +26500 9003 1004 1000
a contact +26500 +26600 2041 2062 1000
a contact +26500 +26600 2062 2041 1000
a contact +26600 +26700 2019 2053 1000
a contact +26600 +26700 2053 2019 1000
a contact +26800 +26900 2005 2060 1000
a contact +26800 +26900 2060 2005 1000
a contact +26900 +27000 2038 2059 1000
a contact +26900 +27000 2059 2038 1000
a contact +27000 +27100 2038 2057 1000
a contact +27000 +27100 2057 2038 1000
a contact +27100 +27200 2037 2053 1000
a contact +27100 +27200 2053 2037 1000
a contact +27400 +27500 2040 2057 1000
a contact +27400 +27500 2057 2040 1000
a contact +27900 +28000 2047 2061 1000
a contact +27900 +28000 2061 2047 1000
a contact +28000 +28200 2007 2049 1000
a contact +28000 +28200 2049 2007 1000
a contact +28400 +28500 2002 2018 1000
a contact +28400 +28500 2018 2002 1000
a contact +28600 +28700 2013 2040 1000
a contact +28600 +28700 2033 2055 1000
a contact +28600 +28700 2040 2013 1000
a contact +28600 +28700 2055 2033 1000
a contact +28700 +28800 2015 2034 1000
a contact +28700 +28800 2034 2015 1000
a contact +28800 +28900 2014 2040 1000
a contact +28800 +28900 2030 2056 1000
a contact +28800 +28900 2040 2014 1000
a contact +28800 +28900 2056 2030 1000
a contact +28900 +29000 2004 2049 1000
a contact +28900 +29000 2006 2035 1000
a contact +28900 +29000 2035 2006 1000
a contact +28900 +29000 2047 2058 1000
a contact +28900 +29000 2049 2004 1000
a contact +28900 +29000 2058 2047 1000
a contact +29100 +29200 2021 2064 1000
a contact +29100 +29200 2064 2021 1000
a contact +29200 +29400 1002 2026 1000
a contact +29200 +29400 2025 2062 1000
a contact +29200 +29400 2026 1002 1000
a contact +29200 +29400 2062 2025 1000
a contact +29500 +29600 2025 2060 1000
a contact +29500 +29600 2060 2025 1000
a contact +30100 +30200 2005 2064 1000
a contact +30100 +30200 2064 2005 1000
a contact +30400 +30500 2018 2019 1000
a contact +30400 +30500 2019 2018 1000
a contact +30400 +30500 2027 2046 1000
a contact +30400 +30500 2046 2027 1000
a contact +30700 +30800 2008 2013 1000
a contact +30700 +30800 2013 2008 1000
a contact +30700 +30800 2058 2061 1000
a contact +30700 +30800 2061 2058 1000
a contact +31000 +31100 2001 2003 1000
a contact +31000 +31100 2003 2001 1000
a contact +31800 +31900 1003 9001 1000
a contact +31800 +31900 9001 1003 1000
a contact +31900 +32000 1002 2062 1000
a contact +31900 +32000 2026 2031 1000
a contact +31900 +32000 2031 2026 1000
a contact +31900 +32000 2062 1002 1000
a contact +32000 +32100 2015 2049 1000
a contact +32000 +32100 2049 2015 1000
a contact +32100 +32200 2015 2047 1000
a contact +32100 +32200 2047 2015 1000
a contact +32500 +32600 1001 2012 1000
a contact +32500 +32600 2012 1001 1000
a contact +32500 +32600 2018 2031 1000
a contact +32500 +32600 2031 2018 1000
a contact +32800 +32900 1004 2041 1000
a contact +32800 +32900 2041 1004 1000
a contact +32900 +33000 2017 2053 1000
a contact +32900 +33000 2053 2017 1000
a contact +33100 +33200 1004 2029 1000
a contact +33100 +33200 2019 2060 1000
a contact +33100 +33200 2029 1004 1000
a contact +33100 +33200 2060 2019 1000
a contact +33200 +33300 2006 2020 1000
a contact +33200 +33300 2020 2006 1000
a contact +33400 +33500 2015 2036 1000
a contact +33400 +33500 2036 2015 1000
a contact +33600 +33700 2008 2041 1000
a contact +33600 +33700 2041 2008 1000
a contact +33900 +34100 2008 2061 1000
a contact +33900 +34100 2061 2008 1000
a contact +34400 +34500 2008 2040 1000
a contact +34400 +34500 2040 2008 1000
a contact +34500 +34600 2049 2064 1000
a contact +34500 +34600 2064 2049 1000
a contact +34600 +34700 2013 2033 1000
a contact +34600 +34700 2033 2013 1000
a contact +34800 +34900 2023 2062 1000
a contact +34800 +34900 2062 2023 1000
a contact +34900 +35000 2031 2053 1000
a contact +34900 +35000 2053 2031 1000
a contact +35000 +35100 2026 2057 1000
a contact +35000 +35100 2057 2026 1000
a contact +35100 +35300 2007 2044 1000
a contact +35100 +35300 2008 2051 1000
a contact +35100 +35300 2044 2007 1000
a contact +35100 +35300 2051 2008 1000
a contact +35700 +35800 2007 2034 1000
a contact +35700 +35800 2034 2007 1000
a contact +36000 +36100 1001 2042 1000
a contact +36000 +36100 2006 2011 1000
a contact +36000 +36100 2011 2006 1000
a contact +36000 +36100 2029 2048 1000
a contact +36000 +36100 2042 1001 1000
a contact +36000 +36100 2048 2029 1000
a contact +36100 +36200 1001 2040 1000
a contact +36100 +36200 2011 2013 1000
a contact +36100 +36200 2013 2011 1000
a contact +36100 +36200 2026 2046 1000
a contact +36100 +36200 2034 2048 1000
a contact +36100 +36200 2040 1001 1000
a contact +36100 +36200 2046 2026 1000
a contact +36100 +36200 2048 2034 1000
a contact +36300 +36500 2013 2014 1000
a contact +36300 +36500 2014 2013 1000
a contact +36500 +36600 2058 2063 1000
a contact +36500 +36600 2063 2058 1000
a contact +36600 +36700 2029 2045 1000
a contact +36600 +36700 2030 2048 1000
a contact +36600 +36700 2045 2029 1000
a contact +36600 +36700 2048 2030 1000
a contact +36800 +36900 2023 2035 1000
a contact +36800 +36900 2035 2023 1000
a contact +37100 +37200 2008 2010 1000
a contact +37100 +37200 2010 2008 1000
a contact +37100 +37200 2057 2058 1000
a contact +37100 +37200 2058 2057 1000
a contact +37400 +37500 2004 2053 1000
a contact +37400 +37500 2053 2004 1000
a contact +37900 +38000 2023 2059 1000
a contact +37900 +38000 2059 2023 1000
a contact +38200 +38300 2043 2044 1000
a contact +38200 +38300 2044 2043 1000
a contact +38400 +38500 1004 2026 1000
a contact +38400 +38500 2026 1004 1000
a contact +38700 +38800 2005 2020 1000
a contact +38700 +38800 2020 2005 1000
a contact +38800 +38900 2007 2062 1000
a contact +38800 +38900 2046 2047 1000
a contact +38800 +38900 2047 2046 1000
a contact +38800 +38900 2062 2007 1000
a contact +38900 +39000 2010 2058 1000
a contact +38900 +39000 2058 2010 1000
a contact +39200 +39300 2019 2037 1000
a contact +39200 +39300 2037 2019 1000
a contact +39400 +39500 1002 2023 1000
a contact +39400 +39500 2023 1002 1000
a contact +39500 +39600 2007 2045 1000
a contact +39500 +39600 2043 2055 1000
a contact +39500 +39600 2045 2007 1000
a contact +39500 +39600 2055 2043 1000
a contact +39700 +39800 2044 2058 1000
a contact +39700 +39800 2058 2044 1000
a contact +39800 +40000 1002 2061 1000
a contact +39800 +40000 2061 1002 1000
a contact +40100 +40200 1003 2041 1000
a contact +40100 +40200 2041 1003 1000
a contact +40200 +40300 2011 2023 1000
a contact +40200 +40300 2023 2011 1000
a contact +40300 +40400 1002 2020 1000
a contact +40300 +40400 2020 1002 1000
a contact +40600 +40700 2015 2035 1000
a contact +40600 +40700 2035 2015 1000
a contact +41000 +41100 2002 2036 1000
a contact +41000 +41100 2029 9002 1000
a contact +41000 +41100 2036 2002 1000
a contact +41000 +41100 9002 2029 1000
a contact +41200 +41300 2007 2043 1000
a contact +41200 +41300 2043 2007 1000
a contact +41600 +41700 2015 2041 1000
a contact +41600 +41700 2041 2015 1000
a contact +42000 +42100 2012 2062 1000
a contact +42000 +42100 2062 2012 1000
a contact +42200 +42300 2033 2036 1000
a contact +42200 +42300 2036 2033 1000
a contact +42300 +42400 2008 9003 1000
a contact +42300 +42400 2015 2058 1000
a contact +42300 +42400 2058 2015 1000
a contact +42300 +42400 9003 2008 1000
a contact +42500 +42600 2013 2016 1000
a contact +42500 +42600 2016 2013 1000
a contact +42600 +42700 2029 2046 1000
a contact +42600 +42700 2046 2029 1000
a contact +42700 +42800 2007 2008 1000
a contact +42700 +42800 2008 2007 1000
a contact +42700 +42800 2055 2057 1000
a contact +42700 +42800 2057 2055 1000
a contact +42800 +42900 2005 2059 1000
a contact +42800 +42900 2059 2005 1000
a contact +43000 +43100 2024 2038 1000
a contact +43000 +43100 2038 2024 1000
a contact +43400 +43500 2026 2041 1000
a contact +43400 +43500 2041 2026 1000
a contact +43800 +43900 2025 2060 1000
a contact +43800 +43900 2060 2025 1000
a contact +44000 +44100 2020 2054 1000
a contact +44000 +44100 2054 2020 1000
a contact +44400 +44500 2011 2028 1000
a contact +44400 +44500 2013 2054 1000
a contact +44400 +44500 2028 2011 1000
a contact +44400 +44500 2054 2013 1000
a contact +44500 +44700 2014 2060 1000
a contact +44500 +44700 2060 2014 1000
a contact +44700 +44800 2002 2023 1000
a contact +44700 +44800 2023 2002 1000
a contact +44900 +45000 1004 2062 1000
a contact +44900 +45000 2012 2047 1000
a contact +44900 +45000 2047 2012 1000
a contact +44900 +45000 2062 1004 1000
a contact +45200 +45300 2037 2064 1000
a contact +45200 +45300 2064 2037 1000
a contact +45300 +45400 2022 2061 1000
a contact +45300 +45400 2024 2055 1000
a contact +45300 +45400 2055 2024 1000
a contact +45300 +45400 2061 2022 1000
a contact +45400 +45500 2042 2060 1000
a contact +45400 +45500 2048 2063 1000
a contact +45400 +45500 2060 2042 1000
a contact +45400 +45500 2063 2048 1000
a contact +45700 +45900 2015 2044 1000
a contact +45700 +45900 2044 2015 1000
a contact +45900 +46000 2012 2042 1000
a contact +45900 +46000 2042 2012 1000
a contact +46000 +46100 2037 2056 1000
a contact +46000 +46100 2056 2037 1000
a contact +46100 +46200 2039 2057 1000
a contact +46100 +46200 2057 2039 1000
a contact +46400 +46500 1001 2014 1000
a contact +46400 +46500 2014 1001 1000
a contact +46500 +46600 2007 2023 1000
a contact +46500 +46600 2023 2007 1000
a contact +46600 +46700 2004 2018 1000
a contact +46600 +46700 2018 2004 1000
a contact +46700 +46800 2041 2053 1000
a contact +46700 +46800 2053 2041 1000
a contact +46800 +46900 2011 2037 1000
a contact +46800 +46900 2037 2011 1000
a contact +46900 +47100 2040 2055 1000
a contact +46900 +47100 2055 2040 1000
a contact +47200 +47300 2029 2060 1000
a contact +47200 +47300 2060 2029 1000
a contact +47300 +47400 2010 2037 1000
a contact +47300 +47400 2037 2010 1000
a contact +47400 +47500 1003 2013 1000
a contact +47400 +47500 2013 1003 1000
a contact +47400 +47500 2023 2064 1000
a contact +47400 +47500 2029 2051 1000
a contact +47400 +47500 2033 2055 1000
a contact +47400 +47500 2051 2029 1000
a contact +47400 +47500 2055 2033 1000
a contact +47400 +47500 2064 2023 1000
a contact +48100 +48300 2006 2063 1000
a contact +48100 +48300 2008 2020 1000
a contact +48100 +48300 2020 2008 1000
a contact +48100 +48300 2022 2041 1000
a contact +48100 +48300 2027 2047 1000
a contact +48100 +48300 2041 2022 1000
a contact +48100 +48300 2047 2027 1000
a contact +48100 +48300 2063 2006 1000
a contact +48300 +48400 2007 2062 1000
a contact +48300 +48400 2062 2007 1000
a contact +49200 +49300 2013 2016 1000
a contact +49200 +49300 2016 2013 1000
a contact +49300 +49400 1003 2020 1000
a contact +49300 +49400 2020 1003 1000
a contact +49300 +49400 2037 2040 1000
a contact +49300 +49400 2040 2037 1000
a contact +49300 +49400 2059 2060 1000
a contact +49300 +49400 2060 2059 1000
a contact +49400 +49500 2024 2036 1000
a contact +49400 +49500 2036 2024 1000
a contact +49500 +49600 2030 2033 1000
a contact +49500 +49600 2033 2030 1000
a contact +49800 +49900 2044 2046 1000
a contact +49800 +49900 2046 2044 1000
a contact +50000 +50100 2005 2061 1000
a contact +50000 +50100 2007 2008 1000
a contact +50000 +50100 2008 2007 1000
a contact +50000 +50100 2010 2064 1000
a contact +50000 +50100 2054 2056 1000
a contact +50000 +50100 2056 2054 1000
a contact +50000 +50100 2061 2005 1000
a contact +50000 +50100 2064 2010 1000
a contact +50300 +50400 1002 2054 1000
a contact +50300 +50400 2046 2048 1000
a contact +50300 +50400 2048 2046 1000
a contact +50300 +50400 2054 1002 1000
a contact +50400 +50600 2043 2044 1000
a contact +50400 +50600 2044 2043 1000
a contact +51000 +51100 1002 2038 1000
a contact +51000 +51100 2006 2023 1000
a contact +51000 +51100 2023 2006 1000
a contact +51000 +51100 2038 1002 1000
a contact +51400 +51500 2046 2062 1000
a contact +51400 +51500 2062 2046 1000
a contact +51800 +51900 1002 2029 1000
a contact +51800 +51900 1004 2033 1000
a contact +51800 +51900 2029 1002 1000
a contact +51800 +51900 2033 1004 1000
a contact +52000 +52100 1004 9002 1000
a contact +52000 +52100 2006 2033 1000
a contact +52000 +52100 2014 2042 1000
a contact +52000 +52100 2033 2006 1000
a contact +52000 +52100 2042 2014 1000
a contact +52000 +52100 9002 1004 1000
a contact +52100 +52200 2014 2046 1000
a contact +52100 +52200 2046 2014 1000
a contact +52200 +52300 2036 2053 1000
a contact +52200 +52300 2053 2036 1000
a contact +52300 +52400 2032 2055 1000
a contact +52300 +52400 2055 2032 1000
a contact +52500 +52600 2015 2046 1000
a contact +52500 +52600 2046 2015 1000
a contact +52600 +52700 2025 2056 1000
a contact +52600 +52700 2038 2058 1000
a contact +52600 +52700 2056 2025 1000
a contact +52600 +52700 2058 2038 1000
a contact +52700 +52800 2007 2036 1000
a contact +52700 +52800 2010 2045 1000
a contact +52700 +52800 2036 2007 1000
a contact +52700 +52800 2045 2010 1000
a contact +52700 +52800 2048 2053 1000
a contact +52700 +52800 2053 2048 1000
a contact +53000 +53100 2011 2046 1000
a contact +53000 +53100 2046 2011 1000
a contact +53400 +53500 2001 2045 1000
a contact +53400 +53500 2030 2061 1000
a contact +53400 +53500 2045 2001 1000
a contact +53400 +53500 2061 2030 1000
a contact +53600 +53700 1002 2037 1000
a contact +53600 +53700 2022 2063 1000
a contact +53600 +53700 2037 1002 1000
a contact +53600 +53700 2063 2022 1000
a contact +53800 +53900 2030 2059 1000
a contact +53800 +53900 2059 2030 1000
a contact +53900 +54000 1003 2064 1000
a contact +53900 +54000 2006 2046 1000
a contact +53900 +54000 2046 2006 1000
a contact +53900 +54000 2064 1003 1000
a contact +54000 +54200 2019 9001 1000
a contact +54000 +54200 9001 2019 1000
a contact +54200 +54300 2011 2059 1000
a contact +54200 +54300 2059 2011 1000
a contact +54400 +54500 2028 2046 1000
a contact +54400 +54500 2046 2028 1000
a contact +54400 +54500 2059 2064 1000
a contact +54400 +54500 2064 2059 1000
a contact +54500 +54600 2008 2011 1000
a contact +54500 +54600 2011 2008 1000
a contact +54500 +54600 2028 2040 1000
a contact +54500 +54600 2040 2028 1000
a contact +54800 +54900 1003 2060 1000
a contact +54800 +54900 2060 1003 1000
a contact +55100 +55200 2027 2043 1000
a contact +55100 +55200 2040 2042 1000
a contact +55100 +55200 2042 2040 1000
a contact +55100 +55200 2043 2027 1000
a contact +55300 +55400 2027 2042 1000
a contact +55300 +55400 2036 2047 1000
a contact +55300 +55400 2042 2027 1000
a contact +55300 +55400 2047 2036 1000
a contact +55400 +55500 2008 2013 1000
a contact +55400 +55500 2013 2008 1000
a contact +55400 +55500 2030 2042 1000
a contact +55400 +55500 2042 2030 1000
a contact +55500 +55600 2002 9001 1000
a contact +55500 +55600 9001 2002 1000
a contact +55900 +56000 2003 2005 1000
a contact +55900 +56000 2005 2003 1000
a contact +55900 +56000 2045 2048 1000
a contact +55900 +56000 2048 2045 1000
a contact +56000 +56100 1003 2050 1000
a contact +56000 +56100 2002 2054 1000
a contact +56000 +56100 2050 1003 1000
a contact +56000 +56100 2054 2002 1000
a contact +56200 +56300 1004 2049 1000
a contact +56200 +56300 2049 1004 1000
a contact +56500 +56600 2022 2033 1000
a contact +56500 +56600 2033 2022 1000
a contact +57100 +57200 2011 2023 1000
a contact +57100 +57200 2023 2011 1000
a contact +57200 +57300 1001 2054 1000
a contact +57200 +57300 2013 2026 1000
a contact +57200 +57300 2026 2013 1000
a contact +57200 +57300 2054 1001 1000
a contact +57300 +57400 1001 2055 1000
a contact +57300 +57400 2014 2025 1000
a contact +57300 +57400 2025 2014 1000
a contact +57300 +57400 2055 1001 1000
a contact +57400 +57500 2014 2026 1000
a contact +57400 +57500 2026 2014 1000
a contact +57500 +57700 2005 2041 1000
a contact +57500 +57700 2041 2005 1000
a contact +57900 +58000 2004 2020 1000
a contact +57900 +58000 2020 2004 1000
a contact +58100 +58200 2022 9003 1000
a contact +58100 +58200 2039 2057 1000
a contact +58100 +58200 2057 2039 1000
a contact +58100 +58200 9003 2022 1000
a contact +58400 +58500 2016 2034 1000
a contact +58400 +58500 2034 2016 1000
a contact +58700 +58900 1003 9002 1000
a contact +58700 +58900 9002 1003 1000
a contact +59200 +59300 2005 2052 1000
a contact +59200 +59300 2052 2005 1000
a contact +59600 +59700 2016 2043 1000
a contact +59600 +59700 2025 2058 1000
a contact +59600 +59700 2043 2016 1000
a contact +59600 +59700 2058 2025 1000
a contact +59700 +59800 2007 2040 1000
a contact +59700 +59800 2040 2007 1000
a contact +59800 +59900 2005 2045 1000
a contact +59800 +59900 2025 9001 1000
a contact +59800 +59900 2045 2005 1000
a contact +59800 +59900 9001 2025 1000
a contact +60200 +60300 2062 2063 1000
a contact +60200 +60300 2063 2062 1000
a contact +60500 +60600 2006 2059 1000
a contact +60500 +60600 2059 2006 1000
a contact +60600 +60700 2014 2060 1000
a contact +60600 +60700 2060 2014 1000
a contact +60700 +60800 2008 2058 1000
a contact +60700 +60800 2058 2008 1000
a contact +60800 +60900 2025 2044 1000
a contact +60800 +60900 2044 2025 1000
a contact +61400 +61500 2020 2059 1000
a contact +61400 +61500 2059 2020 1000
a contact +61500 +61600 2003 2029 1000
a contact +61500 +61600 2029 2003 1000
a contact +61800 +61900 2003 2014 1000
a contact +61800 +61900 2014 2003 1000
a contact +62000 +62100 2046 2048 1000
a contact +62000 +62100 2048 2046 1000
a contact +62200 +62400 2029 2040 1000
a contact +62200 +62400 2040 2029 1000
a contact +62400 +62500 2022 2025 1000
a contact +62400 +62500 2023 2036 1000
a contact +62400 +62500 2025 2022 1000
a contact +62400 +62500 2036 2023 1000
a contact +62400 +62500 2053 9001 1000
a contact +62400 +62500 9001 2053 1000
a contact +63400 +63600 2036 2057 1000
a contact +63400 +63600 2057 2036 1000
a contact +63700 +63800 1001 2056 1000
a contact +63700 +63800 2056 1001 1000
a contact +63800 +63900 2040 2060 1000
a contact +63800 +63900 2060 2040 1000
a contact +64000 +64100 2003 2017 1000
a contact +64000 +64100 2017 2003 1000
a contact +64100 +64200 2020 2056 1000
a contact +64100 +64200 2056 2020 1000
a contact +64400 +64500 2022 2057 1000
a contact +64400 +64500 2057 2022 1000
a contact +64600 +64800 2007 2040 1000
a contact +64600 +64800 2040 2007 1000
a contact +64800 +64900 2028 2059 1000
a contact +64800 +64900 2042 2058 1000
a contact +64800 +64900 2046 2062 1000
a contact +64800 +64900 2048 2060 1000
a contact +64800 +64900 2058 2042 1000
a contact +64800 +64900 2059 2028 1000
a contact +64800 +64900 2060 2048 1000
a contact +64800 +64900 2062 2046 1000
a contact +65100 +65200 2008 2026 1000
a contact +65100 +65200 2026 2008 1000
a contact +65300 +65400 2003 2043 1000
a contact +65300 +65400 2009 2023 1000
a contact +65300 +65400 2023 2009 1000
a contact +65300 +65400 2043 2003 1000
a contact +65600 +65700 2026 2053 1000
a contact +65600 +65700 2028 2062 1000
a contact +65600 +65700 2053 2026 1000
a contact +65600 +65700 2062 2028 1000
a contact +65800 +65900 2013 2042 1000
a contact +65800 +65900 2042 2013 1000
a contact +66100 +66200 2015 2040 1000
a contact +66100 +66200 2040 2015 1000
a contact +66300 +66400 2029 2056 1000
a contact +66300 +66400 2056 2029 1000
a contact +66400 +66500 2009 2063 1000
a contact +66400 +66500 2063 2009 1000
a contact +66500 +66600 1002 1003 1000
a contact +66500 +66600 1003 1002 1000
a contact +66600 +66700 2006 2057 1000
a contact +66600 +66700 2014 2063 1000
a contact +66600 +66700 2057 2006 1000
a contact +66600 +66700 2063 2014 1000
a contact +66700 +66800 2010 2058 1000
a contact +66700 +66800 2058 2010 1000
a contact +66800 +66900 2032 2045 1000
a contact +66800 +66900 2045 2032 1000
a contact +66900 +67100 2016 2064 1000
a contact +66900 +67100 2064 2016 1000
a contact +67100 +67200 2028 2033 1000
a contact +67100 +67200 2033 2028 1000
a contact +68300 +68400 2011 2063 1000
a contact +68300 +68400 2063 2011 1000
a contact +68400 +68500 2009 2012 1000
a contact +68400 +68500 2012 2009 1000
a contact +68700 +68800 2011 2014 1000
a contact +68700 +68800 2014 2011 1000
a contact +69300 +69500 2006 2023 1000
a contact +69300 +69500 2023 2006 1000
a contact +69600 +69700 1003 2062 1000
a contact +69600 +69700 2062 1003 1000
a contact +69800 +69900 2024 2050 1000
a contact +69800 +69900 2050 2024 1000
a contact +70000 +70100 2045 2059 1000
a contact +70000 +70100 2059 2045 1000
a contact +70100 +70200 2009 2042 1000
a contact +70100 +70200 2042 2009 1000
a contact +70200 +70300 2048 2059 1000
a contact +70200 +70300 2059 2048 1000
a contact +70500 +70700 2047 2058 1000
a contact +70500 +70700 2058 2047 1000
a contact +70700 +70800 2012 2047 1000
a contact +70700 +70800 2047 2012 1000
a contact +71000 +71100 2015 2044 1000
a contact +71000 +71100 2044 2015 1000
a contact +71100 +71200 2045 2056 1000
a contact +71100 +71200 2056 2045 1000
a contact +71200 +71300 2006 2040 1000
a contact +71200 +71300 2040 2006 1000
a contact +71500 +71600 1001 1004 1000
a contact +71500 +71600 1004 1001 1000
a contact +71900 +72000 2006 2042 1000
a contact +71900 +72000 2024 2056 1000
a contact +71900 +72000 2042 2006 1000
a contact +71900 +72000 2056 2024 1000
a contact +72100 +72200 1001 1004 1000
a contact +72100 +72200 1004 1001 1000
a contact +72100 +72200 2006 2025 1000
a contact +72100 +72200 2018 2044 1000
a contact +72100 +72200 2025 2006 1000
a contact +72100 +72200 2044 2018 1000
a contact +72300 +72400 2016 2038 1000
a contact +72300 +72400 2038 2016 1000
a contact +72400 +72500 2029 2055 1000
a contact +72400 +72500 2055 2029 1000
a contact +72600 +72700 2023 2024 1000
a contact +72600 +72700 2024 2023 1000
a contact +73200 +73300 2024 2035 1000
a contact +73200 +73300 2030 2053 1000
a contact +73200 +73300 2035 2024 1000
a contact +73200 +73300 2053 2030 1000
a contact +73300 +73400 2011 2057 1000
a contact +73300 +73400 2057 2011 1000
a contact +73400 +73500 2005 2010 1000
a contact +73400 +73500 2010 2005 1000
a contact +73700 +73800 2013 2053 1000
a contact +73700 +73800 2053 2013 1000
a contact +73800 +73900 2011 2054 1000
a contact +73800 +73900 2054 2011 1000
a contact +74000 +74200 2059 2062 1000
a contact +74000 +74200 2062 2059 1000
a contact +74300 +74400 2040 2043 1000
a contact +74300 +74400 2043 2040 1000
a contact +74500 +74600 2001 2028 1000
a contact +74500 +74600 2028 2001 1000
a contact +74700 +74800 1003 2028 1000
a contact +74700 +74800 2008 2010 1000
a contact +74700 +74800 2010 2008 1000
a contact +74700 +74800 2028 1003 1000
a contact +74900 +75000 2022 2034 1000
a contact +74900 +75000 2034 2022 1000
a contact +75000 +75100 2044 2046 1000
a contact +75000 +75100 2046 2044 1000
a contact +75200 +75400 1004 2021 1000
a contact +75200 +75400 2021 1004 1000
a contact +75900 +76000 2018 2052 1000
a contact +75900 +76000 2030 2057 1000
a contact +75900 +76000 2052 2018 1000
a contact +75900 +76000 2057 2030 1000
a contact +76000 +76100 2028 2064 1000
a contact +76000 +76100 2064 2028 1000
a contact +76300 +76400 1002 2010 1000
a contact +76300 +76400 2010 1002 1000
a contact +76300 +76400 2046 2062 1000
a contact +76300 +76400 2062 2046 1000
a contact +76600 +76700 2037 2058 1000
a contact +76600 +76700 2045 2059 1000
a contact +76600 +76700 2058 2037 1000
a contact +76600 +76700 2059 2045 1000
a contact +76700 +76800 1003 2005 1000
a contact +76700 +76800 2005 1003 1000
a contact +76700 +76800 2031 2054 1000
a contact +76700 +76800 2054 2031 1000
a contact +77000 +77100 2005 2048 1000
a contact +77000 +77100 2048 2005 1000
a contact +77200 +77300 2013 2042 1000
a contact +77200 +77300 2042 2013 1000
a contact +77400 +77500 2044 2064 1000
a contact +77400 +77500 2064 2044 1000
a contact +77500 +77700 2042 2056 1000
a contact +77500 +77700 2056 2042 1000
a contact +77900 +78000 2041 2058 1000
a contact +77900 +78000 2058 2041 1000
a contact +78000 +78100 2039 2055 1000
a contact +78000 +78100 2055 2039 1000
a contact +78200 +78300 1003 2012 1000
a contact +78200 +78300 2005 2037 1000
a contact +78200 +78300 2012 1003 1000
a contact +78200 +78300 2029 2061 1000
a contact +78200 +78300 2037 2005 1000
a contact +78200 +78300 2061 2029 1000
a contact +78300 +78400 2017 2044 1000
a contact +78300 +78400 2044 2017 1000
a contact +78400 +78500 2009 2028 1000
a contact +78400 +78500 2028 2009 1000
a contact +78600 +78700 2027 9002 1000
a contact +78600 +78700 9002 2027 1000
a contact +79200 +79300 2040 9002 1000
a contact +79200 +79300 9002 2040 1000
a contact +79300 +79400 2023 9001 1000
a contact +79300 +79400 9001 2023 1000
a contact +79500 +79600 2013 2058 1000
a contact +79500 +79600 2033 2046 1000
a contact +79500 +79600 2046 2033 1000
a contact +79500 +79600 2058 2013 1000
a contact +79700 +79800 2005 2016 1000
a contact +79700 +79800 2016 2005 1000
a contact +79800 +79900 2021 2026 1000
a contact +79800 +79900 2026 2021 1000
a contact +79900 +80100 2049 2052 1000
a contact +79900 +80100 2052 2049 1000
a contact +80100 +80200 2004 9001 1000
a contact +80100 +80200 2022 2039 1000
a contact +80100 +80200 2039 2022 1000
a contact +80100 +80200 9001 2004 1000
a contact +80200 +80300 2022 2033 1000
a contact +80200 +80300 2033 2022 1000
a contact +80200 +80300 2036 2048 1000
a contact +80200 +80300 2048 2036 1000
a contact +80300 +80400 2058 2063 1000
a contact +80300 +80400 2063 2058 1000
a contact +80600 +80700 1003 2041 1000
a contact +80600 +80700 2041 1003 1000
a contact +80900 +81000 2002 2052 1000
a contact +80900 +81000 2052 2002 1000
a contact +81100 +81200 2023 2043 1000
a contact +81100 +81200 2043 2023 1000
a contact +81200 +81300 2006 2009 1000
a contact +81200 +81300 2009 2006 1000
a contact +81200 +81300 2032 2033 1000
a contact +81200 +81300 2033 2032 1000
a contact +81400 +81500 2002 2043 1000
a contact +81400 +81500 2043 2002 1000
a contact +81400 +81500 2057 2058 1000
a contact +81400 +81500 2058 2057 1000
a contact +82000 +82100 2011 2029 1000
a contact +82000 +82100 2029 2011 1000
a contact +82100 +82200 2011 2032 1000
a contact +82100 +82200 2032 2011 1000
a contact +82200 +82300 2006 2052 1000
a contact +82200 +82300 2052 2006 1000
a contact +82400 +82500 1002 2005 1000
a contact +82400 +82500 2005 1002 1000
a contact +82400 +82500 2010 2021 1000
a contact +82400 +82500 2021 2010 1000
a contact +82400 +82500 2030 2035 1000
a contact +82400 +82500 2035 2030 1000
a contact +82900 +83000 2008 2027 1000
a contact +82900 +83000 2013 2024 1000
a contact +82900 +83000 2024 2013 1000
a contact +82900 +83000 2027 2008 1000
a contact +82900 +83000 2042 2053 1000
a contact +82900 +83000 2053 2042 1000
a contact +83200 +83300 2007 2043 1000
a contact +83200 +83300 2022 2060 1000
a contact +83200 +83300 2043 2007 1000
a contact +83200 +83300 2060 2022 1000
a contact +83300 +83400 2008 2049 1000
a contact +83300 +83400 2028 2054 1000
a contact +83300 +83400 2049 2008 1000
a contact +83300 +83400 2054 2028 1000
a contact +83400 +83600 1003 9003 1000
a contact +83400 +83600 2011 2030 1000
a contact +83400 +83600 2030 2011 1000
a contact +83400 +83600 9003 1003 1000
a contact +83600 +83700 2005 2040 1000
a contact +83600 +83700 2040 2005 1000
a contact +83900 +84000 2047 9001 1000
a contact +83900 +84000 9001 2047 1000
a contact +84100 +84200 2027 2061 1000
a contact +84100 +84200 2030 2058 1000
a contact +84100 +84200 2058 2030 1000
a contact +84100 +84200 2061 2027 1000
a contact +84300 +84400 2011 2038 1000
a contact +84300 +84400 2038 2011 1000
a contact +84500 +84600 2016 2040 1000
a contact +84500 +84600 2025 2063 1000
a contact +84500 +84600 2040 2016 1000
a contact +84500 +84600 2063 2025 1000
a contact +84800 +84900 2005 2032 1000
a contact +84800 +84900 2032 2005 1000
a contact +85500 +85600 2032 2048 1000
a contact +85500 +85600 2048 2032 1000
a contact +85600 +85700 1004 2049 1000
a contact +85600 +85700 2012 2057 1000
a contact +85600 +85700 2016 2061 1000
a contact +85600 +85700 2049 1004 1000
a contact +85600 +85700 2057 2012 1000
a contact +85600 +85700 2061 2016 1000
a contact +85700 +85800 2017 2018 1000
a contact +85700 +85800 2018 2017 1000
a contact +86100 +86200 2032 2044 1000
a contact +86100 +86200 2036 2048 1000
a contact +86100 +86200 2044 2032 1000
a contact +86100 +86200 2048 2036 1000
a contact +86300 +86400 2004 9001 1000
a contact +86300 +86400 9001 2004 1000

a range +100 +200 2002 9002 1103.3723
a range +100 +200 2019 2053 0.0148
a range +100 +200 2025 2046 0.038
a range +100 +200 2046 2025 0.038
a range +100 +200 2053 2019 0.0148
a range +100 +200 9002 2002 1103.3723
a range +200 +300 2016 2055 0.0436
a range +200 +300 2019 2052 0.0149
a range +200 +300 2052 2019 0.0149
a range +200 +300 2055 2016 0.0436
a range +300 +400 1003 2064 1102.231
a range +300 +400 1004 2063 1102.0168
a range +300 +400 2004 9001 1102.3438
a range +300 +400 2019 2051 0.0193
a range +300 +400 2051 2019 0.0193
a range +300 +400 2063 1004 1102.0168
a range +300 +400 2064 1003 1102.231
a range +300 +400 9001 2004 1102.3438
a range +500 +600 2025 2043 0.0231
a range +500 +600 2027 2044 0.0113
a range +500 +600 2043 2025 0.0231
a range +500 +600 2044 2027 0.0113
a range +600 +700 2019 2049 0.0315
a range +600 +700 2028 2044 0.0037
a range +600 +700 2044 2028 0.0037
a range +600 +700 2049 2019 0.0315
a range +700 +800 2027 2042 0.0159
a range +700 +800 2028 2043 0.0113
a range +700 +800 2042 2027 0.0159
a range +700 +800 2043 2028 0.0113
a range +800 +900 2029 2045 0.0035
a range +800 +900 2045 2029 0.0035
a range +1100 +1200 2028 2041 0.0282
a range +1100 +1200 2029 2042 0.0259
a range +1100 +1200 2041 2028 0.0282
a range +1100 +1200 2042 2029 0.0259
a range +1200 +1300 2019 2047 0.0366
a range +1200 +1300 2047 2019 0.0366
a range +1300 +1400 2026 2039 0.0311
a range +1300 +1400 2034 2045 0.0404
a range +1300 +1400 2039 2026 0.0311
a range +1300 +1400 2045 2034 0.0404
a range +1600 +1700 2004 2056 0.0433
a range +1600 +1700 2056 2004 0.0433
a range +2500 +2600 2005 2026 0.041
a range +2500 +2600 2023 2060 0.0432
a range +2500 +2600 2026 2005 0.041
a range +2500 +2600 2060 2023 0.0432
a range +2600 +2700 2004 2054 0.043
a range +2600 +2700 2033 9002 1102.4935
a range +2600 +2700 2054 2004 0.043
a range +2600 +2700 9002 2033 1102.4935
a range +2700 +2800 2004 2053 0.0431
a range +2700 +2800 2033 9001 1102.3349
a range +2700 +2800 2053 2004 0.0431
a range +2700 +2800 9001 2033 1102.3349
a range +2800 +2900 1003 2049 1102.2314
a range +2800 +2900 2023 2059 0.0416
a range +2800 +2900 2038 9001 1102.2836
a range +2800 +2900 2049 1003 1102.2314
a range +2800 +2900 2059 2023 0.0416
a range +2800 +2900 9001 2038 1102.2836
a range +2900 +3000 1003 2011 1102.2434
a range +2900 +3000 2011 1003 1102.2434
a range +3000 +3100 2002 2016 0.0186
a range +3000 +3100 2016 2002 0.0186
a range +3000 +3100 2028 2063 0.0231
a range +3000 +3100 2063 2028 0.0231
a range +4000 +4100 2014 2034 0.0415
a range +4000 +4100 2021 2059 0.043
a range +4000 +4100 2034 2014 0.0415
a range +4000 +4100 2059 2021 0.043
a range +4200 +4300 2001 2048 0.035
a range +4200 +4300 2048 2001 0.035
a range +4400 +4500 2011 2039 0.0416
a range +4400 +4500 2039 2011 0.0416
a range +4500 +4700 2016 2028 0.0333
a range +4500 +4700 2028 2016 0.0333
a range +4500 +4700 2031 2061 0.023
a range +4500 +4700 2061 2031 0.023
a range +4900 +5000 2018 2030 0.0343
a range +4900 +5000 2030 2018 0.0343
a range +4900 +5000 2043 2061 0.0176
a range +4900 +5000 2061 2043 0.0176
a range +5200 +5300 2005 2048 0.0431
a range +5200 +5300 2048 2005 0.0431
a range +5300 +5400 2011 2016 0.0404
a range +5300 +5400 2016 2011 0.0404
a range +5500 +5600 2048 9001 1102.3265
a range +5500 +5600 9001 2048 1102.3265
a range +5900 +6000 2007 2028 0.0411
a range +5900 +6000 2028 2007 0.0411
a range +6000 +6100 2002 2043 0.0433
a range +6000 +6100 2043 2002 0.0433
a range +6000 +6100 2049 2064 0.0095
a range +6000 +6100 2056 2057 0.0095
a range +6000 +6100 2057 2056 0.0095
a range +6000 +6100 2064 2049 0.0095
a range +6300 +6400 1002 2036 1102.4135
a range +6300 +6400 2036 1002 1102.4135
a range +6600 +6700 2026 2047 0.0373
a range +6600 +6700 2047 2026 0.0373
a range +7000 +7100 2030 2046 0.0102
a range +7000 +7100 2046 2030 0.0102
a range +7100 +7200 2018 9001 1102.3437
a range +7100 +7200 9001 2018 1102.3437
a range +7300 +7400 2026 2040 0.0251
a range +7300 +7400 2040 2026 0.0251
a range +7600 +7700 1002 2004 1102.4726
a range +7600 +7700 2004 1002 1102.4726
a range +7900 +8000 2013 2027 0.0176
a range +7900 +8000 2027 2013 0.0176
a range +8000 +8200 2012 2060 0.0433
a range +8000 +8200 2013 2059 0.0434
a range +8000 +8200 2019 2052 0.0149
a range +8000 +8200 2052 2019 0.0149
a range +8000 +8200 2059 2013 0.0434
a range +8000 +8200 2060 2012 0.0433
a range +8300 +8400 2007 9002 1103.3622
a range +8300 +8400 9002 2007 1103.3622
a range +8400 +8500 2002 9002 1103.3723
a range +8400 +8500 9002 2002 1103.3723
a range +8700 +8800 2008 2026 0.0251
a range +8700 +8800 2026 2008 0.0251
a range +8800 +8900 2013 2030 0.0112
a range +8800 +8900 2030 2013 0.0112
a range +8900 +9000 2011 2022 0.0417
a range +8900 +9000 2022 2011 0.0417
a range +8900 +9000 2036 2055 0.0259
a range +8900 +9000 2043 2048 0.0404
a range +8900 +9000 2048 2043 0.0404
a range +8900 +9000 2055 2036 0.0259
a range +9000 +9100 2045 2064 0.0281
a range +9000 +9100 2064 2045 0.0281
a range +9100 +9200 2031 2044 0.0259
a range +9100 +9200 2044 2031 0.0259
a range +9200 +9400 2030 2057 0.0432
a range +9200 +9400 2045 2063 0.02
a range +9200 +9400 2057 2030 0.0432
a range +9200 +9400 2063 2045 0.02
a range +9500 +9600 2036 9001 1102.3544
a range +9500 +9600 2038 2056 0.0231
a range +9500 +9600 2056 2038 0.0231
a range +9500 +9600 9001 2036 1102.3544
a range +9600 +9700 1004 2027 1102.7818
a range +9600 +9700 2027 1004 1102.7818
a range +9800 +9900 2036 2058 0.0431
a range +9800 +9900 2058 2036 0.0431
a range +9900 +10000 2008 2025 0.0205
a range +9900 +10000 2025 2008 0.0205
a range +10200 +10300 2025 2026 0.0095
a range +10200 +10300 2026 2025 0.0095
a range +10200 +10300 2031 2059 0.0251
a range +10200 +10300 2059 2031 0.0251
a range +10300 +10400 1001 2015 1102.7005
a range +10300 +10400 2015 1001 1102.7005
a range +10300 +10400 2031 2055 0.0433
a range +10300 +10400 2055 2031 0.0433
a range +10400 +10600 2011 2025 0.0231
a range +10400 +10600 2025 2011 0.0231
a range +10700 +10800 2011 2041 0.0315
a range +10700 +10800 2041 2011 0.0315
a range +10900 +11000 1003 2019 1102.2294
a range +10900 +11000 2019 1003 1102.2294
a range +11100 +11200 1003 2056 1102.2469
a range +11100 +11200 2056 1003 1102.2469
a range +11200 +11300 2014 2016 0.0186
a range +11200 +11300 2016 2014 0.0186
a range +11700 +11800 2009 2038 0.0369
a range +11700 +11800 2038 2009 0.0369
a range +12000 +12100 2007 2052 0.0435
a range +12000 +12100 2052 2007 0.0435
a range +12100 +12200 2007 2050 0.0435
a range +12100 +12200 2050 2007 0.0435
a range +12200 +12300 2004 2046 0.0432
a range +12200 +12300 2046 2004 0.0432
a range +12300 +12400 1001 2048 1102.5802
a range +12300 +12400 2048 1001 1102.5802
a range +12400 +12500 2028 2033 0.0395
a range +12400 +12500 2033 2028 0.0395
a range +12500 +12600 2012 2015 0.027
a range +12500 +12600 2015 2012 0.027
a range +12500 +12600 2061 2062 0.0095
a range +12500 +12600 2062 2061 0.0095
a range +12600 +12700 2022 2043 0.0417
a range +12600 +12700 2032 2035 0.0303
a range +12600 +12700 2035 2032 0.0303
a range +12600 +12700 2043 2022 0.0417
a range +12700 +12900 2034 2037 0.027
a range +12700 +12900 2037 2034 0.027
a range +12900 +13000 2031 2042 0.0373
a range +12900 +13000 2042 2031 0.0373
a range +13000 +13100 2005 2008 0.027
a range +13000 +13100 2008 2005 0.027
a range +13000 +13100 2036 2037 0.0095
a range +13000 +13100 2037 2036 0.0095
a range +13100 +13200 2015 2052 0.0433
a range +13100 +13200 2028 2053 0.043
a range +13100 +13200 2052 2015 0.0433
a range +13100 +13200 2053 2028 0.043
a range +13300 +13400 2024 2040 0.0182
a range +13300 +13400 2040 2024 0.0182
a range +13900 +14100 2007 2026 0.0311
a range +13900 +14100 2026 2007 0.0311
a range +14300 +14400 2017 2061 0.0374
a range +14300 +14400 2061 2017 0.0374
a range +14400 +14500 2001 2020 0.0282
a range +14400 +14500 2020 2001 0.0282
a range +14500 +14600 2004 2053 0.0434
a range +14500 +14600 2053 2004 0.0434
a range +14600 +14700 1003 2027 1102.7055
a range +14600 +14700 2027 1003 1102.7055
a range +14600 +14700 2035 9002 1102.4007
a range +14600 +14700 9002 2035 1102.4007
a range +14700 +14800 1002 2027 1102.4396
a range +14700 +14800 2027 1002 1102.4396
a range +15100 +15300 2027 2058 0.0253
a range +15100 +15300 2058 2027 0.0253
a range +15700 +15800 2027 2056 0.0371
a range +15700 +15800 2056 2027 0.0371
a range +15900 +16000 1004 9001 0.0591
a range +15900 +16000 9001 1004 0.0591
a range +16100 +16200 2001 2047 0.0361
a range +16100 +16200 2047 2001 0.0361
a range +16600 +16700 2022 2035 0.0249
a range +16600 +16700 2035 2022 0.0249
a range +16700 +16800 1003 2032 1102.5123
a range +16700 +16800 2032 1003 1102.5123
a range +17000 +17100 2046 2058 0.0319
a range +17000 +17100 2058 2046 0.0319
a range +17200 +17300 2012 2038 0.0432
a range +17200 +17300 2038 2012 0.0432
a range +17300 +17400 2045 2056 0.0396
a range +17300 +17400 2056 2045 0.0396
a range +17400 +17600 2001 2041 0.043
a range +17400 +17600 2003 2024 0.038
a range +17400 +17600 2024 2003 0.038
a range +17400 +17600 2041 2001 0.043
a range +17600 +17700 2046 2060 0.0175
a range +17600 +17700 2060 2046 0.0175
a range +17700 +17800 2013 2029 0.0035
a range +17700 +17800 2029 2013 0.0035
a range +17700 +17800 2049 2054 0.0404
a range +17700 +17800 2054 2049 0.0404
a range +17800 +17900 2050 2055 0.0404
a range +17800 +17900 2055 2050 0.0404
a range +17900 +18000 2007 2049 0.0434
a range +17900 +18000 2049 2007 0.0434
a range +18000 +18100 2012 2017 0.0395
a range +18000 +18100 2017 2012 0.0395
a range +18100 +18200 2005 2043 0.0433
a range +18100 +18200 2043 2005 0.0433
a range +18300 +18400 2032 2037 0.0396
a range +18300 +18400 2037 2032 0.0396
a range +18400 +18500 2010 2015 0.0404
a range +18400 +18500 2015 2010 0.0404
a range +18500 +18600 2008 2048 0.0431
a range +18500 +18600 2048 2008 0.0431
a range +18600 +18800 2054 2056 0.0186
a range +18600 +18800 2056 2054 0.0186
a range +18800 +18900 2059 2061 0.0186
a range +18800 +18900 2061 2059 0.0186
a range +18900 +19000 2035 2036 0.0095
a range +18900 +19000 2036 2035 0.0095
a range +19000 +19100 2026 2044 0.0201
a range +19000 +19100 2044 2026 0.0201
a range +19400 +19500 1004 2002 1102.9083
a range +19400 +19500 2002 1004 1102.9083
a range +19400 +19500 2004 9002 1103.3648
a range +19400 +19500 2030 2045 0.0112
a range +19400 +19500 2045 2030 0.0112
a range +19400 +19500 9002 2004 1103.3648
a range +19500 +19600 2019 2052 0.0149
a range +19500 +19600 2052 2019 0.0149
a range +20000 +20100 2003 2017 0.0231
a range +20000 +20100 2017 2003 0.0231
a range +20100 +20200 2005 2017 0.0334
a range +20100 +20200 2017 2005 0.0334
a range +20300 +20400 2005 2022 0.0112
a range +20300 +20400 2022 2005 0.0112
a range +20400 +20500 2040 2043 0.027
a range +20400 +20500 2043 2040 0.027
a range +20500 +20600 2037 2051 0.0176
a range +20500 +20600 2051 2037 0.0176
a range +20600 +20700 2013 2024 0.0396
a range +20600 +20700 2024 2013 0.0396
a range +20800 +20900 2003 2054 0.0434
a range +20800 +20900 2008 2060 0.0434
a range +20800 +20900 2054 2003 0.0434
a range +20800 +20900 2060 2008 0.0434
a range +20900 +21000 2017 2030 0.027
a range +20900 +21000 2030 2017 0.027
a range +20900 +21000 2037 2048 0.0404
a range +20900 +21000 2048 2037 0.0404
a range +21000 +21200 2004 2054 0.0432
a range +21000 +21200 2006 2062 0.0436
a range +21000 +21200 2054 2004 0.0432
a range +21000 +21200 2062 2006 0.0436
a range +21300 +21400 2015 2030 0.0157
a range +21300 +21400 2030 2015 0.0157
a range +21600 +21700 2042 2053 0.041
a range +21600 +21700 2053 2042 0.041
a range +21800 +21900 2015 2035 0.0416
a range +21800 +21900 2035 2015 0.0416
a range +21900 +22000 2008 2051 0.0432
a range +21900 +22000 2051 2008 0.0432
a range +22300 +22400 2032 2063 0.0323
a range +22300 +22400 2063 2032 0.0323
a range +22400 +22500 2005 2053 0.0431
a range +22400 +22500 2033 2061 0.0353
a range +22400 +22500 2053 2005 0.0431
a range +22400 +22500 2061 2033 0.0353
a range +22700 +22800 2045 2058 0.0259
a range +22700 +22800 2058 2045 0.0259
a range +22800 +22900 2032 2059 0.043
a range +22800 +22900 2059 2032 0.043
a range +22900 +23000 1002 2040 1102.8603
a range +22900 +23000 2017 2039 0.043
a range +22900 +23000 2039 2017 0.043
a range +22900 +23000 2040 1002 1102.8603
a range +23000 +23100 2017 2044 0.0395
a range +23000 +23100 2044 2017 0.0395
a range +23200 +23300 2016 2034 0.0362
a range +23200 +23300 2025 9002 1102.8419
a range +23200 +23300 2034 2016 0.0362
a range +23200 +23300 9002 2025 1102.8419
a range +23300 +23500 1003 2035 1103.1657
a range +23300 +23500 2007 2041 0.0361
a range +23300 +23500 2035 1003 1103.1657
a range +23300 +23500 2041 2007 0.0361
a range +23500 +23600 2014 2042 0.0252
a range +23500 +23600 2016 2040 0.0431
a range +23500 +23600 2021 2059 0.0432
a range +23500 +23600 2024 9002 1102.8894
a range +23500 +23600 2026 2060 0.0233
a range +23500 +23600 2040 2016 0.0431
a range +23500 +23600 2042 2014 0.0252
a range +23500 +23600 2059 2021 0.0432
a range +23500 +23600 2060 2026 0.0233
a range +23500 +23600 9002 2024 1102.8894
a range +23600 +23700 2008 2040 0.0336
a range +23600 +23700 2014 2028 0.0175
a range +23600 +23700 2028 2014 0.0175
a range +23600 +23700 2040 2008 0.0336
a range +23700 +23800 2024 2063 0.0431
a range +23700 +23800 2063 2024 0.0431
a range +23900 +24000 2001 2044 0.0432
a range +23900 +24000 2024 2061 0.0432
a range +23900 +24000 2044 2001 0.0432
a range +23900 +24000 2061 2024 0.0432
a range +24200 +24300 2024 2045 0.0396
a range +24200 +24300 2045 2024 0.0396
a range +24300 +24400 2055 2057 0.0186
a range +24300 +24400 2057 2055 0.0186
a range +24400 +24500 2032 2034 0.0251
a range +24400 +24500 2034 2032 0.0251
a range +24700 +24800 2024 2043 0.0303
a range +24700 +24800 2043 2024 0.0303
a range +24800 +24900 2034 2046 0.0343
a range +24800 +24900 2046 2034 0.0343
a range +24900 +25000 2031 2032 0.0095
a range +24900 +25000 2032 2031 0.0095
a range +25000 +25100 2011 2012 0.0095
a range +25000 +25100 2012 2011 0.0095
a range +25100 +25200 1004 2046 1102.9112
a range +25100 +25200 2012 2014 0.0186
a range +25100 +25200 2014 2012 0.0186
a range +25100 +25200 2046 1004 1102.9112
a range +25100 +25200 2059 2060 0.0095
a range +25100 +25200 2060 2059 0.0095
a range +25200 +25300 1004 2051 1102.9122
a range +25200 +25300 2051 1004 1102.9122
a range +25300 +25400 2027 2046 0.0249
a range +25300 +25400 2046 2027 0.0249
a range +25600 +25700 2003 2029 0.0431
a range +25600 +25700 2029 2003 0.0431
a range +25700 +25900 1003 2064 1103.1455
a range +25700 +25900 2064 1003 1103.1455
a range +26400 +26500 1004 9003 0.0596
a range +26400 +26500 2040 2041 0.0095
a range +26400 +26500 2041 2040 0.0095
a range +26400 +26500 9003 1004 0.0596
a range +26500 +26600 2041 2062 0.038
a range +26500 +26600 2062 2041 0.038
a range +26600 +26700 2019 2053 0.0148
a range +26600 +26700 2053 2019 0.0148
a range +26800 +26900 2005 2060 0.043
a range +26800 +26900 2060 2005 0.043
a range +26900 +27000 2038 2059 0.0417
a range +26900 +27000 2059 2038 0.0417
a range +27000 +27100 2038 2057 0.0302
a range +27000 +27100 2057 2038 0.0302
a range +27100 +27200 2037 2053 0.0035
a range +27100 +27200 2053 2037 0.0035
a range +27400 +27500 2040 2057 0.0205
a range +27400 +27500 2057 2040 0.0205
a range +27900 +28000 2047 2061 0.02
a range +27900 +28000 2061 2047 0.02
a range +28000 +28200 2007 2049 0.0432
a range +28000 +28200 2049 2007 0.0432
a range +28400 +28500 2002 2018 0.0155
a range +28400 +28500 2018 2002 0.0155
a range +28600 +28700 2013 2040 0.0431
a range +28600 +28700 2033 2055 0.0431
a range +28600 +28700 2040 2013 0.0431
a range +28600 +28700 2055 2033 0.0431
a range +28700 +28800 2015 2034 0.0393
a range +28700 +28800 2034 2015 0.0393
a range +28800 +28900 2014 2040 0.0432
a range +28800 +28900 2030 2056 0.0432
a range +28800 +28900 2040 2014 0.0432
a range +28800 +28900 2056 2030 0.0432
a range +28900 +29000 2004 2049 0.043
a range +28900 +29000 2006 2035 0.0191
a range +28900 +29000 2035 2006 0.0191
a range +28900 +29000 2047 2058 0.0373
a range +28900 +29000 2049 2004 0.043
a range +28900 +29000 2058 2047 0.0373
a range +29100 +29200 2021 2064 0.0431
a range +29100 +29200 2064 2021 0.0431
a range +29200 +29400 1002 2026 1103.3638
a range +29200 +29400 2025 2062 0.0431
a range +29200 +29400 2026 1002 1103.3638
a range +29200 +29400 2062 2025 0.0431
a range +29500 +29600 2025 2060 0.031
a range +29500 +29600 2060 2025 0.031
a range +30100 +30200 2005 2064 0.0434
a range +30100 +30200 2064 2005 0.0434
a range +30400 +30500 2018 2019 0.0095
a range +30400 +30500 2019 2018 0.0095
a range +30400 +30500 2027 2046 0.0249
a range +30400 +30500 2046 2027 0.0249
a range +30700 +30800 2008 2013 0.0404
a range +30700 +30800 2013 2008 0.0404
a range +30700 +30800 2058 2061 0.027
a range +30700 +30800 2061 2058 0.027
a range +31000 +31100 2001 2003 0.0186
a range +31000 +31100 2003 2001 0.0186
a range +31800 +31900 1003 9001 0.0594
a range +31800 +31900 9001 1003 0.0594
a range +31900 +32000 1002 2062 1103.3809
a range +31900 +32000 2026 2031 0.0404
a range +31900 +32000 2031 2026 0.0404
a range +31900 +32000 2062 1002 1103.3809
a range +32000 +32100 2015 2049 0.0431
a range +32000 +32100 2049 2015 0.0431
a range +32100 +32200 2015 2047 0.0284
a range +32100 +32200 2047 2015 0.0284
a range +32500 +32600 1001 2012 1103.605
a range +32500 +32600 2012 1001 1103.605
a range +32500 +32600 2018 2031 0.027
a range +32500 +32600 2031 2018 0.027
a range +32800 +32900 1004 2041 1103.5905
a range +32800 +32900 2041 1004 1103.5905
a range +32900 +33000 2017 2053 0.031
a range +32900 +33000 2053 2017 0.031
a range +33100 +33200 1004 2029 1103.3384
a range +33100 +33200 2019 2060 0.0433
a range +33100 +33200 2029 1004 1103.3384
a range +33100 +33200 2060 2019 0.0433
a range +33200 +33300 2006 2020 0.0175
a range +33200 +33300 2020 2006 0.0175
a range +33400 +33500 2015 2036 0.0432
a range +33400 +33500 2036 2015 0.0432
a range +33600 +33700 2008 2041 0.035
a range +33600 +33700 2041 2008 0.035
a range +33900 +34100 2008 2061 0.0434
a range +33900 +34100 2061 2008 0.0434
a range +34400 +34500 2008 2040 0.0336
a range +34400 +34500 2040 2008 0.0336
a range +34500 +34600 2049 2064 0.0095
a range +34500 +34600 2064 2049 0.0095
a range +34600 +34700 2013 2033 0.0374
a range +34600 +34700 2033 2013 0.0374
a range +34800 +34900 2023 2062 0.043
a range +34800 +34900 2062 2023 0.043
a range +34900 +35000 2031 2053 0.0433
a range +34900 +35000 2053 2031 0.0433
a range +35000 +35100 2026 2057 0.0325
a range +35000 +35100 2057 2026 0.0325
a range +35100 +35300 2007 2044 0.0432
a range +35100 +35300 2008 2051 0.0434
a range +35100 +35300 2044 2007 0.0432
a range +35100 +35300 2051 2008 0.0434
a range +35700 +35800 2007 2034 0.0432
a range +35700 +35800 2034 2007 0.0432
a range +36000 +36100 1001 2042 1103.605
a range +36000 +36100 2006 2011 0.0404
a range +36000 +36100 2011 2006 0.0404
a range +36000 +36100 2029 2048 0.0281
a range +36000 +36100 2042 1001 1103.605
a range +36000 +36100 2048 2029 0.0281
a range +36100 +36200 1001 2040 1103.611
a range +36100 +36200 2011 2013 0.0186
a range +36100 +36200 2013 2011 0.0186
a range +36100 +36200 2026 2046 0.0319
a range +36100 +36200 2034 2048 0.0186
a range +36100 +36200 2040 1001 1103.611
a range +36100 +36200 2046 2026 0.0319
a range +36100 +36200 2048 2034 0.0186
a range +36300 +36500 2013 2014 0.0095
a range +36300 +36500 2014 2013 0.0095
a range +36500 +36600 2058 2063 0.0404
a range +36500 +36600 2063 2058 0.0404
a range +36600 +36700 2029 2045 0.0035
a range +36600 +36700 2030 2048 0.0231
a range +36600 +36700 2045 2029 0.0035
a range +36600 +36700 2048 2030 0.0231
a range +36800 +36900 2023 2035 0.0319
a range +36800 +36900 2035 2023 0.0319
a range +37100 +37200 2008 2010 0.0186
a range +37100 +37200 2010 2008 0.0186
a range +37100 +37200 2057 2058 0.0095
a range +37100 +37200 2058 2057 0.0095
a range +37400 +37500 2004 2053 0.043
a range +37400 +37500 2053 2004 0.043
a range +37900 +38000 2023 2059 0.0416
a range +37900 +38000 2059 2023 0.0416
a range +38200 +38300 2043 2044 0.0095
a range +38200 +38300 2044 2043 0.0095
a range +38400 +38500 1004 2026 1103.5053
a range +38400 +38500 2026 1004 1103.5053
a range +38700 +38800 2005 2020 0.0088
a range +38700 +38800 2020 2005 0.0088
a range +38800 +38900 2007 2062 0.043
a range +38800 +38900 2046 2047 0.0095
a range +38800 +38900 2047 2046 0.0095
a range +38800 +38900 2062 2007 0.043
a range +38900 +39000 2010 2058 0.0431
a range +38900 +39000 2058 2010 0.0431
a range +39200 +39300 2019 2037 0.0176
a range +39200 +39300 2037 2019 0.0176
a range +39400 +39500 1002 2023 1103.3509
a range +39400 +39500 2023 1002 1103.3509
a range +39500 +39600 2007 2045 0.0432
a range +39500 +39600 2043 2055 0.0366
a range +39500 +39600 2045 2007 0.0432
a range +39500 +39600 2055 2043 0.0366
a range +39700 +39800 2044 2058 0.0201
a range +39700 +39800 2058 2044 0.0201
a range +39800 +40000 1002 2061 1103.379
a range +39800 +40000 2061 1002 1103.379
a range +40100 +40200 1003 2041 1103.5392
a range +40100 +40200 2041 1003 1103.5392
a range +40200 +40300 2011 2023 0.0366
a range +40200 +40300 2023 2011 0.0366
a range +40300 +40400 1002 2020 1103.3662
a range +40300 +40400 2020 1002 1103.3662
a range +40600 +40700 2015 2035 0.0416
a range +40600 +40700 2035 2015 0.0416
a range +41000 +41100 2002 2036 0.0233
a range +41000 +41100 2029 9002 1103.393
a range +41000 +41100 2036 2002 0.0233
a range +41000 +41100 9002 2029 1103.393
a range +41200 +41300 2007 2043 0.0416
a range +41200 +41300 2043 2007 0.0416
a range +41600 +41700 2015 2041 0.043
a range +41600 +41700 2041 2015 0.043
a range +42000 +42100 2012 2062 0.0434
a range +42000 +42100 2062 2012 0.0434
a range +42200 +42300 2033 2036 0.027
a range +42200 +42300 2036 2033 0.027
a range +42300 +42400 2008 9003 1104.7487
a range +42300 +42400 2015 2058 0.0436
a range +42300 +42400 2058 2015 0.0436
a range +42300 +42400 9003 2008 1104.7487
a range +42500 +42600 2013 2016 0.027
a range +42500 +42600 2016 2013 0.027
a range +42600 +42700 2029 2046 0.0112
a range +42600 +42700 2046 2029 0.0112
a range +42700 +42800 2007 2008 0.0095
a range +42700 +42800 2008 2007 0.0095
a range +42700 +42800 2055 2057 0.0186
a range +42700 +42800 2057 2055 0.0186
a range +42800 +42900 2005 2059 0.0436
a range +42800 +42900 2059 2005 0.0436
a range +43000 +43100 2024 2038 0.0231
a range +43000 +43100 2038 2024 0.0231
a range +43400 +43500 2026 2041 0.0193
a range +43400 +43500 2041 2026 0.0193
a range +43800 +43900 2025 2060 0.031
a range +43800 +43900 2060 2025 0.031
a range +44000 +44100 2020 2054 0.0147
a range +44000 +44100 2054 2020 0.0147
a range +44400 +44500 2011 2028 0.0113
a range +44400 +44500 2013 2054 0.0432
a range +44400 +44500 2028 2011 0.0113
a range +44400 +44500 2054 2013 0.0432
a range +44500 +44700 2014 2060 0.0433
a range +44500 +44700 2060 2014 0.0433
a range +44700 +44800 2002 2023 0.0373
a range +44700 +44800 2023 2002 0.0373
a range +44900 +45000 1004 2062 1103.8167
a range +44900 +45000 2012 2047 0.0231
a range +44900 +45000 2047 2012 0.0231
a range +44900 +45000 2062 1004 1103.8167
a range +45200 +45300 2037 2064 0.0396
a range +45200 +45300 2064 2037 0.0396
a range +45300 +45400 2022 2061 0.043
a range +45300 +45400 2024 2055 0.0323
a range +45300 +45400 2055 2024 0.0323
a range +45300 +45400 2061 2022 0.043
a range +45400 +45500 2042 2060 0.0201
a range +45400 +45500 2048 2063 0.0192
a range +45400 +45500 2060 2042 0.0201
a range +45400 +45500 2063 2048 0.0192
a range +45700 +45900 2015 2044 0.0231
a range +45700 +45900 2044 2015 0.0231
a range +45900 +46000 2012 2042 0.0233
a range +45900 +46000 2042 2012 0.0233
a range +46000 +46100 2037 2056 0.0281
a range +46000 +46100 2056 2037 0.0281
a range +46100 +46200 2039 2057 0.025
a range +46100 +46200 2057 2039 0.025
a range +46400 +46500 1001 2014 1103.598
a range +46400 +46500 2014 1001 1103.598
a range +46500 +46600 2007 2023 0.0154
a range +46500 +46600 2023 2007 0.0154
a range +46600 +46700 2004 2018 0.0201
a range +46600 +46700 2018 2004 0.0201
a range +46700 +46800 2041 2053 0.0353
a range +46700 +46800 2053 2041 0.0353
a range +46800 +46900 2011 2037 0.0434
a range +46800 +46900 2037 2011 0.0434
a range +46900 +47100 2040 2055 0.0192
a range +46900 +47100 2055 2040 0.0192
a range +47200 +47300 2029 2060 0.0067
a range +47200 +47300 2060 2029 0.0067
a range +47300 +47400 2010 2037 0.0433
a range +47300 +47400 2037 2010 0.0433
a range +47400 +47500 1003 2013 1104.055
a range +47400 +47500 2013 1003 1104.055
a range +47400 +47500 2023 2064 0.0431
a range +47400 +47500 2029 2051 0.0434
a range +47400 +47500 2033 2055 0.043
a range +47400 +47500 2051 2029 0.0434
a range +47400 +47500 2055 2033 0.043
a range +47400 +47500 2064 2023 0.0431
a range +48100 +48300 2006 2063 0.0435
a range +48100 +48300 2008 2020 0.0333
a range +48100 +48300 2020 2008 0.0333
a range +48100 +48300 2022 2041 0.0302
a range +48100 +48300 2027 2047 0.0319
a range +48100 +48300 2041 2022 0.0302
a range +48100 +48300 2047 2027 0.0319
a range +48100 +48300 2063 2006 0.0435
a range +48300 +48400 2007 2062 0.0435
a range +48300 +48400 2062 2007 0.0435
a range +49200 +49300 2013 2016 0.027
a range +49200 +49300 2016 2013 0.027
a range +49300 +49400 1003 2020 1103.7911
a range +49300 +49400 2020 1003 1103.7911
a range +49300 +49400 2037 2040 0.027
a range +49300 +49400 2040 2037 0.027
a range +49300 +49400 2059 2060 0.0095
a range +49300 +49400 2060 2059 0.0095
a range +49400 +49500 2024 2036 0.0333
a range +49400 +49500 2036 2024 0.0333
a range +49500 +49600 2030 2033 0.0302
a range +49500 +49600 2033 2030 0.0302
a range +49800 +49900 2044 2046 0.0186
a range +49800 +49900 2046 2044 0.0186
a range +50000 +50100 2005 2061 0.0432
a range +50000 +50100 2007 2008 0.0095
a range +50000 +50100 2008 2007 0.0095
a range +50000 +50100 2010 2064 0.0434
a range +50000 +50100 2054 2056 0.0186
a range +50000 +50100 2056 2054 0.0186
a range +50000 +50100 2061 2005 0.0432
a range +50000 +50100 2064 2010 0.0434
a range +50300 +50400 1002 2054 1104.2755
a range +50300 +50400 2046 2048 0.0186
a range +50300 +50400 2048 2046 0.0186
a range +50300 +50400 2054 1002 1104.2755
a range +50400 +50600 2043 2044 0.0095
a range +50400 +50600 2044 2043 0.0095
a range +51000 +51100 1002 2038 1103.6901
a range +51000 +51100 2006 2023 0.0157
a range +51000 +51100 2023 2006 0.0157
a range +51000 +51100 2038 1002 1103.6901
a range +51400 +51500 2046 2062 0.0102
a range +51400 +51500 2062 2046 0.0102
a range +51800 +51900 1002 2029 1104.1485
a range +51800 +51900 1004 2033 1103.8226
a range +51800 +51900 2029 1002 1104.1485
a range +51800 +51900 2033 1004 1103.8226
a range +52000 +52100 1004 9002 0.0591
a range +52000 +52100 2006 2033 0.0432
a range +52000 +52100 2014 2042 0.0252
a range +52000 +52100 2033 2006 0.0432
a range +52000 +52100 2042 2014 0.0252
a range +52000 +52100 9002 1004 0.0591
a range +52100 +52200 2014 2046 0.0189
a range +52100 +52200 2046 2014 0.0189
a range +52200 +52300 2036 2053 0.0088
a range +52200 +52300 2053 2036 0.0088
a range +52300 +52400 2032 2055 0.0431
a range +52300 +52400 2055 2032 0.0431
a range +52500 +52600 2015 2046 0.025
a range +52500 +52600 2046 2015 0.025
a range +52600 +52700 2025 2056 0.035
a range +52600 +52700 2038 2058 0.0366
a range +52600 +52700 2056 2025 0.035
a range +52600 +52700 2058 2038 0.0366
a range +52700 +52800 2007 2036 0.0231
a range +52700 +52800 2010 2045 0.0233
a range +52700 +52800 2036 2007 0.0231
a range +52700 +52800 2045 2010 0.0233
a range +52700 +52800 2048 2053 0.0396
a range +52700 +52800 2053 2048 0.0396
a range +53000 +53100 2011 2046 0.0191
a range +53000 +53100 2046 2011 0.0191
a range +53400 +53500 2001 2045 0.0374
a range +53400 +53500 2030 2061 0.0146
a range +53400 +53500 2045 2001 0.0374
a range +53400 +53500 2061 2030 0.0146
a range +53600 +53700 1002 2037 1104.2626
a range +53600 +53700 2022 2063 0.0432
a range +53600 +53700 2037 1002 1104.2626
a range +53600 +53700 2063 2022 0.0432
a range +53800 +53900 2030 2059 0.0191
a range +53800 +53900 2059 2030 0.0191
a range +53900 +54000 1003 2064 1104.06
a range +53900 +54000 2006 2046 0.0434
a range +53900 +54000 2046 2006 0.0434
a range +53900 +54000 2064 1003 1104.06
a range +54000 +54200 2019 9001 1103.8532
a range +54000 +54200 9001 2019 1103.8532
a range +54200 +54300 2011 2059 0.0433
a range +54200 +54300 2059 2011 0.0433
a range +54400 +54500 2028 2046 0.0175
a range +54400 +54500 2046 2028 0.0175
a range +54400 +54500 2059 2064 0.0404
a range +54400 +54500 2064 2059 0.0404
a range +54500 +54600 2008 2011 0.027
a range +54500 +54600 2011 2008 0.027
a range +54500 +54600 2028 2040 0.0353
a range +54500 +54600 2040 2028 0.0353
a range +54800 +54900 1003 2060 1104.0512
a range +54800 +54900 2060 1003 1104.0512
a range +55100 +55200 2027 2043 0.0104
a range +55100 +55200 2040 2042 0.0186
a range +55100 +55200 2042 2040 0.0186
a range +55100 +55200 2043 2027 0.0104
a range +55300 +55400 2027 2042 0.0159
a range +55300 +55400 2036 2047 0.0404
a range +55300 +55400 2042 2027 0.0159
a range +55300 +55400 2047 2036 0.0404
a range +55400 +55500 2008 2013 0.0404
a range +55400 +55500 2013 2008 0.0404
a range +55400 +55500 2030 2042 0.0319
a range +55400 +55500 2042 2030 0.0319
a range +55500 +55600 2002 9001 1105.0488
a range +55500 +55600 9001 2002 1105.0488
a range +55900 +56000 2003 2005 0.0186
a range +55900 +56000 2005 2003 0.0186
a range +55900 +56000 2045 2048 0.027
a range +55900 +56000 2048 2045 0.027
a range +56000 +56100 1003 2050 1104.0582
a range +56000 +56100 2002 2054 0.0431
a range +56000 +56100 2050 1003 1104.0582
a range +56000 +56100 2054 2002 0.0431
a range +56200 +56300 1004 2049 1104.742
a range +56200 +56300 2049 1004 1104.742
a range +56500 +56600 2022 2033 0.038
a range +56500 +56600 2033 2022 0.038
a range +57100 +57200 2011 2023 0.0366
a range +57100 +57200 2023 2011 0.0366
a range +57200 +57300 1001 2054 1104.5147
a range +57200 +57300 2013 2026 0.0259
a range +57200 +57300 2026 2013 0.0259
a range +57200 +57300 2054 1001 1104.5147
a range +57300 +57400 1001 2055 1104.5144
a range +57300 +57400 2014 2025 0.038
a range +57300 +57400 2025 2014 0.038
a range +57300 +57400 2055 1001 1104.5144
a range +57400 +57500 2014 2026 0.0319
a range +57400 +57500 2026 2014 0.0319
a range +57500 +57700 2005 2041 0.0374
a range +57500 +57700 2041 2005 0.0374
a range +57900 +58000 2004 2020 0.0037
a range +57900 +58000 2020 2004 0.0037
a range +58100 +58200 2022 9003 1104.4346
a range +58100 +58200 2039 2057 0.025
a range +58100 +58200 2057 2039 0.025
a range +58100 +58200 9003 2022 1104.4346
a range +58400 +58500 2016 2034 0.0362
a range +58400 +58500 2034 2016 0.0362
a range +58700 +58900 1003 9002 0.0595
a range +58700 +58900 9002 1003 0.0595
a range +59200 +59300 2005 2052 0.0432
a range +59200 +59300 2052 2005 0.0432
a range +59600 +59700 2016 2043 0.043
a range +59600 +59700 2025 2058 0.0325
a range +59600 +59700 2043 2016 0.043
a range +59600 +59700 2058 2025 0.0325
a range +59700 +59800 2007 2040 0.0323
a range +59700 +59800 2040 2007 0.0323
a range +59800 +59900 2005 2045 0.0433
a range +59800 +59900 2025 9001 1104.2941
a range +59800 +59900 2045 2005 0.0433
a range +59800 +59900 9001 2025 1104.2941
a range +60200 +60300 2062 2063 0.0095
a range +60200 +60300 2063 2062 0.0095
a range +60500 +60600 2006 2059 0.0432
a range +60500 +60600 2059 2006 0.0432
a range +60600 +60700 2014 2060 0.0432
a range +60600 +60700 2060 2014 0.0432
a range +60700 +60800 2008 2058 0.0431
a range +60700 +60800 2058 2008 0.0431
a range +60800 +60900 2025 2044 0.0282
a range +60800 +60900 2044 2025 0.0282
a range +61400 +61500 2020 2059 0.0434
a range +61400 +61500 2059 2020 0.0434
a range +61500 +61600 2003 2029 0.0431
a range +61500 +61600 2029 2003 0.0431
a range +61800 +61900 2003 2014 0.0404
a range +61800 +61900 2014 2003 0.0404
a range +62000 +62100 2046 2048 0.0186
a range +62000 +62100 2048 2046 0.0186
a range +62200 +62400 2029 2040 0.0396
a range +62200 +62400 2040 2029 0.0396
a range +62400 +62500 2022 2025 0.027
a range +62400 +62500 2023 2036 0.0259
a range +62400 +62500 2025 2022 0.027
a range +62400 +62500 2036 2023 0.0259
a range +62400 +62500 2053 9001 1105.059
a range +62400 +62500 9001 2053 1105.059
a range +63400 +63600 2036 2057 0.0395
a range +63400 +63600 2057 2036 0.0395
a range +63700 +63800 1001 2056 1104.5129
a range +63700 +63800 2056 1001 1104.5129
a range +63800 +63900 2040 2060 0.0353
a range +63800 +63900 2060 2040 0.0353
a range +64000 +64100 2003 2017 0.0231
a range +64000 +64100 2017 2003 0.0231
a range +64100 +64200 2020 2056 0.0308
a range +64100 +64200 2056 2020 0.0308
a range +64400 +64500 2022 2057 0.0369
a range +64400 +64500 2057 2022 0.0369
a range +64600 +64800 2007 2040 0.0323
a range +64600 +64800 2040 2007 0.0323
a range +64800 +64900 2028 2059 0.0149
a range +64800 +64900 2042 2058 0.0155
a range +64800 +64900 2046 2062 0.0102
a range +64800 +64900 2048 2060 0.0333
a range +64800 +64900 2058 2042 0.0155
a range +64800 +64900 2059 2028 0.0149
a range +64800 +64900 2060 2048 0.0333
a range +64800 +64900 2062 2046 0.0102
a range +65100 +65200 2008 2026 0.0251
a range +65100 +65200 2026 2008 0.0251
a range +65300 +65400 2003 2043 0.0431
a range +65300 +65400 2009 2023 0.025
a range +65300 +65400 2023 2009 0.025
a range +65300 +65400 2043 2003 0.0431
a range +65600 +65700 2026 2053 0.0431
a range +65600 +65700 2028 2062 0.0147
a range +65600 +65700 2053 2026 0.0431
a range +65600 +65700 2062 2028 0.0147
a range +65800 +65900 2013 2042 0.0233
a range +65800 +65900 2042 2013 0.0233
a range +66100 +66200 2015 2040 0.0433
a range +66100 +66200 2040 2015 0.0433
a range +66300 +66400 2029 2056 0.0431
a range +66300 +66400 2056 2029 0.0431
a range +66400 +66500 2009 2063 0.0432
a range +66400 +66500 2063 2009 0.0432
a range +66500 +66600 1002 1003 0.0837
a range +66500 +66600 1003 1002 0.0837
a range +66600 +66700 2006 2057 0.0434
a range +66600 +66700 2014 2063 0.0433
a range +66600 +66700 2057 2006 0.0434
a range +66600 +66700 2063 2014 0.0433
a range +66700 +66800 2010 2058 0.0432
a range +66700 +66800 2058 2010 0.0432
a range +66800 +66900 2032 2045 0.0281
a range +66800 +66900 2045 2032 0.0281
a range +66900 +67100 2016 2064 0.0431
a range +66900 +67100 2064 2016 0.0431
a range +67100 +67200 2028 2033 0.0395
a range +67100 +67200 2033 2028 0.0395
a range +68300 +68400 2011 2063 0.0434
a range +68300 +68400 2063 2011 0.0434
a range +68400 +68500 2009 2012 0.027
a range +68400 +68500 2012 2009 0.027
a range +68700 +68800 2011 2014 0.027
a range +68700 +68800 2014 2011 0.027
a range +69300 +69500 2006 2023 0.0157
a range +69300 +69500 2023 2006 0.0157
a range +69600 +69700 1003 2062 1104.963
a range +69600 +69700 2062 1003 1104.963
a range +69800 +69900 2024 2050 0.043
a range +69800 +69900 2050 2024 0.043
a range +70000 +70100 2045 2059 0.0176
a range +70000 +70100 2059 2045 0.0176
a range +70100 +70200 2009 2042 0.0325
a range +70100 +70200 2042 2009 0.0325
a range +70200 +70300 2048 2059 0.038
a range +70200 +70300 2059 2048 0.038
a range +70500 +70700 2047 2058 0.0373
a range +70500 +70700 2058 2047 0.0373
a range +70700 +70800 2012 2047 0.0231
a range +70700 +70800 2047 2012 0.0231
a range +71000 +71100 2015 2044 0.0231
a range +71000 +71100 2044 2015 0.0231
a range +71100 +71200 2045 2056 0.0396
a range +71100 +71200 2056 2045 0.0396
a range +71200 +71300 2006 2040 0.0313
a range +71200 +71300 2040 2006 0.0313
a range +71500 +71600 1001 1004 0.0837
a range +71500 +71600 1004 1001 0.0837
a range +71900 +72000 2006 2042 0.0415
a range +71900 +72000 2024 2056 0.0336
a range +71900 +72000 2042 2006 0.0415
a range +71900 +72000 2056 2024 0.0336
a range +72100 +72200 1001 1004 0.0837
a range +72100 +72200 1004 1001 0.0837
a range +72100 +72200 2006 2025 0.0302
a range +72100 +72200 2018 2044 0.0431
a range +72100 +72200 2025 2006 0.0302
a range +72100 +72200 2044 2018 0.0431
a range +72300 +72400 2016 2038 0.0432
a range +72300 +72400 2038 2016 0.0432
a range +72400 +72500 2029 2055 0.0433
a range +72400 +72500 2055 2029 0.0433
a range +72600 +72700 2023 2024 0.0095
a range +72600 +72700 2024 2023 0.0095
a range +73200 +73300 2024 2035 0.038
a range +73200 +73300 2030 2053 0.0431
a range +73200 +73300 2035 2024 0.038
a range +73200 +73300 2053 2030 0.0431
a range +73300 +73400 2011 2057 0.0433
a range +73300 +73400 2057 2011 0.0433
a range +73400 +73500 2005 2010 0.0404
a range +73400 +73500 2010 2005 0.0404
a range +73700 +73800 2013 2053 0.0435
a range +73700 +73800 2053 2013 0.0435
a range +73800 +73900 2011 2054 0.043
a range +73800 +73900 2054 2011 0.043
a range +74000 +74200 2059 2062 0.027
a range +74000 +74200 2062 2059 0.027
a range +74300 +74400 2040 2043 0.027
a range +74300 +74400 2043 2040 0.027
a range +74500 +74600 2001 2028 0.0395
a range +74500 +74600 2028 2001 0.0395
a range +74700 +74800 1003 2028 1104.9463
a range +74700 +74800 2008 2010 0.0186
a range +74700 +74800 2010 2008 0.0186
a range +74700 +74800 2028 1003 1104.9463
a range +74900 +75000 2022 2034 0.0319
a range +74900 +75000 2034 2022 0.0319
a range +75000 +75100 2044 2046 0.0186
a range +75000 +75100 2046 2044 0.0186
a range +75200 +75400 1004 2021 1104.7355
a range +75200 +75400 2021 1004 1104.7355
a range +75900 +76000 2018 2052 0.0233
a range +75900 +76000 2030 2057 0.043
a range +75900 +76000 2052 2018 0.0233
a range +75900 +76000 2057 2030 0.043
a range +76000 +76100 2028 2064 0.0308
a range +76000 +76100 2064 2028 0.0308
a range +76300 +76400 1002 2010 1105.1221
a range +76300 +76400 2010 1002 1105.1221
a range +76300 +76400 2046 2062 0.0102
a range +76300 +76400 2062 2046 0.0102
a range +76600 +76700 2037 2058 0.041
a range +76600 +76700 2045 2059 0.0176
a range +76600 +76700 2058 2037 0.041
a range +76600 +76700 2059 2045 0.0176
a range +76700 +76800 1003 2005 1104.9466
a range +76700 +76800 2005 1003 1104.9466
a range +76700 +76800 2031 2054 0.0433
a range +76700 +76800 2054 2031 0.0433
a range +77000 +77100 2005 2048 0.043
a range +77000 +77100 2048 2005 0.043
a range +77200 +77300 2013 2042 0.0233
a range +77200 +77300 2042 2013 0.0233
a range +77400 +77500 2044 2064 0.0333
a range +77400 +77500 2064 2044 0.0333
a range +77500 +77700 2042 2056 0.0251
a range +77500 +77700 2056 2042 0.0251
a range +77900 +78000 2041 2058 0.0193
a range +77900 +78000 2058 2041 0.0193
a range +78000 +78100 2039 2055 0.0154
a range +78000 +78100 2055 2039 0.0154
a range +78200 +78300 1003 2012 1104.9669
a range +78200 +78300 2005 2037 0.0065
a range +78200 +78300 2012 1003 1104.9669
a range +78200 +78300 2029 2061 0.0065
a range +78200 +78300 2037 2005 0.0065
a range +78200 +78300 2061 2029 0.0065
a range +78300 +78400 2017 2044 0.0395
a range +78300 +78400 2044 2017 0.0395
a range +78400 +78500 2009 2028 0.0282
a range +78400 +78500 2028 2009 0.0282
a range +78600 +78700 2027 9002 1104.941
a range +78600 +78700 9002 2027 1104.941
a range +79200 +79300 2040 9002 1105.0863
a range +79200 +79300 9002 2040 1105.0863
a range +79300 +79400 2023 9001 1105.0764
a range +79300 +79400 9001 2023 1105.0764
a range +79500 +79600 2013 2058 0.0432
a range +79500 +79600 2033 2046 0.027
a range +79500 +79600 2046 2033 0.027
a range +79500 +79600 2058 2013 0.0432
a range +79700 +79800 2005 2016 0.0404
a range +79700 +79800 2016 2005 0.0404
a range +79800 +79900 2021 2026 0.0404
a range +79800 +79900 2026 2021 0.0404
a range +79900 +80100 2049 2052 0.027
a range +79900 +80100 2052 2049 0.027
a range +80100 +80200 2004 9001 1105.0553
a range +80100 +80200 2022 2039 0.0157
a range +80100 +80200 2039 2022 0.0157
a range +80100 +80200 9001 2004 1105.0553
a range +80200 +80300 2022 2033 0.038
a range +80200 +80300 2033 2022 0.038
a range +80200 +80300 2036 2048 0.0343
a range +80200 +80300 2048 2036 0.0343
a range +80300 +80400 2058 2063 0.0404
a range +80300 +80400 2063 2058 0.0404
a range +80600 +80700 1003 2041 1104.9628
a range +80600 +80700 2041 1003 1104.9628
a range +80900 +81000 2002 2052 0.0431
a range +80900 +81000 2052 2002 0.0431
a range +81100 +81200 2023 2043 0.0366
a range +81100 +81200 2043 2023 0.0366
a range +81200 +81300 2006 2009 0.027
a range +81200 +81300 2009 2006 0.027
a range +81200 +81300 2032 2033 0.0205
a range +81200 +81300 2033 2032 0.0205
a range +81400 +81500 2002 2043 0.0414
a range +81400 +81500 2043 2002 0.0414
a range +81400 +81500 2057 2058 0.0095
a range +81400 +81500 2058 2057 0.0095
a range +82000 +82100 2011 2029 0.0176
a range +82000 +82100 2029 2011 0.0176
a range +82100 +82200 2011 2032 0.038
a range +82100 +82200 2032 2011 0.038
a range +82200 +82300 2006 2052 0.0111
a range +82200 +82300 2052 2006 0.0111
a range +82400 +82500 1002 2005 1105.1152
a range +82400 +82500 2005 1002 1105.1152
a range +82400 +82500 2010 2021 0.041
a range +82400 +82500 2021 2010 0.041
a range +82400 +82500 2030 2035 0.0417
a range +82400 +82500 2035 2030 0.0417
a range +82900 +83000 2008 2027 0.0303
a range +82900 +83000 2013 2024 0.0396
a range +82900 +83000 2024 2013 0.0396
a range +82900 +83000 2027 2008 0.0303
a range +82900 +83000 2042 2053 0.041
a range +82900 +83000 2053 2042 0.041
a range +83200 +83300 2007 2043 0.0416
a range +83200 +83300 2022 2060 0.0433
a range +83200 +83300 2043 2007 0.0416
a range +83200 +83300 2060 2022 0.0433
a range +83300 +83400 2008 2049 0.0182
a range +83300 +83400 2028 2054 0.0433
a range +83300 +83400 2049 2008 0.0182
a range +83300 +83400 2054 2028 0.0433
a range +83400 +83600 1003 9003 0.0435
a range +83400 +83600 2011 2030 0.0249
a range +83400 +83600 2030 2011 0.0249
a range +83400 +83600 9003 1003 0.0435
a range +83600 +83700 2005 2040 0.0308
a range +83600 +83700 2040 2005 0.0308
a range +83900 +84000 2047 9001 1105.0395
a range +83900 +84000 9001 2047 1105.0395
a range +84100 +84200 2027 2061 0.0148
a range +84100 +84200 2030 2058 0.0252
a range +84100 +84200 2058 2030 0.0252
a range +84100 +84200 2061 2027 0.0148
a range +84300 +84400 2011 2038 0.0432
a range +84300 +84400 2038 2011 0.0432
a range +84500 +84600 2016 2040 0.035
a range +84500 +84600 2025 2063 0.0325
a range +84500 +84600 2040 2016 0.035
a range +84500 +84600 2063 2025 0.0325
a range +84800 +84900 2005 2032 0.0396
a range +84800 +84900 2032 2005 0.0396
a range +85500 +85600 2032 2048 0.0182
a range +85500 +85600 2048 2032 0.0182
a range +85600 +85700 1004 2049 1105.0197
a range +85600 +85700 2012 2057 0.0335
a range +85600 +85700 2016 2061 0.0332
a range +85600 +85700 2049 1004 1105.0197
a range +85600 +85700 2057 2012 0.0335
a range +85600 +85700 2061 2016 0.0332
a range +85700 +85800 2017 2018 0.0095
a range +85700 +85800 2018 2017 0.0095
a range +86100 +86200 2032 2044 0.0333
a range +86100 +86200 2036 2048 0.0343
a range +86100 +86200 2044 2032 0.0333
a range +86100 +86200 2048 2036 0.0343
a range +86300 +86400 2004 9001 1105.0553
a range +86300 +86400 9001 2004 1105.0553
