a contact +600 +1200 1001 2004 1000
a contact +600 +1200 2004 1001 1000
a contact +1800 +2400 1001 2006 1000
a contact +1800 +2400 2006 1001 1000
a contact +3200 +3600 1001 2008 1000
a contact +3200 +3600 2008 1001 1000
a contact +4200 +4300 2004 2006 1000
a contact +4200 +4300 2006 2004 1000
a contact +4300 +4900 2003 2006 1000
a contact +4300 +4900 2006 2003 1000
a contact +4900 +5500 2004 2006 1000
a contact +4900 +5500 2006 2004 1000
a contact +12600 +13600 2001 2005 1000
a contact +12600 +13600 2005 2001 1000
a contact +22000 +22400 1001 9002 1000
a contact +22000 +22400 2004 2008 1000
a contact +22000 +22400 2008 2004 1000
a contact +22000 +22400 9002 1001 1000
a contact +22600 +23200 1001 9002 1000
a contact +22600 +23200 2003 2008 1000
a contact +22600 +23200 2008 2003 1000
a contact +22600 +23200 9002 1001 1000
a contact +23200 +23800 2002 2008 1000
a contact +23200 +23800 2008 2002 1000
a contact +23800 +24000 1001 9002 1000
a contact +23800 +24000 9002 1001 1000
a contact +24000 +24600 1001 2007 1000
a contact +24000 +24600 2007 1001 1000
a contact +25200 +25800 1001 2007 1000
a contact +25200 +25800 2007 1001 1000
a contact +26400 +26800 1001 2007 1000
a contact +26400 +26800 2001 2008 1000
a contact +26400 +26800 2007 1001 1000
a contact +26400 +26800 2008 2001 1000
a contact +27200 +27300 1001 2007 1000
a contact +27200 +27300 2007 1001 1000
a contact +27900 +28500 1001 2007 1000
a contact +27900 +28500 2007 1001 1000
a contact +29100 +29700 1001 2007 1000
a contact +29100 +29700 2007 1001 1000
a contact +30300 +30900 1001 2007 1000
a contact +30300 +30900 2001 2008 1000
a contact +30300 +30900 2007 1001 1000
a contact +30300 +30900 2008 2001 1000
a contact +31500 +32500 1001 2007 1000
a contact +31500 +32500 2007 1001 1000
a contact +36200 +36600 1001 9002 1000
a contact +36000 +36600 2003 2007 1000
a contact +36000 +36600 2007 2003 1000
a contact +36200 +36600 9002 1001 1000
a contact +37200 +37800 1001 9002 1000
a contact +37200 +37800 9002 1001 1000
a contact +37800 +38100 2002 2005 1000
a contact +37800 +38100 2003 2006 1000
a contact +37800 +38100 2005 2002 1000
a contact +37800 +38100 2006 2003 1000
a contact +38100 +39000 2004 2007 1000
a contact +38400 +39000 2005 2008 1000
a contact +38100 +39000 2007 2004 1000
a contact +38400 +39000 2008 2005 1000
a contact +39500 +39700 2002 2007 1000
a contact +39500 +39700 2007 2002 1000
a contact +40900 +41300 2002 2006 1000
a contact +40900 +41300 2003 2007 1000
a contact +40900 +41300 2006 2002 1000
a contact +40900 +41300 2007 2003 1000
a contact +42500 +43100 2001 9001 1000
a contact +42500 +43100 9001 2001 1000
a contact +43100 +43700 2001 2004 1000
a contact +43100 +43700 2004 2001 1000
a contact +47600 +48200 2001 9001 1000
a contact +47600 +48200 9001 2001 1000
a contact +51400 +52000 2001 2006 1000
a contact +51400 +52000 2006 2001 1000
a contact +52600 +52900 2002 2005 1000
a contact +52600 +52900 2003 2006 1000
a contact +52600 +52900 2005 2002 1000
a contact +52600 +52900 2006 2003 1000
a contact +57700 +58300 2002 2007 1000
a contact +57700 +58300 2005 9002 1000
a contact +57700 +58300 2007 2002 1000
a contact +57700 +58300 9002 2005 1000
a contact +58300 +58900 2004 2007 1000
a contact +58300 +58900 2007 2004 1000
a contact +59500 +59800 1001 2004 1000
a contact +59500 +59800 2004 1001 1000
a contact +59800 +60200 2002 9002 1000
a contact +59800 +60200 9002 2002 1000
a contact +60800 +61400 2006 9001 1000
a contact +60800 +61400 9001 2006 1000
a contact +61400 +62000 2001 2005 1000
a contact +61400 +62000 2005 2001 1000
a contact +63800 +64400 2001 9001 1000
a contact +63800 +64400 9001 2001 1000
a contact +64900 +65500 2005 9001 1000
a contact +64900 +65500 9001 2005 1000
a contact +66700 +67300 1001 2006 1000
a contact +66700 +67300 2001 2007 1000
a contact +66700 +67300 2006 1001 1000
a contact +66700 +67300 2007 2001 1000
a contact +67900 +68500 2002 9002 1000
a contact +67900 +68500 9002 2002 1000
a contact +68500 +69100 2008 9002 1000
a contact +68500 +69100 9002 2008 1000
a contact +71400 +71900 2003 9002 1000
a contact +71400 +71900 9002 2003 1000
a contact +71900 +72500 2004 2007 1000
a contact +71900 +72500 2007 2004 1000
a contact +72500 +73100 2008 9002 1000
a contact +72500 +73100 9002 2008 1000
a contact +76400 +77000 2005 9002 1000
a contact +76400 +77000 9002 2005 1000
a contact +77000 +77600 2004 2006 1000
a contact +77000 +77600 2006 2004 1000
a contact +79000 +79600 2004 9001 1000
a contact +79000 +79600 9001 2004 1000
a contact +81400 +81600 2001 9002 1000
a contact +81400 +81600 2003 2006 1000
a contact +81400 +81600 2006 2003 1000
a contact +81400 +81600 9002 2001 1000
a contact +81600 +82200 2001 2004 1000
a contact +81600 +82200 2004 2001 1000
a contact +82500 +83100 2001 2005 1000
a contact +82500 +83100 2005 2001 1000
a contact +83300 +83700 2005 2008 1000
a contact +83300 +83700 2008 2005 1000
a contact +86100 +86400 1001 2002 1000
a contact +86100 +86400 2002 1001 1000

a range +600 +1200 1001 2004 1101.9503
a range +600 +1200 2004 1001 1101.9503
a range +1800 +2400 1001 2006 1101.9504
a range +1800 +2400 2006 1001 1101.9504
a range +3200 +3600 1001 2008 1101.9452
a range +3200 +3600 2008 1001 1101.9452
a range +4200 +4300 2004 2006 0.0337
a range +4200 +4300 2006 2004 0.0337
a range +4300 +4900 2003 2006 0.0374
a range +4300 +4900 2006 2003 0.0374
a range +4900 +5500 2004 2006 0.0337
a range +4900 +5500 2006 2004 0.0337
a range +12600 +13600 2001 2005 0.0431
a range +12600 +13600 2005 2001 0.0431
a range +22000 +22400 1001 9002 0.0465
a range +22000 +22400 2004 2008 0.043
a range +22000 +22400 2008 2004 0.043
a range +22000 +22400 9002 1001 0.0465
a range +22600 +23200 1001 9002 0.0465
a range +22600 +23200 2003 2008 0.031
a range +22600 +23200 2008 2003 0.031
a range +22600 +23200 9002 1001 0.0465
a range +23200 +23800 2002 2008 0.0337
a range +23200 +23800 2008 2002 0.0337
a range +23800 +24000 1001 9002 0.0465
a range +23800 +24000 9002 1001 0.0465
a range +24000 +24600 1001 2007 1103.26
a range +24000 +24600 2007 1001 1103.26
a range +25200 +25800 1001 2007 1103.26
a range +25200 +25800 2007 1001 1103.26
a range +26400 +26800 1001 2007 1103.26
a range +26400 +26800 2001 2008 0.0374
a range +26400 +26800 2007 1001 1103.26
a range +26400 +26800 2008 2001 0.0374
a range +27200 +27300 1001 2007 1103.26
a range +27200 +27300 2007 1001 1103.26
a range +27900 +28500 1001 2007 1103.26
a range +27900 +28500 2007 1001 1103.26
a range +29100 +29700 1001 2007 1103.26
a range +29100 +29700 2007 1001 1103.26
a range +30300 +30900 1001 2007 1103.26
a range +30300 +30900 2001 2008 0.0374
a range +30300 +30900 2007 1001 1103.26
a range +30300 +30900 2008 2001 0.0374
a range +31500 +32500 1001 2007 1103.26
a range +31500 +32500 2007 1001 1103.26
a range +36200 +36600 1001 9002 0.0463
a range +36000 +36600 2003 2007 0.0433
a range +36000 +36600 2007 2003 0.0433
a range +36200 +36600 9002 1001 0.0463
a range +37200 +37800 1001 9002 0.0463
a range +37200 +37800 9002 1001 0.0463
a range +37800 +38100 2002 2005 0.031
a range +37800 +38100 2003 2006 0.0374
a range +37800 +38100 2005 2002 0.031
a range +37800 +38100 2006 2003 0.0374
a range +38100 +39000 2004 2007 0.031
a range +38400 +39000 2005 2008 0.0343
a range +38100 +39000 2007 2004 0.031
a range +38400 +39000 2008 2005 0.0343
a range +39500 +39700 2002 2007 0.0374
a range +39500 +39700 2007 2002 0.0374
a range +40900 +41300 2002 2006 0.0432
a range +40900 +41300 2003 2007 0.0431
a range +40900 +41300 2006 2002 0.0432
a range +40900 +41300 2007 2003 0.0431
a range +42500 +43100 2001 9001 1105.0594
a range +42500 +43100 9001 2001 1105.0594
a range +43100 +43700 2001 2004 0.0343
a range +43100 +43700 2004 2001 0.0343
a range +47600 +48200 2001 9001 1105.0594
a range +47600 +48200 9001 2001 1105.0594
a range +51400 +52000 2001 2006 0.031
a range +51400 +52000 2006 2001 0.031
a range +52600 +52900 2002 2005 0.031
a range +52600 +52900 2003 2006 0.0374
a range +52600 +52900 2005 2002 0.031
a range +52600 +52900 2006 2003 0.0374
a range +57700 +58300 2002 2007 0.0374
a range +57700 +58300 2005 9002 1105.0688
a range +57700 +58300 2007 2002 0.0374
a range +57700 +58300 9002 2005 1105.0688
a range +58300 +58900 2004 2007 0.031
a range +58300 +58900 2007 2004 0.031
a range +59500 +59800 1001 2004 1104.5436
a range +59500 +59800 2004 1001 1104.5436
a range +59800 +60200 2002 9002 1105.0423
a range +59800 +60200 9002 2002 1105.0423
a range +60800 +61400 2006 9001 1105.0857
a range +60800 +61400 9001 2006 1105.0857
a range +61400 +62000 2001 2005 0.0433
a range +61400 +62000 2005 2001 0.0433
a range +63800 +64400 2001 9001 1105.0594
a range +63800 +64400 9001 2001 1105.0594
a range +64900 +65500 2005 9001 1105.0856
a range +64900 +65500 9001 2005 1105.0856
a range +66700 +67300 1001 2006 1104.5436
a range +66700 +67300 2001 2007 0.0065
a range +66700 +67300 2006 1001 1104.5436
a range +66700 +67300 2007 2001 0.0065
a range +67900 +68500 2002 9002 1105.0423
a range +67900 +68500 9002 2002 1105.0423
a range +68500 +69100 2008 9002 1105.0425
a range +68500 +69100 9002 2008 1105.0425
a range +71400 +71900 2003 9002 1105.0688
a range +71400 +71900 9002 2003 1105.0688
a range +71900 +72500 2004 2007 0.031
a range +71900 +72500 2007 2004 0.031
a range +72500 +73100 2008 9002 1105.0425
a range +72500 +73100 9002 2008 1105.0425
a range +76400 +77000 2005 9002 1105.0688
a range +76400 +77000 9002 2005 1105.0688
a range +77000 +77600 2004 2006 0.0337
a range +77000 +77600 2006 2004 0.0337
a range +79000 +79600 2004 9001 1105.0859
a range +79000 +79600 9001 2004 1105.0859
a range +81400 +81600 2001 9002 1105.0426
a range +81400 +81600 2003 2006 0.0374
a range +81400 +81600 2006 2003 0.0374
a range +81400 +81600 9002 2001 1105.0426
a range +81600 +82200 2001 2004 0.0343
a range +81600 +82200 2004 2001 0.0343
a range +82500 +83100 2001 2005 0.0431
a range +82500 +83100 2005 2001 0.0431
a range +83300 +83700 2005 2008 0.0343
a range +83300 +83700 2008 2005 0.0343
a range +86100 +86400 1001 2002 1105.0746
a range +86100 +86400 2002 1001 1105.0746
