a contact +1800 +2400 8 28 50000000
a contact +3000 +3600 9 30 50000000
a contact +3000 +3600 10 27 50000000
a contact +3000 +3600 17 4 50000000
a contact +3600 +4200 21 4 50000000
a contact +7200 +7800 20 5 50000000
a contact +9600 +10200 17 5 50000000
a contact +10200 +10800 16 3 50000000
a contact +15000 +15600 7 31 50000000
a contact +16200 +16800 23 5 50000000
a contact +18000 +18600 14 4 50000000
a contact +19200 +19800 20 2 50000000
a contact +19200 +19800 21 6 50000000
a contact +22200 +22800 18 2 50000000
a contact +25800 +26400 24 4 50000000
a contact +28200 +28800 24 6 50000000
a contact +28200 +28800 26 4 50000000
a contact +29400 +30000 26 4 50000000
a contact +30000 +30600 14 4 50000000
a contact +34800 +35400 17 3 50000000
a contact +36000 +36600 16 4 50000000
a contact +36600 +37200 17 2 50000000
a contact +40800 +41400 20 5 50000000
a contact +41400 +42000 26 5 50000000
a contact +43800 +44400 25 6 50000000
a contact +45000 +45600 25 2 50000000
a contact +45600 +46200 20 6 50000000
a contact +47400 +48000 18 5 50000000
a contact +50400 +51000 13 2 50000000
a contact +52200 +52800 24 2 50000000
a contact +52800 +53400 8 30 50000000
a contact +52800 +53400 22 2 50000000
a contact +53400 +54000 25 5 50000000
a contact +53400 +54000 26 4 50000000
a contact +54600 +55200 14 2 50000000
a contact +55200 +55800 11 30 50000000
a contact +55800 +56400 1 32 1200000000
a contact +58200 +58800 14 6 50000000
a contact +58800 +59400 13 3 50000000
a contact +60000 +60600 17 6 50000000
a contact +60600 +61200 13 6 50000000
a contact +61200 +61800 17 6 50000000
a contact +61800 +62400 13 6 50000000
a contact +62400 +63000 17 6 50000000
a contact +63000 +63600 13 6 50000000
a contact +64200 +64800 15 5 50000000
a contact +67200 +67800 14 4 50000000
a contact +67800 +68400 14 4 50000000
a contact +69000 +69600 14 3 50000000
a contact +70200 +70800 23 4 50000000
a contact +70800 +71400 19 5 50000000
a contact +70800 +71400 23 1 50000000
a contact +70800 +71400 24 4 50000000
a contact +70800 +71400 26 3 50000000
a contact +71400 +72000 26 6 50000000
a contact +72600 +73200 24 3 50000000
a contact +74400 +75000 16 4 50000000
a contact +77400 +78000 5 32 1200000000
a contact +81000 +81600 23 6 50000000
a contact +79800 +82200 11 28 50000000
a contact +82200 +82800 23 6 50000000
a contact +82800 +83400 11 28 50000000
a contact +83400 +84000 23 6 50000000
a contact +84600 +85200 19 5 50000000
a contact +85200 +85800 23 6 50000000
a contact +1800 +85800 27 33 100000000000
a contact +1800 +85800 33 27 100000000000
a contact +1800 +85800 28 33 100000000000
a contact +1800 +85800 33 28 100000000000
a contact +1800 +85800 29 33 100000000000
a contact +1800 +85800 33 29 100000000000
a contact +1800 +85800 30 33 100000000000
a contact +1800 +85800 33 30 100000000000
a contact +1800 +85800 31 33 100000000000
a contact +1800 +85800 33 31 100000000000
a contact +1800 +85800 32 33 100000000000
a contact +1800 +85800 33 32 100000000000

a range +1800 +2400 8 28 1103.3989
a range +3000 +3600 9 30 1102.3564
a range +3000 +3600 10 27 1102.353
a range +3000 +3600 17 4 0.0543
a range +3600 +4200 21 4 0.0543
a range +7200 +7800 20 5 0.0543
a range +9600 +10200 17 5 0.0543
a range +10200 +10800 16 3 0.0542
a range +15000 +15600 7 31 1103.3938
a range +16200 +16800 23 5 0.0549
a range +18000 +18600 14 4 0.0542
a range +19200 +19800 20 2 0.0547
a range +19200 +19800 21 6 0.0541
a range +22200 +22800 18 2 0.0551
a range +25800 +26400 24 4 0.0541
a range +28200 +28800 24 6 0.0551
a range +28200 +28800 26 4 0.0541
a range +29400 +30000 26 4 0.0541
a range +30000 +30600 14 4 0.0542
a range +34800 +35400 17 3 0.0552
a range +36000 +36600 16 4 0.0435
a range +36600 +37200 17 2 0.0544
a range +40800 +41400 20 5 0.0541
a range +41400 +42000 26 5 0.0555
a range +43800 +44400 25 6 0.0442
a range +45000 +45600 25 2 0.0546
a range +45600 +46200 20 6 0.0543
a range +47400 +48000 18 5 0.0548
a range +50400 +51000 13 2 0.0545
a range +52200 +52800 24 2 0.0555
a range +52800 +53400 8 30 1105.0648
a range +52800 +53400 22 2 0.0546
a range +53400 +54000 25 5 0.0548
a range +53400 +54000 26 4 0.0556
a range +54600 +55200 14 2 0.0521
a range +55200 +55800 11 30 1105.0568
a range +55800 +56400 1 32 1103.9292
a range +58200 +58800 14 6 0.0543
a range +58800 +59400 13 3 0.0554
a range +60000 +60600 17 6 0.0542
a range +60600 +61200 13 6 0.0552
a range +61200 +61800 17 6 0.0542
a range +61800 +62400 13 6 0.0552
a range +62400 +63000 17 6 0.0542
a range +63000 +63600 13 6 0.0552
a range +64200 +64800 15 5 0.017
a range +67200 +67800 14 4 0.0286
a range +67800 +68400 14 4 0.0286
a range +69000 +69600 14 3 0.0424
a range +70200 +70800 23 4 0.0333
a range +70800 +71400 19 5 0.0351
a range +70800 +71400 23 1 0.0545
a range +70800 +71400 24 4 0.0547
a range +70800 +71400 26 3 0.0409
a range +71400 +72000 26 6 0.0552
a range +72600 +73200 24 3 0.0541
a range +74400 +75000 16 4 0.0435
a range +77400 +78000 5 32 1104.7526
a range +81000 +81600 23 6 0.0396
a range +79800 +82200 11 28 1105.0641
a range +82200 +82800 23 6 0.0396
a range +82800 +83400 11 28 1105.0641
a range +83400 +84000 23 6 0.0396
a range +84600 +85200 19 5 0.0351
a range +85200 +85800 23 6 0.0396
a range +1800 +85800 27 33 0.0
a range +1800 +85800 33 27 0.0
a range +1800 +85800 28 33 0.0
a range +1800 +85800 33 28 0.0
a range +1800 +85800 29 33 0.0
a range +1800 +85800 33 29 0.0
a range +1800 +85800 30 33 0.0
a range +1800 +85800 33 30 0.0
a range +1800 +85800 31 33 0.0
a range +1800 +85800 33 31 0.0
a range +1800 +85800 32 33 0.0
a range +1800 +85800 33 32 0.0
