a contact +1800 +2400 2002 9002 50
a contact +3000 +3600 2003 9004 50
a contact +3000 +3600 2004 9001 50
a contact +3000 +3600 2011 1004 50
a contact +3600 +4200 2015 1004 50
a contact +7200 +7800 2014 1005 50
a contact +9600 +10200 2011 1005 50
a contact +10200 +10800 2010 1003 50
a contact +15000 +15600 2001 9005 50
a contact +16200 +16800 2017 1005 50
a contact +18000 +18600 2008 1004 50
a contact +19200 +19800 2014 1002 50
a contact +19200 +19800 2015 1006 50
a contact +22200 +22800 2012 1002 50
a contact +25800 +26400 2018 1004 50
a contact +28200 +28800 2018 1006 50
a contact +28200 +28800 2020 1004 50
a contact +29400 +30000 2020 1004 50
a contact +30000 +30600 2008 1004 50
a contact +34800 +35400 2011 1003 50
a contact +36000 +36600 2010 1004 50
a contact +36600 +37200 2011 1002 50
a contact +40800 +41400 2014 1005 50
a contact +41400 +42000 2020 1005 50
a contact +43800 +44400 2019 1006 50
a contact +45000 +45600 2019 1002 50
a contact +45600 +46200 2014 1006 50
a contact +47400 +48000 2012 1005 50
a contact +50400 +51000 2007 1002 50
a contact +52200 +52800 2018 1002 50
a contact +52800 +53400 2002 9004 50
a contact +52800 +53400 2016 1002 50
a contact +53400 +54000 2019 1005 50
a contact +53400 +54000 2020 1004 50
a contact +54600 +55200 2008 1002 50
a contact +55200 +55800 2005 9004 50
a contact +55800 +56400 1001 9006 1200
a contact +58200 +58800 2008 1006 50
a contact +58800 +59400 2007 1003 50
a contact +60000 +60600 2011 1006 50
a contact +60600 +61200 2007 1006 50
a contact +61200 +61800 2011 1006 50
a contact +61800 +62400 2007 1006 50
a contact +62400 +63000 2011 1006 50
a contact +63000 +63600 2007 1006 50
a contact +64200 +64800 2009 1005 50
a contact +67200 +67800 2008 1004 50
a contact +67800 +68400 2008 1004 50
a contact +69000 +69600 2008 1003 50
a contact +70200 +70800 2017 1004 50
a contact +70800 +71400 2013 1005 50
a contact +70800 +71400 2017 1001 50
a contact +70800 +71400 2018 1004 50
a contact +70800 +71400 2020 1003 50
a contact +71400 +72000 2020 1006 50
a contact +72600 +73200 2018 1003 50
a contact +74400 +75000 2010 1004 50
a contact +77400 +78000 1005 9006 1200
a contact +81000 +81600 2017 1006 50
a contact +79800 +82200 2005 9002 50
a contact +82200 +82800 2017 1006 50
a contact +82800 +83400 2005 9002 50
a contact +83400 +84000 2017 1006 50
a contact +84600 +85200 2013 1005 50
a contact +85200 +85800 2017 1006 50

a range +1800 +2400 2002 9002 1103.3989
a range +3000 +3600 2003 9004 1102.3564
a range +3000 +3600 2004 9001 1102.353
a range +3000 +3600 2011 1004 0.0543
a range +3600 +4200 2015 1004 0.0543
a range +7200 +7800 2014 1005 0.0543
a range +9600 +10200 2011 1005 0.0543
a range +10200 +10800 2010 1003 0.0542
a range +15000 +15600 2001 9005 1103.3938
a range +16200 +16800 2017 1005 0.0549
a range +18000 +18600 2008 1004 0.0542
a range +19200 +19800 2014 1002 0.0547
a range +19200 +19800 2015 1006 0.0541
a range +22200 +22800 2012 1002 0.0551
a range +25800 +26400 2018 1004 0.0541
a range +28200 +28800 2018 1006 0.0551
a range +28200 +28800 2020 1004 0.0541
a range +29400 +30000 2020 1004 0.0541
a range +30000 +30600 2008 1004 0.0542
a range +34800 +35400 2011 1003 0.0552
a range +36000 +36600 2010 1004 0.0435
a range +36600 +37200 2011 1002 0.0544
a range +40800 +41400 2014 1005 0.0541
a range +41400 +42000 2020 1005 0.0555
a range +43800 +44400 2019 1006 0.0442
a range +45000 +45600 2019 1002 0.0546
a range +45600 +46200 2014 1006 0.0543
a range +47400 +48000 2012 1005 0.0548
a range +50400 +51000 2007 1002 0.0545
a range +52200 +52800 2018 1002 0.0555
a range +52800 +53400 2002 9004 1105.0648
a range +52800 +53400 2016 1002 0.0546
a range +53400 +54000 2019 1005 0.0548
a range +53400 +54000 2020 1004 0.0556
a range +54600 +55200 2008 1002 0.0521
a range +55200 +55800 2005 9004 1105.0568
a range +55800 +56400 1001 9006 1103.9292
a range +58200 +58800 2008 1006 0.0543
a range +58800 +59400 2007 1003 0.0554
a range +60000 +60600 2011 1006 0.0542
a range +60600 +61200 2007 1006 0.0552
a range +61200 +61800 2011 1006 0.0542
a range +61800 +62400 2007 1006 0.0552
a range +62400 +63000 2011 1006 0.0542
a range +63000 +63600 2007 1006 0.0552
a range +64200 +64800 2009 1005 0.017
a range +67200 +67800 2008 1004 0.0286
a range +67800 +68400 2008 1004 0.0286
a range +69000 +69600 2008 1003 0.0424
a range +70200 +70800 2017 1004 0.0333
a range +70800 +71400 2013 1005 0.0351
a range +70800 +71400 2017 1001 0.0545
a range +70800 +71400 2018 1004 0.0547
a range +70800 +71400 2020 1003 0.0409
a range +71400 +72000 2020 1006 0.0552
a range +72600 +73200 2018 1003 0.0541
a range +74400 +75000 2010 1004 0.0435
a range +77400 +78000 1005 9006 1104.7526
a range +81000 +81600 2017 1006 0.0396
a range +79800 +82200 2005 9002 1105.0641
a range +82200 +82800 2017 1006 0.0396
a range +82800 +83400 2005 9002 1105.0641
a range +83400 +84000 2017 1006 0.0396
a range +84600 +85200 2013 1005 0.0351
a range +85200 +85800 2017 1006 0.0396
