a contact +400 +500 2004 2024 1000
a contact +400 +500 2014 2015 1000
a contact +400 +500 2015 2014 1000
a contact +400 +500 2024 2004 1000
a contact +500 +600 2014 2020 1000
a contact +500 +600 2020 2014 1000
a contact +800 +1000 2002 2007 1000
a contact +800 +1000 2007 2002 1000
a contact +1000 +1500 2001 2008 1000
a contact +1000 +1500 2008 2001 1000
a contact +1000 +1500 2012 9001 1000
a contact +1000 +1500 9001 2012 1000
a contact +1500 +1600 2005 9002 1000
a contact +1500 +1600 2006 9001 1000
a contact +1500 +1600 9001 2006 1000
a contact +1500 +1600 9002 2005 1000
a contact +1900 +2100 2004 2022 1000
a contact +1900 +2100 2006 2024 1000
a contact +1900 +2100 2022 2004 1000
a contact +1900 +2100 2024 2006 1000
a contact +2100 +2400 2001 2009 1000
a contact +2100 +2400 2009 2001 1000
a contact +2500 +2700 2005 2021 1000
a contact +2500 +2700 2010 2016 1000
a contact +2500 +2700 2016 2010 1000
a contact +2500 +2700 2021 2005 1000
a contact +2800 +3100 1001 2012 1000
a contact +2800 +3100 2012 1001 1000
a contact +3100 +3300 2001 2015 1000
a contact +3100 +3300 2002 2012 1000
a contact +3100 +3300 2012 2002 1000
a contact +3100 +3300 2015 2001 1000
a contact +3300 +3600 1002 2011 1000
a contact +3300 +3600 2006 2014 1000
a contact +3300 +3600 2011 1002 1000
a contact +3300 +3600 2014 2006 1000
a contact +3600 +3700 2004 2011 1000
a contact +3600 +3700 2011 2004 1000
a contact +5300 +5500 1002 2019 1000
a contact +5300 +5500 2019 1002 1000
a contact +5600 +5900 2001 2018 1000
a contact +5600 +5900 2005 2006 1000
a contact +5600 +5900 2006 2005 1000
a contact +5600 +5900 2018 2001 1000
a contact +5900 +6000 2011 2016 1000
a contact +5900 +6000 2016 2011 1000
a contact +6000 +6300 2014 2020 1000
a contact +6000 +6300 2020 2014 1000
a contact +6400 +6700 2005 9002 1000
a contact +6400 +6700 9002 2005 1000
a contact +6700 +6800 2010 2021 1000
a contact +6700 +6800 2021 2010 1000
a contact +6900 +7200 1002 2010 1000
a contact +6900 +7200 2010 1002 1000
a contact +6900 +7200 2022 2023 1000
a contact +6900 +7200 2023 2022 1000
a contact +7300 +7800 2004 2014 1000
a contact +7300 +7800 2014 2004 1000
a contact +7900 +8200 2014 2018 1000
a contact +7900 +8200 2018 2014 1000
a contact +8200 +8400 2012 2017 1000
a contact +8200 +8400 2017 2012 1000
a contact +8400 +8500 1002 2018 1000
a contact +8400 +8500 2009 2017 1000
a contact +8400 +8500 2017 2009 1000
a contact +8400 +8500 2018 1002 1000
a contact +8500 +8600 2014 2021 1000
a contact +8500 +8600 2021 2014 1000
a contact +8600 +8800 2004 2022 1000
a contact +8600 +8800 2022 2004 1000
a contact +8800 +9000 2001 2021 1000
a contact +8800 +9000 2011 9001 1000
a contact +8800 +9000 2021 2001 1000
a contact +8800 +9000 9001 2011 1000
a contact +9000 +9100 2001 2017 1000
a contact +9000 +9100 2003 2019 1000
a contact +9000 +9100 2017 2001 1000
a contact +9000 +9100 2019 2003 1000
a contact +9600 +9900 1002 2009 1000
a contact +9600 +9900 2009 1002 1000
a contact +10000 +10400 2010 2018 1000
a contact +10000 +10400 2018 2010 1000
a contact +10400 +10500 1002 9003 1000
a contact +10400 +10500 2006 2010 1000
a contact +10400 +10500 2010 2006 1000
a contact +10400 +10500 9003 1002 1000
a contact +11000 +11300 2002 2008 1000
a contact +11000 +11300 2004 2010 1000
a contact +11000 +11300 2008 2002 1000
a contact +11000 +11300 2010 2004 1000
a contact +11300 +11500 2006 9002 1000
a contact +11300 +11500 9002 2006 1000
a contact +11500 +11600 2012 2022 1000
a contact +11500 +11600 2022 2012 1000
a contact +11800 +11900 1002 9003 1000
a contact +11800 +11900 9003 1002 1000
a contact +11900 +12200 2003 2023 1000
a contact +11900 +12200 2023 2003 1000
a contact +14200 +14500 2004 2009 1000
a contact +14200 +14500 2009 2004 1000
a contact +14900 +15000 2009 9001 1000
a contact +14900 +15000 9001 2009 1000
a contact +15000 +15300 2013 2021 1000
a contact +15000 +15300 2021 2013 1000
a contact +15400 +15700 2012 2019 1000
a contact +15400 +15700 2019 2012 1000
a contact +17700 +17800 2004 2022 1000
a contact +17700 +17800 2022 2004 1000
a contact +17800 +18100 2015 2021 1000
a contact +17800 +18100 2021 2015 1000
a contact +18200 +18500 2013 2017 1000
a contact +18200 +18500 2017 2013 1000
a contact +18600 +18800 2008 2018 1000
a contact +18600 +18800 2018 2008 1000
a contact +19000 +19200 2018 2022 1000
a contact +19000 +19200 2022 2018 1000
a contact +19900 +20400 1002 2014 1000
a contact +19900 +20400 2014 1002 1000
a contact +20400 +20500 2010 2018 1000
a contact +20400 +20500 2018 2010 1000
a contact +20500 +20800 1002 2004 1000
a contact +20500 +20800 2003 2018 1000
a contact +20500 +20800 2004 1002 1000
a contact +20500 +20800 2018 2003 1000
a contact +21000 +21200 2010 2021 1000
a contact +21000 +21200 2021 2010 1000
a contact +21300 +21600 2005 2016 1000
a contact +21300 +21600 2016 2005 1000
a contact +21600 +21700 2001 2009 1000
a contact +21600 +21700 2009 2001 1000
a contact +21700 +22000 2010 9002 1000
a contact +21700 +22000 9002 2010 1000
a contact +22000 +22200 1002 2019 1000
a contact +22000 +22200 2018 9002 1000
a contact +22000 +22200 2019 1002 1000
a contact +22000 +22200 9002 2018 1000
a contact +22200 +22400 1002 2020 1000
a contact +22200 +22400 2014 2019 1000
a contact +22200 +22400 2019 2014 1000
a contact +22200 +22400 2020 1002 1000
a contact +22400 +22500 2002 2007 1000
a contact +22400 +22500 2007 2002 1000
a contact +23000 +23200 2012 2019 1000
a contact +23000 +23200 2014 2021 1000
a contact +23000 +23200 2019 2012 1000
a contact +23000 +23200 2021 2014 1000
a contact +23200 +23500 2015 9002 1000
a contact +23200 +23500 9002 2015 1000
a contact +23500 +23900 1001 9003 1000
a contact +23500 +23900 9003 1001 1000
a contact +24100 +24400 1001 9003 1000
a contact +24100 +24400 2012 9002 1000
a contact +24100 +24400 9002 2012 1000
a contact +24100 +24400 9003 1001 1000
a contact +24400 +24500 2012 2022 1000
a contact +24400 +24500 2022 2012 1000
a contact +24700 +24800 1001 9003 1000
a contact +24700 +24800 2011 2015 1000
a contact +24700 +24800 2015 2011 1000
a contact +24700 +24800 9003 1001 1000
a contact +24800 +25100 2012 2023 1000
a contact +24800 +25100 2023 2012 1000
a contact +25100 +25300 2015 2023 1000
a contact +25100 +25300 2023 2015 1000
a contact +25100 +25600 1001 9003 1000
a contact +25100 +25600 9003 1001 1000
a contact +27600 +27900 2015 2019 1000
a contact +27600 +27900 2019 2015 1000
a contact +27900 +28000 2011 2015 1000
a contact +27900 +28000 2015 2011 1000
a contact +28400 +28700 2004 2015 1000
a contact +28400 +28700 2015 2004 1000
a contact +28400 +28700 2018 9002 1000
a contact +28400 +28700 9002 2018 1000
a contact +28700 +28800 1001 9002 1000
a contact +28700 +28800 2005 2016 1000
a contact +28700 +28800 2009 2019 1000
a contact +28700 +28800 2016 2005 1000
a contact +28700 +28800 2019 2009 1000
a contact +28700 +28800 9002 1001 1000
a contact +29300 +29800 2008 2020 1000
a contact +29300 +29800 2020 2008 1000
a contact +29800 +29900 2014 2018 1000
a contact +29800 +29900 2018 2014 1000
a contact +30200 +30400 2010 2016 1000
a contact +30200 +30400 2016 2010 1000
a contact +30200 +30400 2023 2024 1000
a contact +30200 +30400 2024 2023 1000
a contact +30600 +30700 2003 2015 1000
a contact +30600 +30700 2015 2003 1000
a contact +30700 +31000 2013 2021 1000
a contact +30700 +31000 2021 2013 1000
a contact +31400 +31600 2011 2021 1000
a contact +31400 +31600 2021 2011 1000
a contact +32000 +32400 2009 2016 1000
a contact +32000 +32400 2016 2009 1000
a contact +32400 +32500 2011 2012 1000
a contact +32400 +32500 2012 2011 1000
a contact +32400 +32500 2020 2021 1000
a contact +32400 +32500 2021 2020 1000
a contact +32400 +32500 2022 2023 1000
a contact +32400 +32500 2023 2022 1000
a contact +32900 +33000 1002 2013 1000
a contact +32900 +33000 2013 1002 1000
a contact +33000 +33300 2002 2017 1000
a contact +33000 +33300 2017 2002 1000
a contact +33300 +33500 2010 2023 1000
a contact +33300 +33500 2013 2020 1000
a contact +33300 +33500 2020 2013 1000
a contact +33300 +33500 2023 2010 1000
a contact +33500 +33800 2006 2020 1000
a contact +33500 +33800 2020 2006 1000
a contact +34600 +34700 2004 2010 1000
a contact +34600 +34700 2010 2004 1000
a contact +35100 +35600 2004 2005 1000
a contact +35100 +35600 2005 2004 1000
a contact +35100 +35600 2010 2011 1000
a contact +35100 +35600 2011 2010 1000
a contact +35600 +36100 2012 2018 1000
a contact +35600 +36100 2018 2012 1000
a contact +36200 +36500 1001 2014 1000
a contact +36200 +36500 2014 1001 1000
a contact +36500 +36700 2003 2008 1000
a contact +36500 +36700 2008 2003 1000
a contact +37400 +37700 2007 2020 1000
a contact +37400 +37700 2020 2007 1000
a contact +37700 +37900 2004 2008 1000
a contact +37700 +37900 2008 2004 1000
a contact +38700 +38800 2013 2020 1000
a contact +38700 +38800 2020 2013 1000
a contact +39200 +39300 2002 2013 1000
a contact +39200 +39300 2013 2002 1000
a contact +39600 +39700 1002 9002 1000
a contact +39600 +39700 2001 2015 1000
a contact +39600 +39700 2015 2001 1000
a contact +39600 +39700 9002 1002 1000
a contact +39700 +39800 2002 2015 1000
a contact +39700 +39800 2015 2002 1000
a contact +39800 +40100 2010 2018 1000
a contact +39800 +40100 2018 2010 1000
a contact +40200 +40500 1001 2020 1000
a contact +40200 +40500 1002 2022 1000
a contact +40200 +40500 2002 2024 1000
a contact +40200 +40500 2020 1001 1000
a contact +40200 +40500 2022 1002 1000
a contact +40200 +40500 2024 2002 1000
a contact +41100 +41300 1001 2003 1000
a contact +41100 +41300 2003 1001 1000
a contact +41100 +41300 2008 2019 1000
a contact +41100 +41300 2010 2021 1000
a contact +41100 +41300 2019 2008 1000
a contact +41100 +41300 2021 2010 1000
a contact +41900 +42200 2001 2015 1000
a contact +41900 +42200 2015 2001 1000
a contact +42500 +42800 2002 2017 1000
a contact +42500 +42800 2017 2002 1000
a contact +43200 +43300 2011 2018 1000
a contact +43200 +43300 2018 2011 1000
a contact +44100 +44200 2002 2010 1000
a contact +44100 +44200 2010 2002 1000
a contact +44500 +44600 1001 2009 1000
a contact +44500 +44600 2006 2014 1000
a contact +44500 +44600 2009 1001 1000
a contact +44500 +44600 2014 2006 1000
a contact +45000 +45400 2011 2018 1000
a contact +45000 +45400 2018 2011 1000
a contact +45600 +45900 2007 2022 1000
a contact +45600 +45900 2022 2007 1000
a contact +46400 +46500 2014 2024 1000
a contact +46400 +46500 2024 2014 1000
a contact +46500 +46700 2005 2015 1000
a contact +46500 +46700 2010 2014 1000
a contact +46500 +46700 2014 2010 1000
a contact +46500 +46700 2015 2005 1000
a contact +46700 +46800 1002 2024 1000
a contact +46700 +46800 2003 2015 1000
a contact +46700 +46800 2008 2019 1000
a contact +46700 +46800 2015 2003 1000
a contact +46700 +46800 2019 2008 1000
a contact +46700 +46800 2024 1002 1000
a contact +46800 +46900 2005 2018 1000
a contact +46800 +46900 2018 2005 1000
a contact +47100 +47300 2002 2010 1000
a contact +47100 +47300 2010 2002 1000
a contact +47100 +47300 2014 2018 1000
a contact +47100 +47300 2018 2014 1000
a contact +47300 +47600 2005 2006 1000
a contact +47300 +47600 2006 2005 1000
a contact +47700 +48200 2015 2016 1000
a contact +47700 +48200 2016 2015 1000
a contact +48200 +48600 2009 2010 1000
a contact +48200 +48600 2010 2009 1000
a contact +48900 +49000 2009 2015 1000
a contact +48800 +49000 2012 2021 1000
a contact +48900 +49000 2015 2009 1000
a contact +48800 +49000 2021 2012 1000
a contact +49500 +49600 2004 2011 1000
a contact +49500 +49600 2011 2004 1000
a contact +50000 +50300 2011 2021 1000
a contact +50000 +50300 2021 2011 1000
a contact +50800 +50900 1002 2021 1000
a contact +50800 +50900 2006 2020 1000
a contact +50800 +50900 2020 2006 1000
a contact +50800 +50900 2021 1002 1000
a contact +51300 +51800 2010 2016 1000
a contact +51300 +51800 2016 2010 1000
a contact +51800 +51900 1002 2006 1000
a contact +51800 +51900 2006 1002 1000
a contact +52700 +53000 1002 2016 1000
a contact +52700 +53000 2016 1002 1000
a contact +53300 +53400 1001 2003 1000
a contact +53300 +53400 2003 1001 1000
a contact +53400 +53600 2019 2024 1000
a contact +53400 +53600 2024 2019 1000
a contact +53600 +53900 1002 2024 1000
a contact +53600 +53900 2024 1002 1000
a contact +54000 +54400 1002 2023 1000
a contact +54000 +54400 2023 1002 1000
a contact +55000 +55100 1002 2005 1000
a contact +55000 +55100 2005 1002 1000
a contact +55000 +55300 2001 2016 1000
a contact +55000 +55300 2016 2001 1000
a contact +56100 +56200 2016 2023 1000
a contact +56100 +56200 2023 2016 1000
a contact +56200 +56300 2001 2009 1000
a contact +56200 +56300 2009 2001 1000
a contact +56600 +56700 2001 2011 1000
a contact +56600 +56700 2011 2001 1000
a contact +57100 +57600 2023 9003 1000
a contact +57100 +57600 9003 2023 1000
a contact +57600 +58100 2012 2024 1000
a contact +57600 +58100 2024 2012 1000
a contact +58900 +59000 2012 2020 1000
a contact +58900 +59000 2020 2012 1000
a contact +59000 +59300 2005 9001 1000
a contact +59000 +59300 2007 9003 1000
a contact +59000 +59300 9001 2005 1000
a contact +59000 +59300 9003 2007 1000
a contact +59300 +59700 1002 9002 1000
a contact +59300 +59700 9002 1002 1000
a contact +60300 +60700 2008 2021 1000
a contact +60300 +60700 2021 2008 1000
a contact +60800 +61200 2005 2010 1000
a contact +60800 +61200 2010 2005 1000
a contact +62400 +62500 1002 2010 1000
a contact +62400 +62500 2010 1002 1000
a contact +63000 +63300 1002 2008 1000
a contact +63000 +63300 2008 1002 1000
a contact +63400 +63900 1001 2021 1000
a contact +63400 +63900 2021 1001 1000
a contact +64800 +65000 1002 2016 1000
a contact +64800 +65000 2016 1002 1000
a contact +65000 +65200 1002 2010 1000
a contact +65000 +65200 2010 1002 1000
a contact +65000 +65200 2021 9003 1000
a contact +65000 +65200 9003 2021 1000
a contact +65600 +65700 2002 2014 1000
a contact +65600 +65700 2014 2002 1000
a contact +66500 +66600 1002 2024 1000
a contact +66500 +66600 2015 2023 1000
a contact +66500 +66600 2023 2015 1000
a contact +66500 +66600 2024 1002 1000
a contact +66600 +67000 2008 2013 1000
a contact +66600 +67000 2013 2008 1000
a contact +69100 +69300 2015 9003 1000
a contact +69100 +69300 9003 2015 1000
a contact +69300 +69600 1001 2010 1000
a contact +69300 +69600 2003 2023 1000
a contact +69300 +69600 2010 1001 1000
a contact +69300 +69600 2018 2019 1000
a contact +69300 +69600 2019 2018 1000
a contact +69300 +69600 2023 2003 1000
a contact +70200 +70300 2015 2019 1000
a contact +70200 +70300 2019 2015 1000
a contact +70700 +70800 2002 9001 1000
a contact +70700 +70800 9001 2002 1000
a contact +71000 +71200 2015 2021 1000
a contact +71000 +71200 2021 2015 1000
a contact +71600 +71800 2003 9001 1000
a contact +71600 +71800 9001 2003 1000
a contact +72300 +72400 2024 9001 1000
a contact +72300 +72400 9001 2024 1000
a contact +74200 +74400 2004 2022 1000
a contact +74200 +74400 2022 2004 1000
a contact +75000 +75100 1002 2013 1000
a contact +75000 +75100 2013 1002 1000
a contact +75400 +75600 2013 2020 1000
a contact +75400 +75600 2020 2013 1000
a contact +75900 +76000 2008 2019 1000
a contact +75900 +76000 2019 2008 1000
a contact +77100 +77300 1001 2005 1000
a contact +77100 +77300 2005 1001 1000
a contact +78000 +78200 1002 2024 1000
a contact +78000 +78200 2024 1002 1000
a contact +78200 +78300 2018 2022 1000
a contact +78200 +78300 2022 2018 1000
a contact +78400 +78600 2010 2021 1000
a contact +78400 +78600 2021 2010 1000
a contact +79100 +79600 2014 9002 1000
a contact +79100 +79600 9002 2014 1000
a contact +80100 +80200 2005 2020 1000
a contact +80100 +80200 2020 2005 1000
a contact +80200 +80500 1001 2020 1000
a contact +80200 +80500 2020 1001 1000
a contact +81300 +81400 2007 2019 1000
a contact +81300 +81400 2019 2007 1000
a contact +81900 +82000 2001 2019 1000
a contact +81900 +82000 2003 2021 1000
a contact +81900 +82000 2013 2024 1000
a contact +81900 +82000 2019 2001 1000
a contact +81900 +82000 2021 2003 1000
a contact +81900 +82000 2024 2013 1000
a contact +82800 +83200 2010 2020 1000
a contact +82800 +83200 2020 2010 1000
a contact +83200 +83300 2008 9001 1000
a contact +83200 +83300 9001 2008 1000
a contact +83300 +83400 2008 2019 1000
a contact +83300 +83400 2019 2008 1000
a contact +84200 +84400 2003 2019 1000
a contact +84200 +84400 2009 2023 1000
a contact +84200 +84400 2011 9001 1000
a contact +84200 +84400 2019 2003 1000
a contact +84200 +84400 2023 2009 1000
a contact +84200 +84400 9001 2011 1000
a contact +84600 +84800 2013 2017 1000
a contact +84600 +84800 2017 2013 1000
a contact +84900 +85000 1002 2006 1000
a contact +84900 +85000 2006 1002 1000
a contact +84900 +85000 2009 2019 1000
a contact +84900 +85000 2019 2009 1000
a contact +85000 +85300 2010 2017 1000
a contact +85000 +85300 2017 2010 1000
a contact +85300 +85400 2013 2020 1000
a contact +85300 +85400 2020 2013 1000
a contact +85900 +86300 2005 9002 1000
a contact +85900 +86300 9002 2005 1000

a range +400 +500 2004 2024 0.0434
a range +400 +500 2014 2015 0.0243
a range +400 +500 2015 2014 0.0243
a range +400 +500 2024 2004 0.0434
a range +500 +600 2014 2020 0.0061
a range +500 +600 2020 2014 0.0061
a range +800 +1000 2002 2007 0.0265
a range +800 +1000 2007 2002 0.0265
a range +1000 +1500 2001 2008 0.0265
a range +1000 +1500 2008 2001 0.0265
a range +1000 +1500 2012 9001 1101.8691
a range +1000 +1500 9001 2012 1101.8691
a range +1500 +1600 2005 9002 1103.3782
a range +1500 +1600 2006 9001 1102.3249
a range +1500 +1600 9001 2006 1102.3249
a range +1500 +1600 9002 2005 1103.3782
a range +1900 +2100 2004 2022 0.0432
a range +1900 +2100 2006 2024 0.0432
a range +1900 +2100 2022 2004 0.0432
a range +1900 +2100 2024 2006 0.0432
a range +2100 +2400 2001 2009 0.043
a range +2100 +2400 2009 2001 0.043
a range +2500 +2700 2005 2021 0.0431
a range +2500 +2700 2010 2016 0.0182
a range +2500 +2700 2016 2010 0.0182
a range +2500 +2700 2021 2005 0.0431
a range +2800 +3100 1001 2012 1101.9304
a range +2800 +3100 2012 1001 1101.9304
a range +3100 +3300 2001 2015 0.0432
a range +3100 +3300 2002 2012 0.043
a range +3100 +3300 2012 2002 0.043
a range +3100 +3300 2015 2001 0.0432
a range +3300 +3600 1002 2011 1101.9946
a range +3300 +3600 2006 2014 0.043
a range +3300 +3600 2011 1002 1101.9946
a range +3300 +3600 2014 2006 0.043
a range +3600 +3700 2004 2011 0.0265
a range +3600 +3700 2011 2004 0.0265
a range +5300 +5500 1002 2019 1102.2314
a range +5300 +5500 2019 1002 1102.2314
a range +5600 +5900 2001 2018 0.0367
a range +5600 +5900 2005 2006 0.0243
a range +5600 +5900 2006 2005 0.0243
a range +5600 +5900 2018 2001 0.0367
a range +5900 +6000 2011 2016 0.0265
a range +5900 +6000 2016 2011 0.0265
a range +6000 +6300 2014 2020 0.0061
a range +6000 +6300 2020 2014 0.0061
a range +6400 +6700 2005 9002 1103.3782
a range +6400 +6700 9002 2005 1103.3782
a range +6700 +6800 2010 2021 0.0367
a range +6700 +6800 2021 2010 0.0367
a range +6900 +7200 1002 2010 1102.1603
a range +6900 +7200 2010 1002 1102.1603
a range +6900 +7200 2022 2023 0.0243
a range +6900 +7200 2023 2022 0.0243
a range +7300 +7800 2004 2014 0.0432
a range +7300 +7800 2014 2004 0.0432
a range +7900 +8200 2014 2018 0.0421
a range +7900 +8200 2018 2014 0.0421
a range +8200 +8400 2012 2017 0.0227
a range +8200 +8400 2017 2012 0.0227
a range +8400 +8500 1002 2018 1102.2221
a range +8400 +8500 2009 2017 0.043
a range +8400 +8500 2017 2009 0.043
a range +8400 +8500 2018 1002 1102.2221
a range +8500 +8600 2014 2021 0.0227
a range +8500 +8600 2021 2014 0.0227
a range +8600 +8800 2004 2022 0.0432
a range +8600 +8800 2022 2004 0.0432
a range +8800 +9000 2001 2021 0.0432
a range +8800 +9000 2011 9001 1102.3134
a range +8800 +9000 2021 2001 0.0432
a range +8800 +9000 9001 2011 1102.3134
a range +9000 +9100 2001 2017 0.0432
a range +9000 +9100 2003 2019 0.0432
a range +9000 +9100 2017 2001 0.0432
a range +9000 +9100 2019 2003 0.0432
a range +9600 +9900 1002 2009 1102.2566
a range +9600 +9900 2009 1002 1102.2566
a range +10000 +10400 2010 2018 0.043
a range +10000 +10400 2018 2010 0.043
a range +10400 +10500 1002 9003 0.0592
a range +10400 +10500 2006 2010 0.043
a range +10400 +10500 2010 2006 0.043
a range +10400 +10500 9003 1002 0.0592
a range +11000 +11300 2002 2008 0.0061
a range +11000 +11300 2004 2010 0.0182
a range +11000 +11300 2008 2002 0.0061
a range +11000 +11300 2010 2004 0.0182
a range +11300 +11500 2006 9002 1103.3824
a range +11300 +11500 9002 2006 1103.3824
a range +11500 +11600 2012 2022 0.0431
a range +11500 +11600 2022 2012 0.0431
a range +11800 +11900 1002 9003 0.0592
a range +11800 +11900 9003 1002 0.0592
a range +11900 +12200 2003 2023 0.0436
a range +11900 +12200 2023 2003 0.0436
a range +14200 +14500 2004 2009 0.0285
a range +14200 +14500 2009 2004 0.0285
a range +14900 +15000 2009 9001 1102.3531
a range +14900 +15000 9001 2009 1102.3531
a range +15000 +15300 2013 2021 0.043
a range +15000 +15300 2021 2013 0.043
a range +15400 +15700 2012 2019 0.0367
a range +15400 +15700 2019 2012 0.0367
a range +17700 +17800 2004 2022 0.0431
a range +17700 +17800 2022 2004 0.0431
a range +17800 +18100 2015 2021 0.0122
a range +17800 +18100 2021 2015 0.0122
a range +18200 +18500 2013 2017 0.0421
a range +18200 +18500 2017 2013 0.0421
a range +18600 +18800 2008 2018 0.043
a range +18600 +18800 2018 2008 0.043
a range +19000 +19200 2018 2022 0.043
a range +19000 +19200 2022 2018 0.043
a range +19900 +20400 1002 2014 1103.1675
a range +19900 +20400 2014 1002 1103.1675
a range +20400 +20500 2010 2018 0.043
a range +20400 +20500 2018 2010 0.043
a range +20500 +20800 1002 2004 1103.1427
a range +20500 +20800 2003 2018 0.0433
a range +20500 +20800 2004 1002 1103.1427
a range +20500 +20800 2018 2003 0.0433
a range +21000 +21200 2010 2021 0.0367
a range +21000 +21200 2021 2010 0.0367
a range +21300 +21600 2005 2016 0.0311
a range +21300 +21600 2016 2005 0.0311
a range +21600 +21700 2001 2009 0.043
a range +21600 +21700 2009 2001 0.043
a range +21700 +22000 2010 9002 1102.8419
a range +21700 +22000 9002 2010 1102.8419
a range +22000 +22200 1002 2019 1103.1486
a range +22000 +22200 2018 9002 1102.6141
a range +22000 +22200 2019 1002 1103.1486
a range +22000 +22200 9002 2018 1102.6141
a range +22200 +22400 1002 2020 1103.1539
a range +22200 +22400 2014 2019 0.0265
a range +22200 +22400 2019 2014 0.0265
a range +22200 +22400 2020 1002 1103.1539
a range +22400 +22500 2002 2007 0.0265
a range +22400 +22500 2007 2002 0.0265
a range +23000 +23200 2012 2019 0.0367
a range +23000 +23200 2014 2021 0.0227
a range +23000 +23200 2019 2012 0.0367
a range +23000 +23200 2021 2014 0.0227
a range +23200 +23500 2015 9002 1102.9842
a range +23200 +23500 9002 2015 1102.9842
a range +23500 +23900 1001 9003 0.0591
a range +23500 +23900 9003 1001 0.0591
a range +24100 +24400 1001 9003 0.0591
a range +24100 +24400 2012 9002 1103.3378
a range +24100 +24400 9002 2012 1103.3378
a range +24100 +24400 9003 1001 0.0591
a range +24400 +24500 2012 2022 0.043
a range +24400 +24500 2022 2012 0.043
a range +24700 +24800 1001 9003 0.0591
a range +24700 +24800 2011 2015 0.043
a range +24700 +24800 2015 2011 0.043
a range +24700 +24800 9003 1001 0.0591
a range +24800 +25100 2012 2023 0.0184
a range +24800 +25100 2023 2012 0.0184
a range +25100 +25300 2015 2023 0.043
a range +25100 +25300 2023 2015 0.043
a range +25100 +25600 1001 9003 0.0591
a range +25100 +25600 9003 1001 0.0591
a range +27600 +27900 2015 2019 0.043
a range +27600 +27900 2019 2015 0.043
a range +27900 +28000 2011 2015 0.043
a range +27900 +28000 2015 2011 0.043
a range +28400 +28700 2004 2015 0.0367
a range +28400 +28700 2015 2004 0.0367
a range +28400 +28700 2018 9002 1103.3577
a range +28400 +28700 9002 2018 1103.3577
a range +28700 +28800 1001 9002 0.0594
a range +28700 +28800 2005 2016 0.0311
a range +28700 +28800 2009 2019 0.0432
a range +28700 +28800 2016 2005 0.0311
a range +28700 +28800 2019 2009 0.0432
a range +28700 +28800 9002 1001 0.0594
a range +29300 +29800 2008 2020 0.0112
a range +29300 +29800 2020 2008 0.0112
a range +29800 +29900 2014 2018 0.0421
a range +29800 +29900 2018 2014 0.0421
a range +30200 +30400 2010 2016 0.0182
a range +30200 +30400 2016 2010 0.0182
a range +30200 +30400 2023 2024 0.0243
a range +30200 +30400 2024 2023 0.0243
a range +30600 +30700 2003 2015 0.0225
a range +30600 +30700 2015 2003 0.0225
a range +30700 +31000 2013 2021 0.043
a range +30700 +31000 2021 2013 0.043
a range +31400 +31600 2011 2021 0.0431
a range +31400 +31600 2021 2011 0.0431
a range +32000 +32400 2009 2016 0.0285
a range +32000 +32400 2016 2009 0.0285
a range +32400 +32500 2011 2012 0.0243
a range +32400 +32500 2012 2011 0.0243
a range +32400 +32500 2020 2021 0.0243
a range +32400 +32500 2021 2020 0.0243
a range +32400 +32500 2022 2023 0.0243
a range +32400 +32500 2023 2022 0.0243
a range +32900 +33000 1002 2013 1103.1532
a range +32900 +33000 2013 1002 1103.1532
a range +33000 +33300 2002 2017 0.0434
a range +33000 +33300 2017 2002 0.0434
a range +33300 +33500 2010 2023 0.0311
a range +33300 +33500 2013 2020 0.0265
a range +33300 +33500 2020 2013 0.0265
a range +33300 +33500 2023 2010 0.0311
a range +33500 +33800 2006 2020 0.0432
a range +33500 +33800 2020 2006 0.0432
a range +34600 +34700 2004 2010 0.0182
a range +34600 +34700 2010 2004 0.0182
a range +35100 +35600 2004 2005 0.0243
a range +35100 +35600 2005 2004 0.0243
a range +35100 +35600 2010 2011 0.0243
a range +35100 +35600 2011 2010 0.0243
a range +35600 +36100 2012 2018 0.0122
a range +35600 +36100 2018 2012 0.0122
a range +36200 +36500 1001 2014 1103.5785
a range +36200 +36500 2014 1001 1103.5785
a range +36500 +36700 2003 2008 0.0227
a range +36500 +36700 2008 2003 0.0227
a range +37400 +37700 2007 2020 0.0311
a range +37400 +37700 2020 2007 0.0311
a range +37700 +37900 2004 2008 0.043
a range +37700 +37900 2008 2004 0.043
a range +38700 +38800 2013 2020 0.0265
a range +38700 +38800 2020 2013 0.0265
a range +39200 +39300 2002 2013 0.0311
a range +39200 +39300 2013 2002 0.0311
a range +39600 +39700 1002 9002 0.0592
a range +39600 +39700 2001 2015 0.0432
a range +39600 +39700 2015 2001 0.0432
a range +39600 +39700 9002 1002 0.0592
a range +39700 +39800 2002 2015 0.0184
a range +39700 +39800 2015 2002 0.0184
a range +39800 +40100 2010 2018 0.043
a range +39800 +40100 2018 2010 0.043
a range +40200 +40500 1001 2020 1103.5901
a range +40200 +40500 1002 2022 1104.0442
a range +40200 +40500 2002 2024 0.0431
a range +40200 +40500 2020 1001 1103.5901
a range +40200 +40500 2022 1002 1104.0442
a range +40200 +40500 2024 2002 0.0431
a range +41100 +41300 1001 2003 1103.5973
a range +41100 +41300 2003 1001 1103.5973
a range +41100 +41300 2008 2019 0.0311
a range +41100 +41300 2010 2021 0.0367
a range +41100 +41300 2019 2008 0.0311
a range +41100 +41300 2021 2010 0.0367
a range +41900 +42200 2001 2015 0.0432
a range +41900 +42200 2015 2001 0.0432
a range +42500 +42800 2002 2017 0.0433
a range +42500 +42800 2017 2002 0.0433
a range +43200 +43300 2011 2018 0.0227
a range +43200 +43300 2018 2011 0.0227
a range +44100 +44200 2002 2010 0.043
a range +44100 +44200 2010 2002 0.043
a range +44500 +44600 1001 2009 1103.5979
a range +44500 +44600 2006 2014 0.043
a range +44500 +44600 2009 1001 1103.5979
a range +44500 +44600 2014 2006 0.043
a range +45000 +45400 2011 2018 0.0227
a range +45000 +45400 2018 2011 0.0227
a range +45600 +45900 2007 2022 0.0431
a range +45600 +45900 2022 2007 0.0431
a range +46400 +46500 2014 2024 0.043
a range +46400 +46500 2024 2014 0.043
a range +46500 +46700 2005 2015 0.043
a range +46500 +46700 2010 2014 0.043
a range +46500 +46700 2014 2010 0.043
a range +46500 +46700 2015 2005 0.043
a range +46700 +46800 1002 2024 1104.0579
a range +46700 +46800 2003 2015 0.0225
a range +46700 +46800 2008 2019 0.0311
a range +46700 +46800 2015 2003 0.0225
a range +46700 +46800 2019 2008 0.0311
a range +46700 +46800 2024 1002 1104.0579
a range +46800 +46900 2005 2018 0.0184
a range +46800 +46900 2018 2005 0.0184
a range +47100 +47300 2002 2010 0.043
a range +47100 +47300 2010 2002 0.043
a range +47100 +47300 2014 2018 0.0421
a range +47100 +47300 2018 2014 0.0421
a range +47300 +47600 2005 2006 0.0243
a range +47300 +47600 2006 2005 0.0243
a range +47700 +48200 2015 2016 0.0243
a range +47700 +48200 2016 2015 0.0243
a range +48200 +48600 2009 2010 0.0243
a range +48200 +48600 2010 2009 0.0243
a range +48900 +49000 2009 2015 0.0122
a range +48800 +49000 2012 2021 0.0433
a range +48900 +49000 2015 2009 0.0122
a range +48800 +49000 2021 2012 0.0433
a range +49500 +49600 2004 2011 0.0265
a range +49500 +49600 2011 2004 0.0265
a range +50000 +50300 2011 2021 0.0433
a range +50000 +50300 2021 2011 0.0433
a range +50800 +50900 1002 2021 1104.046
a range +50800 +50900 2006 2020 0.0435
a range +50800 +50900 2020 2006 0.0435
a range +50800 +50900 2021 1002 1104.046
a range +51300 +51800 2010 2016 0.0182
a range +51300 +51800 2016 2010 0.0182
a range +51800 +51900 1002 2006 1104.0596
a range +51800 +51900 2006 1002 1104.0596
a range +52700 +53000 1002 2016 1104.0311
a range +52700 +53000 2016 1002 1104.0311
a range +53300 +53400 1001 2003 1104.517
a range +53300 +53400 2003 1001 1104.517
a range +53400 +53600 2019 2024 0.0243
a range +53400 +53600 2024 2019 0.0243
a range +53600 +53900 1002 2024 1104.0579
a range +53600 +53900 2024 1002 1104.0579
a range +54000 +54400 1002 2023 1104.0501
a range +54000 +54400 2023 1002 1104.0501
a range +55000 +55100 1002 2005 1104.0496
a range +55000 +55100 2005 1002 1104.0496
a range +55000 +55300 2001 2016 0.0434
a range +55000 +55300 2016 2001 0.0434
a range +56100 +56200 2016 2023 0.0265
a range +56100 +56200 2023 2016 0.0265
a range +56200 +56300 2001 2009 0.043
a range +56200 +56300 2009 2001 0.043
a range +56600 +56700 2001 2011 0.043
a range +56600 +56700 2011 2001 0.043
a range +57100 +57600 2023 9003 1104.7594
a range +57100 +57600 9003 2023 1104.7594
a range +57600 +58100 2012 2024 0.0225
a range +57600 +58100 2024 2012 0.0225
a range +58900 +59000 2012 2020 0.0432
a range +58900 +59000 2020 2012 0.0432
a range +59000 +59300 2005 9001 1105.0611
a range +59000 +59300 2007 9003 1104.6691
a range +59000 +59300 9001 2005 1105.0611
a range +59000 +59300 9003 2007 1104.6691
a range +59300 +59700 1002 9002 0.0595
a range +59300 +59700 9002 1002 0.0595
a range +60300 +60700 2008 2021 0.0184
a range +60300 +60700 2021 2008 0.0184
a range +60800 +61200 2005 2010 0.0265
a range +60800 +61200 2010 2005 0.0265
a range +62400 +62500 1002 2010 1104.3027
a range +62400 +62500 2010 1002 1104.3027
a range +63000 +63300 1002 2008 1104.4915
a range +63000 +63300 2008 1002 1104.4915
a range +63400 +63900 1001 2021 1104.5148
a range +63400 +63900 2021 1001 1104.5148
a range +64800 +65000 1002 2016 1104.3117
a range +64800 +65000 2016 1002 1104.3117
a range +65000 +65200 1002 2010 1104.3027
a range +65000 +65200 2010 1002 1104.3027
a range +65000 +65200 2021 9003 1104.7517
a range +65000 +65200 9003 2021 1104.7517
a range +65600 +65700 2002 2014 0.0112
a range +65600 +65700 2014 2002 0.0112
a range +66500 +66600 1002 2024 1104.9623
a range +66500 +66600 2015 2023 0.043
a range +66500 +66600 2023 2015 0.043
a range +66500 +66600 2024 1002 1104.9623
a range +66600 +67000 2008 2013 0.0265
a range +66600 +67000 2013 2008 0.0265
a range +69100 +69300 2015 9003 1104.4386
a range +69100 +69300 9003 2015 1104.4386
a range +69300 +69600 1001 2010 1104.517
a range +69300 +69600 2003 2023 0.0432
a range +69300 +69600 2010 1001 1104.517
a range +69300 +69600 2018 2019 0.0285
a range +69300 +69600 2019 2018 0.0285
a range +69300 +69600 2023 2003 0.0432
a range +70200 +70300 2015 2019 0.043
a range +70200 +70300 2019 2015 0.043
a range +70700 +70800 2002 9001 1105.054
a range +70700 +70800 9001 2002 1105.054
a range +71000 +71200 2015 2021 0.0122
a range +71000 +71200 2021 2015 0.0122
a range +71600 +71800 2003 9001 1105.0642
a range +71600 +71800 9001 2003 1105.0642
a range +72300 +72400 2024 9001 1105.0524
a range +72300 +72400 9001 2024 1105.0524
a range +74200 +74400 2004 2022 0.0433
a range +74200 +74400 2022 2004 0.0433
a range +75000 +75100 1002 2013 1104.6638
a range +75000 +75100 2013 1002 1104.6638
a range +75400 +75600 2013 2020 0.0265
a range +75400 +75600 2020 2013 0.0265
a range +75900 +76000 2008 2019 0.0311
a range +75900 +76000 2019 2008 0.0311
a range +77100 +77300 1001 2005 1105.0333
a range +77100 +77300 2005 1001 1105.0333
a range +78000 +78200 1002 2024 1104.9623
a range +78000 +78200 2024 1002 1104.9623
a range +78200 +78300 2018 2022 0.043
a range +78200 +78300 2022 2018 0.043
a range +78400 +78600 2010 2021 0.0367
a range +78400 +78600 2021 2010 0.0367
a range +79100 +79600 2014 9002 1105.0575
a range +79100 +79600 9002 2014 1105.0575
a range +80100 +80200 2005 2020 0.0435
a range +80100 +80200 2020 2005 0.0435
a range +80200 +80500 1001 2020 1105.0269
a range +80200 +80500 2020 1001 1105.0269
a range +81300 +81400 2007 2019 0.0337
a range +81300 +81400 2019 2007 0.0337
a range +81900 +82000 2001 2019 0.0432
a range +81900 +82000 2003 2021 0.0294
a range +81900 +82000 2013 2024 0.0285
a range +81900 +82000 2019 2001 0.0432
a range +81900 +82000 2021 2003 0.0294
a range +81900 +82000 2024 2013 0.0285
a range +82800 +83200 2010 2020 0.0373
a range +82800 +83200 2020 2010 0.0373
a range +83200 +83300 2008 9001 1105.05
a range +83200 +83300 9001 2008 1105.05
a range +83300 +83400 2008 2019 0.0311
a range +83300 +83400 2019 2008 0.0311
a range +84200 +84400 2003 2019 0.0218
a range +84200 +84400 2009 2023 0.0433
a range +84200 +84400 2011 9001 1105.0652
a range +84200 +84400 2019 2003 0.0218
a range +84200 +84400 2023 2009 0.0433
a range +84200 +84400 9001 2011 1105.0652
a range +84600 +84800 2013 2017 0.0421
a range +84600 +84800 2017 2013 0.0421
a range +84900 +85000 1002 2006 1105.1048
a range +84900 +85000 2006 1002 1105.1048
a range +84900 +85000 2009 2019 0.0318
a range +84900 +85000 2019 2009 0.0318
a range +85000 +85300 2010 2017 0.0265
a range +85000 +85300 2017 2010 0.0265
a range +85300 +85400 2013 2020 0.0265
a range +85300 +85400 2020 2013 0.0265
a range +85900 +86300 2005 9002 1105.0684
a range +85900 +86300 9002 2005 1105.0684
