a contact +0 +600 2015 9002 50
a contact +0 +600 2016 9001 50
a contact +600 +1200 2015 9001 50
a contact +600 +1200 2016 9002 50
a contact +1200 +1800 2013 9002 50
a contact +1200 +1800 2014 9001 50
a contact +1800 +2400 2013 9001 50
a contact +1800 +2400 2014 9002 50
a contact +2400 +3000 2011 9002 50
a contact +2400 +3000 2012 9001 50
a contact +3000 +3600 2011 9001 50
a contact +3000 +3600 2012 9002 50
a contact +3600 +4200 2009 9002 50
a contact +3600 +4200 2010 9001 50
a contact +4200 +4800 2009 9001 50
a contact +4200 +4800 2010 9002 50
a contact +4800 +5400 2007 9002 50
a contact +4800 +5400 2008 9001 50
a contact +5400 +6000 2007 9001 50
a contact +5400 +6000 2008 9002 50
a contact +6000 +6600 2005 9002 50
a contact +6000 +6600 2006 9001 50
a contact +6600 +7200 2005 9001 50
a contact +6600 +7200 2006 9002 50
a contact +7200 +7800 2003 9002 50
a contact +7200 +7800 2004 9001 50
a contact +7800 +8400 2001 9002 50
a contact +7800 +8400 2002 9001 50
a contact +8400 +9000 2003 9001 50
a contact +8400 +9000 2004 9002 50
a contact +9000 +10200 2001 9001 50
a contact +9000 +10200 2002 9002 50
a contact +10200 +10800 2015 9002 50
a contact +10200 +10800 2016 9001 50
a contact +10800 +11400 2013 9002 50
a contact +10800 +11400 2014 9001 50
a contact +11400 +12000 2015 9001 50
a contact +11400 +12000 2016 9002 50
a contact +12000 +12600 2013 9001 50
a contact +12000 +12600 2014 9002 50
a contact +12600 +13200 2010 9002 50
a contact +12600 +13200 2012 9001 50
a contact +13200 +13800 2008 9002 50
a contact +13200 +13800 2009 9001 50
a contact +13800 +14400 2011 9001 50
a contact +13800 +14400 2012 9002 50
a contact +14400 +15000 2009 9002 50
a contact +14400 +15000 2010 9001 50
a contact +15000 +15600 2008 9001 50
a contact +15000 +15600 2011 9002 50
a contact +15600 +16200 2007 9002 50
a contact +16200 +16800 2006 9002 50
a contact +16800 +17400 2005 9002 50
a contact +17400 +18000 2004 9002 50
a contact +18000 +18600 2003 9002 50
a contact +18600 +20400 2001 9002 50
a contact +20400 +21600 2016 9002 50
a contact +21600 +22800 2015 9002 50
a contact +22800 +24000 2014 9002 50
a contact +24000 +25200 2013 9002 50
a contact +25200 +26400 2012 9002 50
a contact +26400 +27600 2011 9002 50
a contact +27600 +28800 2010 9002 50
a contact +28800 +30000 2009 9002 50
a contact +30000 +31200 2002 9002 50
a contact +30000 +31200 2016 9003 50
a contact +31200 +32400 2003 9002 50
a contact +31200 +32400 2015 9003 50
a contact +32400 +33600 2004 9002 50
a contact +32400 +33600 2014 9003 50
a contact +33600 +34800 2005 9002 50
a contact +33600 +34800 2013 9003 50
a contact +34800 +36000 2006 9002 50
a contact +34800 +36000 2012 9003 50
a contact +36000 +37200 2007 9002 50
a contact +36000 +37200 2011 9003 50
a contact +37200 +38400 2010 9003 50
a contact +37200 +40200 2008 9002 50
a contact +38400 +40200 2009 9003 50
a contact +40200 +42000 2001 9002 50
a contact +40200 +42000 2007 9003 50
a contact +42000 +42600 2002 9002 50
a contact +42000 +43800 2008 9003 50
a contact +43800 +45600 2006 9003 50
a contact +45600 +47400 2005 9003 50
a contact +47400 +49200 2004 9003 50
a contact +49200 +51000 2003 9003 50
a contact +51000 +52800 2002 9003 50
a contact +52200 +54000 2003 9001 50
a contact +52800 +55800 2001 9003 50
a contact +54000 +55800 2002 9001 50
a contact +55800 +57600 2007 9001 50
a contact +55800 +57600 2010 9003 50
a contact +57600 +59400 2006 9001 50
a contact +57600 +59400 2011 9003 50
a contact +59400 +61200 2005 9001 50
a contact +59400 +61200 2012 9003 50
a contact +61200 +63000 2013 9003 50
a contact +61200 +63600 2004 9001 50
a contact +63000 +64800 2014 9003 50
a contact +63600 +65400 2001 9001 50
a contact +64800 +66600 2015 9003 50
a contact +65400 +67200 2008 9001 50
a contact +67200 +69000 2009 9001 50
a contact +66600 +69000 2016 9003 50
a contact +69000 +70800 2002 9003 50
a contact +69000 +70800 2015 9001 50
a contact +70800 +72600 2003 9003 50
a contact +70800 +72600 2016 9001 50
a contact +72600 +74400 2004 9003 50
a contact +72600 +74400 2014 9001 50
a contact +74400 +76200 2005 9003 50
a contact +74400 +76200 2013 9001 50
a contact +76200 +78000 2006 9003 50
a contact +76200 +78000 2012 9001 50
a contact +78000 +78600 2007 9003 50
a contact +78000 +79800 2011 9001 50
a contact +78600 +80400 2003 9002 50
a contact +80400 +82200 2004 9002 50
a contact +79800 +82800 2010 9001 50
a contact +82200 +84000 2005 9002 50
a contact +82800 +84600 2002 9001 50
a contact +84000 +85800 2006 9002 50
a contact +84600 +86400 2003 9001 50
a contact +85800 +86400 2007 9002 50

a range +0 +600 2015 9002 1103.3927
a range +0 +600 2016 9001 1102.3342
a range +600 +1200 2015 9001 1102.3574
a range +600 +1200 2016 9002 1103.3832
a range +1200 +1800 2013 9002 1103.3734
a range +1200 +1800 2014 9001 1102.3413
a range +1800 +2400 2013 9001 1102.351
a range +1800 +2400 2014 9002 1103.403
a range +2400 +3000 2011 9002 1102.2401
a range +2400 +3000 2012 9001 1102.3214
a range +3000 +3600 2011 9001 1102.2559
a range +3000 +3600 2012 9002 1102.7751
a range +3600 +4200 2009 9002 1103.3884
a range +3600 +4200 2010 9001 1102.3496
a range +4200 +4800 2009 9001 1102.3426
a range +4200 +4800 2010 9002 1103.3881
a range +4800 +5400 2007 9002 1103.3967
a range +4800 +5400 2008 9001 1102.3377
a range +5400 +6000 2007 9001 1102.354
a range +5400 +6000 2008 9002 1103.379
a range +6000 +6600 2005 9002 1103.411
a range +6000 +6600 2006 9001 1102.3522
a range +6600 +7200 2005 9001 1102.3397
a range +6600 +7200 2006 9002 1103.3648
a range +7200 +7800 2003 9002 1102.3252
a range +7200 +7800 2004 9001 1102.3223
a range +7800 +8400 2001 9002 1103.3974
a range +7800 +8400 2002 9001 1102.3549
a range +8400 +9000 2003 9001 1102.3449
a range +8400 +9000 2004 9002 1102.7215
a range +9000 +10200 2001 9001 1102.3368
a range +9000 +10200 2002 9002 1103.3782
a range +10200 +10800 2015 9002 1103.3927
a range +10200 +10800 2016 9001 1102.3342
a range +10800 +11400 2013 9002 1103.3734
a range +10800 +11400 2014 9001 1102.3413
a range +11400 +12000 2015 9001 1102.3574
a range +11400 +12000 2016 9002 1103.3832
a range +12000 +12600 2013 9001 1102.351
a range +12000 +12600 2014 9002 1103.403
a range +12600 +13200 2010 9002 1103.3881
a range +12600 +13200 2012 9001 1102.3214
a range +13200 +13800 2008 9002 1103.379
a range +13200 +13800 2009 9001 1102.3426
a range +13800 +14400 2011 9001 1102.3702
a range +13800 +14400 2012 9002 1102.7751
a range +14400 +15000 2009 9002 1103.3884
a range +14400 +15000 2010 9001 1102.3496
a range +15000 +15600 2008 9001 1102.3377
a range +15000 +15600 2011 9002 1103.3462
a range +15600 +16200 2007 9002 1103.3967
a range +16200 +16800 2006 9002 1103.3648
a range +16800 +17400 2005 9002 1103.411
a range +17400 +18000 2004 9002 1102.7215
a range +18000 +18600 2003 9002 1103.101
a range +18600 +20400 2001 9002 1103.3974
a range +20400 +21600 2016 9002 1103.3832
a range +21600 +22800 2015 9002 1103.3927
a range +22800 +24000 2014 9002 1103.403
a range +24000 +25200 2013 9002 1103.3734
a range +25200 +26400 2012 9002 1102.7751
a range +26400 +27600 2011 9002 1103.3462
a range +27600 +28800 2010 9002 1103.3881
a range +28800 +30000 2009 9002 1103.3884
a range +30000 +31200 2002 9002 1103.3782
a range +30000 +31200 2016 9003 1104.7644
a range +31200 +32400 2003 9002 1103.101
a range +31200 +32400 2015 9003 1104.7854
a range +32400 +33600 2004 9002 1103.403
a range +32400 +33600 2014 9003 1104.7563
a range +33600 +34800 2005 9002 1103.411
a range +33600 +34800 2013 9003 1104.7939
a range +34800 +36000 2006 9002 1103.3648
a range +34800 +36000 2012 9003 1103.8585
a range +36000 +37200 2007 9002 1103.3967
a range +36000 +37200 2011 9003 1103.3341
a range +37200 +38400 2010 9003 1104.7667
a range +37200 +40200 2008 9002 1103.379
a range +38400 +40200 2009 9003 1104.7824
a range +40200 +42000 2001 9002 1103.3974
a range +40200 +42000 2007 9003 1104.7664
a range +42000 +42600 2002 9002 1103.3782
a range +42000 +43800 2008 9003 1104.7834
a range +43800 +45600 2006 9003 1104.7925
a range +45600 +47400 2005 9003 1104.7573
a range +47400 +49200 2004 9003 1104.2262
a range +49200 +51000 2003 9003 1103.8281
a range +51000 +52800 2002 9003 1104.7649
a range +52200 +54000 2003 9001 1103.8467
a range +52800 +55800 2001 9003 1104.7848
a range +54000 +55800 2002 9001 1105.0665
a range +55800 +57600 2007 9001 1105.0656
a range +55800 +57600 2010 9003 1104.7667
a range +57600 +59400 2006 9001 1105.0337
a range +57600 +59400 2011 9003 1104.399
a range +59400 +61200 2005 9001 1105.0815
a range +59400 +61200 2012 9003 1104.7918
a range +61200 +63000 2013 9003 1104.7939
a range +61200 +63600 2004 9001 1104.2277
a range +63000 +64800 2014 9003 1104.7563
a range +63600 +65400 2001 9001 1105.0488
a range +64800 +66600 2015 9003 1104.7854
a range +65400 +67200 2008 9001 1105.0497
a range +67200 +69000 2009 9001 1105.0453
a range +66600 +69000 2016 9003 1104.7644
a range +69000 +70800 2002 9003 1104.7649
a range +69000 +70800 2015 9001 1105.0639
a range +70800 +72600 2003 9003 1104.6067
a range +70800 +72600 2016 9001 1105.0512
a range +72600 +74400 2004 9003 1104.7668
a range +72600 +74400 2014 9001 1105.0348
a range +74400 +76200 2005 9003 1104.7573
a range +74400 +76200 2013 9001 1105.08
a range +76200 +78000 2006 9003 1104.7925
a range +76200 +78000 2012 9001 1104.9462
a range +78000 +78600 2007 9003 1104.7664
a range +78000 +79800 2011 9001 1105.0365
a range +78600 +80400 2003 9002 1105.0461
a range +80400 +82200 2004 9002 1104.9984
a range +79800 +82800 2010 9001 1105.0696
a range +82200 +84000 2005 9002 1105.0887
a range +82800 +84600 2002 9001 1105.0665
a range +84000 +85800 2006 9002 1105.041
a range +84600 +86400 2003 9001 1105.0388
a range +85800 +86400 2007 9002 1105.0728
