a contact +0 +600 1 3 1000
a contact +0 +600 2 4 1000
a contact +0 +600 3 1 1000
a contact +0 +600 3 9 1000
a contact +0 +600 4 2 1000
a contact +0 +600 4 10 1000
a contact +0 +600 9 3 1000
a contact +0 +600 10 4 1000
a contact +0 +600 10 12 1000
a contact +0 +600 12 10 1000
a contact +0 +1200 1 7 1000
a contact +0 +1200 1 14 1000
a contact +0 +1200 2 8 1000
a contact +0 +1200 2 13 1000
a contact +0 +1200 7 1 1000
a contact +0 +1200 8 2 1000
a contact +0 +1200 9 11 1000
a contact +0 +1200 9 14 1000
a contact +0 +1200 10 13 1000
a contact +0 +1200 11 9 1000
a contact +0 +1200 13 2 1000
a contact +0 +1200 13 10 1000
a contact +0 +1200 14 1 1000
a contact +0 +1200 14 9 1000
a contact +0 +1800 3 12 1000
a contact +0 +1800 4 11 1000
a contact +0 +1800 5 13 1000
a contact +0 +1800 6 14 1000
a contact +0 +1800 11 4 1000
a contact +0 +1800 12 3 1000
a contact +0 +1800 13 5 1000
a contact +0 +1800 14 6 1000
a contact +0 +2400 1 10 1000
a contact +0 +2400 2 9 1000
a contact +0 +2400 7 16 1000
a contact +0 +2400 8 15 1000
a contact +0 +2400 9 2 1000
a contact +0 +2400 10 1 1000
a contact +0 +2400 15 8 1000
a contact +0 +2400 16 7 1000
a contact +0 +3000 1 5 1000
a contact +0 +3000 1 11 1000
a contact +0 +3000 2 6 1000
a contact +0 +3000 2 12 1000
a contact +0 +3000 5 1 1000
a contact +0 +3000 6 2 1000
a contact +0 +3000 11 1 1000
a contact +0 +3000 12 2 1000
a contact +0 +3600 5 9 1000
a contact +0 +3600 6 10 1000
a contact +0 +3600 9 5 1000
a contact +0 +3600 10 6 1000
a contact +0 +4200 5 12 1000
a contact +0 +4200 6 11 1000
a contact +0 +4200 9 15 1000
a contact +0 +4200 11 6 1000
a contact +0 +4200 12 5 1000
a contact +0 +4200 15 9 1000
a contact +0 +4800 10 16 1000
a contact +0 +4800 16 10 1000
a contact +0 +5400 4 17 1000
a contact +0 +5400 4 18 1000
a contact +0 +5400 5 16 1000
a contact +0 +5400 6 15 1000
a contact +0 +5400 11 16 1000
a contact +0 +5400 12 15 1000
a contact +0 +5400 15 6 1000
a contact +0 +5400 15 12 1000
a contact +0 +5400 16 5 1000
a contact +0 +5400 16 11 1000
a contact +0 +5400 17 4 1000
a contact +0 +5400 18 4 1000
a contact +0 +6000 3 14 1000
a contact +0 +6000 4 13 1000
a contact +0 +6000 13 4 1000
a contact +0 +6000 14 3 1000
a contact +0 +6600 1 8 1000
a contact +0 +6600 2 7 1000
a contact +0 +6600 7 2 1000
a contact +0 +6600 8 1 1000
a contact +0 +7200 1 9 1000
a contact +0 +7200 2 10 1000
a contact +0 +7200 3 10 1000
a contact +0 +7200 3 11 1000
a contact +0 +7200 4 9 1000
a contact +0 +7200 9 1 1000
a contact +0 +7200 9 4 1000
a contact +0 +7200 10 2 1000
a contact +0 +7200 10 3 1000
a contact +0 +7200 11 3 1000
a contact +6000 +7800 2 4 1000
a contact +6000 +7800 4 2 1000
a contact +0 +7800 4 12 1000
a contact +0 +7800 12 4 1000
a contact +5400 +8400 1 3 1000
a contact +5400 +8400 3 1 1000
a contact +0 +8400 3 15 1000
a contact +0 +8400 4 16 1000
a contact +0 +8400 5 14 1000
a contact +0 +8400 6 13 1000
a contact +0 +8400 13 6 1000
a contact +0 +8400 14 5 1000
a contact +0 +8400 15 3 1000
a contact +0 +8400 16 4 1000
a contact +0 +9000 1 12 1000
a contact +0 +9000 2 11 1000
a contact +0 +9000 11 2 1000
a contact +0 +9000 12 1 1000
a contact +3000 +9600 3 8 1000
a contact +3000 +9600 4 7 1000
a contact +3000 +9600 7 4 1000
a contact +0 +9600 7 15 1000
a contact +3000 +9600 8 3 1000
a contact +0 +9600 8 16 1000
a contact +0 +9600 15 7 1000
a contact +0 +9600 16 8 1000
a contact +3600 +10800 1 7 1000
a contact +0 +10800 1 16 1000
a contact +3600 +10800 2 8 1000
a contact +0 +10800 2 15 1000
a contact +3600 +10800 7 1 1000
a contact +3600 +10800 8 2 1000
a contact +0 +10800 15 2 1000
a contact +0 +10800 16 1 1000
a contact +4200 +11400 1 14 1000
a contact +4200 +11400 2 13 1000
a contact +2400 +11400 3 13 1000
a contact +2400 +11400 4 14 1000
a contact +4200 +11400 13 2 1000
a contact +2400 +11400 13 3 1000
a contact +4200 +11400 14 1 1000
a contact +2400 +11400 14 4 1000
a contact +3600 +12000 3 9 1000
a contact +4200 +12000 4 10 1000
a contact +600 +12000 5 11 1000
a contact +600 +12000 6 12 1000
a contact +1800 +12000 7 13 1000
a contact +2400 +12000 8 14 1000
a contact +3600 +12000 9 3 1000
a contact +4200 +12000 10 4 1000
a contact +600 +12000 11 5 1000
a contact +600 +12000 12 6 1000
a contact +1800 +12000 13 7 1000
a contact +2400 +12000 14 8 1000
a contact +5400 +12600 1 10 1000
a contact +4800 +12600 2 9 1000
a contact +0 +12600 5 15 1000
a contact +0 +12600 6 16 1000
a contact +4800 +12600 9 2 1000
a contact +0 +12600 9 16 1000
a contact +5400 +12600 10 1 1000
a contact +0 +12600 10 15 1000
a contact +0 +12600 11 17 1000
a contact +0 +12600 11 18 1000
a contact +0 +12600 15 5 1000
a contact +0 +12600 15 10 1000
a contact +0 +12600 16 6 1000
a contact +0 +12600 16 9 1000
a contact +0 +12600 17 11 1000
a contact +0 +12600 18 11 1000
a contact +4800 +13200 3 12 1000
a contact +4800 +13200 4 11 1000
a contact +4800 +13200 11 4 1000
a contact +4800 +13200 12 3 1000
a contact +6600 +13800 1 5 1000
a contact +6600 +13800 2 6 1000
a contact +6600 +13800 5 1 1000
a contact +6600 +13800 6 2 1000
a contact +3600 +13800 9 14 1000
a contact +3000 +13800 10 13 1000
a contact +3000 +13800 13 10 1000
a contact +3600 +13800 14 9 1000
a contact +6000 +14400 1 11 1000
a contact +6000 +14400 2 12 1000
a contact +6600 +14400 5 9 1000
a contact +5400 +14400 5 13 1000
a contact +7200 +14400 6 10 1000
a contact +5400 +14400 6 14 1000
a contact +6600 +14400 9 5 1000
a contact +7200 +14400 10 6 1000
a contact +6000 +14400 11 1 1000
a contact +6000 +14400 12 2 1000
a contact +5400 +14400 13 5 1000
a contact +5400 +14400 14 6 1000
a contact +0 +15000 3 17 1000
a contact +0 +15000 3 18 1000
a contact +0 +15000 17 3 1000
a contact +0 +15000 18 3 1000
a contact +0 +15600 1 17 1000
a contact +0 +15600 2 17 1000
a contact +7200 +15600 4 17 1000
a contact +0 +15600 5 17 1000
a contact +0 +15600 6 17 1000
a contact +0 +15600 7 17 1000
a contact +0 +15600 8 17 1000
a contact +0 +15600 9 17 1000
a contact +0 +15600 10 17 1000
a contact +13800 +15600 11 17 1000
a contact +0 +15600 12 17 1000
a contact +0 +15600 13 17 1000
a contact +0 +15600 14 17 1000
a contact +0 +15600 15 17 1000
a contact +0 +15600 16 17 1000
a contact +0 +15600 17 1 1000
a contact +0 +15600 17 2 1000
a contact +7200 +15600 17 4 1000
a contact +0 +15600 17 5 1000
a contact +0 +15600 17 6 1000
a contact +0 +15600 17 7 1000
a contact +0 +15600 17 8 1000
a contact +0 +15600 17 9 1000
a contact +0 +15600 17 10 1000
a contact +13800 +15600 17 11 1000
a contact +0 +15600 17 12 1000
a contact +0 +15600 17 13 1000
a contact +0 +15600 17 14 1000
a contact +0 +15600 17 15 1000
a contact +0 +15600 17 16 1000
a contact +6000 +16200 7 16 1000
a contact +6000 +16200 8 15 1000
a contact +8400 +16200 10 12 1000
a contact +8400 +16200 12 10 1000
a contact +6000 +16200 15 8 1000
a contact +6000 +16200 16 7 1000
a contact +8400 +16800 1 8 1000
a contact +8400 +16800 2 7 1000
a contact +7800 +16800 5 12 1000
a contact +7800 +16800 6 11 1000
a contact +8400 +16800 7 2 1000
a contact +8400 +16800 8 1 1000
a contact +7800 +16800 9 11 1000
a contact +7800 +16800 11 6 1000
a contact +7800 +16800 11 9 1000
a contact +7800 +16800 12 5 1000
a contact +7200 +17400 3 14 1000
a contact +7200 +17400 4 13 1000
a contact +7200 +17400 13 4 1000
a contact +7200 +17400 14 3 1000
a contact +10200 +18000 1 9 1000
a contact +10200 +18000 2 10 1000
a contact +9000 +18000 3 10 1000
a contact +9000 +18000 4 9 1000
a contact +10200 +18000 9 1 1000
a contact +9000 +18000 9 4 1000
a contact +10200 +18000 10 2 1000
a contact +9000 +18000 10 3 1000
a contact +11400 +19200 1 12 1000
a contact +11400 +19200 2 11 1000
a contact +10200 +19200 3 11 1000
a contact +10800 +19200 4 12 1000
a contact +7800 +19200 9 15 1000
a contact +7800 +19200 10 16 1000
a contact +11400 +19200 11 2 1000
a contact +10200 +19200 11 3 1000
a contact +11400 +19200 12 1 1000
a contact +10800 +19200 12 4 1000
a contact +7800 +19200 15 9 1000
a contact +7800 +19200 16 10 1000
a contact +8400 +19800 5 16 1000
a contact +9000 +19800 6 15 1000
a contact +0 +19800 7 14 1000
a contact +0 +19800 8 13 1000
a contact +0 +19800 13 8 1000
a contact +0 +19800 14 7 1000
a contact +9000 +19800 15 6 1000
a contact +8400 +19800 16 5 1000
a contact +13800 +21000 1 7 1000
a contact +13800 +21000 2 8 1000
a contact +13800 +21000 3 8 1000
a contact +13800 +21000 4 7 1000
a contact +11400 +21000 5 14 1000
a contact +11400 +21000 6 13 1000
a contact +13800 +21000 7 1 1000
a contact +13800 +21000 7 4 1000
a contact +13800 +21000 8 2 1000
a contact +13800 +21000 8 3 1000
a contact +11400 +21000 13 6 1000
a contact +11400 +21000 14 5 1000
a contact +12600 +21600 4 16 1000
a contact +9600 +21600 12 15 1000
a contact +9600 +21600 15 12 1000
a contact +12600 +21600 16 4 1000
a contact +0 +22200 7 11 1000
a contact +0 +22200 8 12 1000
a contact +0 +22200 11 7 1000
a contact +9600 +22200 11 16 1000
a contact +0 +22200 12 8 1000
a contact +9600 +22200 16 11 1000
a contact +12600 +22800 7 15 1000
a contact +12600 +22800 15 7 1000
a contact +15600 +23400 1 10 1000
a contact +15600 +23400 2 9 1000
a contact +14400 +23400 3 9 1000
a contact +12600 +23400 5 11 1000
a contact +12600 +23400 6 12 1000
a contact +12600 +23400 8 16 1000
a contact +15600 +23400 9 2 1000
a contact +14400 +23400 9 3 1000
a contact +15600 +23400 10 1 1000
a contact +12600 +23400 11 5 1000
a contact +12600 +23400 12 6 1000
a contact +12600 +23400 16 8 1000
a contact +13800 +24000 3 13 1000
a contact +15000 +24000 4 10 1000
a contact +13800 +24000 4 14 1000
a contact +15000 +24000 10 4 1000
a contact +13800 +24000 13 3 1000
a contact +13800 +24000 14 4 1000
a contact +16200 +24600 3 12 1000
a contact +16200 +24600 4 11 1000
a contact +16200 +24600 11 4 1000
a contact +16200 +24600 12 3 1000
a contact +7200 +25200 4 18 1000
a contact +15000 +25200 5 15 1000
a contact +15000 +25200 6 16 1000
a contact +15000 +25200 7 13 1000
a contact +15000 +25200 13 7 1000
a contact +15000 +25200 15 5 1000
a contact +15000 +25200 16 6 1000
a contact +7200 +25200 18 4 1000
a contact +16200 +25800 1 11 1000
a contact +16200 +25800 2 12 1000
a contact +15600 +25800 8 14 1000
a contact +16200 +25800 11 1 1000
a contact +16200 +25800 12 2 1000
a contact +15600 +25800 14 8 1000
a contact +18600 +26400 1 8 1000
a contact +18000 +26400 2 7 1000
a contact +19200 +26400 5 9 1000
a contact +19200 +26400 6 10 1000
a contact +18000 +26400 7 2 1000
a contact +18600 +26400 8 1 1000
a contact +19200 +26400 9 5 1000
a contact +14400 +26400 9 16 1000
a contact +19200 +26400 10 6 1000
a contact +14400 +26400 10 15 1000
a contact +0 +26400 12 18 1000
a contact +14400 +26400 15 10 1000
a contact +14400 +26400 16 9 1000
a contact +0 +26400 18 12 1000
a contact +18000 +27000 5 13 1000
a contact +18000 +27000 6 14 1000
a contact +18000 +27000 13 5 1000
a contact +18000 +27000 14 6 1000
a contact +0 +27600 1 6 1000
a contact +0 +27600 2 5 1000
a contact +0 +27600 5 2 1000
a contact +0 +27600 6 1 1000
a contact +18000 +27600 9 14 1000
a contact +18000 +27600 10 13 1000
a contact +18000 +27600 13 10 1000
a contact +18000 +27600 14 9 1000
a contact +21000 +28200 1 9 1000
a contact +0 +28200 1 13 1000
a contact +21000 +28200 2 10 1000
a contact +0 +28200 2 14 1000
a contact +0 +28200 3 5 1000
a contact +0 +28200 5 3 1000
a contact +21000 +28200 9 1 1000
a contact +21000 +28200 10 2 1000
a contact +0 +28200 13 1 1000
a contact +0 +28200 14 2 1000
a contact +20400 +28800 3 10 1000
a contact +20400 +28800 3 14 1000
a contact +0 +28800 3 16 1000
a contact +20400 +28800 4 9 1000
a contact +20400 +28800 4 13 1000
a contact +20400 +28800 9 4 1000
a contact +20400 +28800 10 3 1000
a contact +20400 +28800 13 4 1000
a contact +20400 +28800 14 3 1000
a contact +0 +28800 16 3 1000
a contact +0 +29400 4 6 1000
a contact +19800 +29400 5 12 1000
a contact +0 +29400 6 4 1000
a contact +19800 +29400 6 11 1000
a contact +19800 +29400 11 6 1000
a contact +19800 +29400 12 5 1000
a contact +22200 +30000 2 11 1000
a contact +19200 +30000 7 16 1000
a contact +19200 +30000 8 15 1000
a contact +22200 +30000 11 2 1000
a contact +19200 +30000 15 8 1000
a contact +19200 +30000 16 7 1000
a contact +22800 +30600 1 12 1000
a contact +22200 +30600 3 11 1000
a contact +22200 +30600 4 12 1000
a contact +22200 +30600 11 3 1000
a contact +22800 +30600 12 1 1000
a contact +22200 +30600 12 4 1000
a contact +24000 +31200 1 7 1000
a contact +24000 +31200 2 8 1000
a contact +24000 +31200 7 1 1000
a contact +24000 +31200 8 2 1000
a contact +21000 +32400 7 14 1000
a contact +21000 +32400 8 13 1000
a contact +21000 +32400 13 8 1000
a contact +21000 +32400 14 7 1000
a contact +26400 +33600 1 10 1000
a contact +26400 +33600 2 9 1000
a contact +0 +33600 2 16 1000
a contact +24000 +33600 5 14 1000
a contact +24000 +33600 6 13 1000
a contact +22800 +33600 7 11 1000
a contact +22800 +33600 8 12 1000
a contact +26400 +33600 9 2 1000
a contact +26400 +33600 10 1 1000
a contact +22800 +33600 11 7 1000
a contact +22800 +33600 12 8 1000
a contact +24000 +33600 13 6 1000
a contact +24000 +33600 14 5 1000
a contact +0 +33600 16 2 1000
a contact +0 +34200 1 15 1000
a contact +0 +34200 15 1 1000
a contact +25200 +34800 3 9 1000
a contact +16800 +34800 3 18 1000
a contact +30000 +34800 3 19 1000
a contact +0 +34800 5 8 1000
a contact +0 +34800 8 5 1000
a contact +25200 +34800 9 3 1000
a contact +16800 +34800 18 3 1000
a contact +30000 +34800 19 3 1000
a contact +25800 +35400 4 10 1000
a contact +25200 +35400 5 11 1000
a contact +0 +35400 6 7 1000
a contact +25200 +35400 6 12 1000
a contact +0 +35400 7 6 1000
a contact +25800 +35400 10 4 1000
a contact +25200 +35400 11 5 1000
a contact +25200 +35400 12 6 1000
a contact +27000 +36000 1 11 1000
a contact +27000 +36000 2 12 1000
a contact +27600 +36000 3 12 1000
a contact +25200 +36000 3 13 1000
a contact +25200 +36000 4 14 1000
a contact +27000 +36000 11 1 1000
a contact +27000 +36000 12 2 1000
a contact +27600 +36000 12 3 1000
a contact +25200 +36000 13 3 1000
a contact +25200 +36000 14 4 1000
a contact +30600 +36600 1 6 1000
a contact +28800 +36600 1 8 1000
a contact +30600 +36600 2 5 1000
a contact +28800 +36600 2 7 1000
a contact +31200 +36600 3 5 1000
a contact +28200 +36600 4 11 1000
a contact +30600 +36600 5 2 1000
a contact +31200 +36600 5 3 1000
a contact +30600 +36600 6 1 1000
a contact +28800 +36600 7 2 1000
a contact +26400 +36600 7 15 1000
a contact +28800 +36600 8 1 1000
a contact +26400 +36600 8 16 1000
a contact +28200 +36600 11 4 1000
a contact +26400 +36600 15 7 1000
a contact +26400 +36600 16 8 1000
a contact +30000 +37200 4 6 1000
a contact +30000 +37200 6 4 1000
a contact +29400 +38400 3 16 1000
a contact +28200 +38400 5 15 1000
a contact +28200 +38400 6 16 1000
a contact +28200 +38400 15 5 1000
a contact +29400 +38400 16 3 1000
a contact +28200 +38400 16 6 1000
a contact +31200 +39000 1 9 1000
a contact +31200 +39000 2 10 1000
a contact +0 +39000 4 15 1000
a contact +30600 +39000 5 9 1000
a contact +30600 +39000 6 10 1000
a contact +28200 +39000 7 13 1000
a contact +31200 +39000 9 1 1000
a contact +30600 +39000 9 5 1000
a contact +31200 +39000 10 2 1000
a contact +30600 +39000 10 6 1000
a contact +28200 +39000 13 7 1000
a contact +0 +39000 15 4 1000
a contact +31800 +39600 3 10 1000
a contact +31800 +39600 4 9 1000
a contact +30600 +39600 5 13 1000
a contact +28200 +39600 8 14 1000
a contact +31800 +39600 9 4 1000
a contact +31800 +39600 10 3 1000
a contact +30600 +39600 13 5 1000
a contact +28200 +39600 14 8 1000
a contact +30600 +40200 6 14 1000
a contact +29400 +40200 9 16 1000
a contact +29400 +40200 10 15 1000
a contact +30600 +40200 14 6 1000
a contact +29400 +40200 15 10 1000
a contact +29400 +40200 16 9 1000
a contact +13800 +40800 11 18 1000
a contact +30000 +40800 11 19 1000
a contact +13800 +40800 18 11 1000
a contact +30000 +40800 19 11 1000
a contact +32400 +41400 3 14 1000
a contact +32400 +41400 4 13 1000
a contact +32400 +41400 13 4 1000
a contact +32400 +41400 14 3 1000
a contact +34200 +42000 1 7 1000
a contact +33000 +42000 1 12 1000
a contact +34200 +42000 2 8 1000
a contact +33000 +42000 2 11 1000
a contact +33600 +42000 3 11 1000
a contact +33600 +42000 4 12 1000
a contact +31800 +42000 5 12 1000
a contact +31800 +42000 6 11 1000
a contact +34200 +42000 7 1 1000
a contact +34200 +42000 8 2 1000
a contact +32400 +42000 9 14 1000
a contact +32400 +42000 10 13 1000
a contact +33000 +42000 11 2 1000
a contact +33600 +42000 11 3 1000
a contact +31800 +42000 11 6 1000
a contact +33000 +42000 12 1 1000
a contact +33600 +42000 12 4 1000
a contact +31800 +42000 12 5 1000
a contact +32400 +42000 13 10 1000
a contact +32400 +42000 14 9 1000
a contact +0 +42600 1 18 1000
a contact +0 +42600 2 18 1000
a contact +36600 +42600 3 18 1000
a contact +27000 +42600 4 18 1000
a contact +0 +42600 5 18 1000
a contact +0 +42600 6 18 1000
a contact +0 +42600 7 18 1000
a contact +0 +42600 8 18 1000
a contact +0 +42600 9 18 1000
a contact +0 +42600 10 18 1000
a contact +42000 +42600 11 18 1000
a contact +27600 +42600 12 18 1000
a contact +0 +42600 13 18 1000
a contact +0 +42600 14 18 1000
a contact +0 +42600 15 18 1000
a contact +0 +42600 16 18 1000
a contact +0 +42600 18 1 1000
a contact +0 +42600 18 2 1000
a contact +36600 +42600 18 3 1000
a contact +27000 +42600 18 4 1000
a contact +0 +42600 18 5 1000
a contact +0 +42600 18 6 1000
a contact +0 +42600 18 7 1000
a contact +0 +42600 18 8 1000
a contact +0 +42600 18 9 1000
a contact +0 +42600 18 10 1000
a contact +42000 +42600 18 11 1000
a contact +27600 +42600 18 12 1000
a contact +0 +42600 18 13 1000
a contact +0 +42600 18 14 1000
a contact +0 +42600 18 15 1000
a contact +0 +42600 18 16 1000
a contact +33000 +43800 7 16 1000
a contact +33000 +43800 8 15 1000
a contact +33000 +43800 15 8 1000
a contact +33000 +43800 16 7 1000
a contact +36600 +44400 1 10 1000
a contact +36600 +44400 2 9 1000
a contact +30000 +44400 4 19 1000
a contact +36600 +44400 9 2 1000
a contact +36600 +44400 10 1 1000
a contact +0 +44400 11 13 1000
a contact +0 +44400 12 14 1000
a contact +0 +44400 13 11 1000
a contact +0 +44400 14 12 1000
a contact +30000 +44400 19 4 1000
a contact +43800 +45000 3 5 1000
a contact +43800 +45000 5 3 1000
a contact +40800 +45000 5 8 1000
a contact +21000 +45000 5 16 1000
a contact +40200 +45000 6 7 1000
a contact +21000 +45000 6 15 1000
a contact +40200 +45000 7 6 1000
a contact +40800 +45000 8 5 1000
a contact +21000 +45000 15 6 1000
a contact +21000 +45000 16 5 1000
a contact +15000 +45600 1 14 1000
a contact +43800 +45600 2 4 1000
a contact +14400 +45600 2 13 1000
a contact +43800 +45600 4 2 1000
a contact +43200 +45600 4 6 1000
a contact +43200 +45600 6 4 1000
a contact +37200 +45600 7 11 1000
a contact +34800 +45600 7 14 1000
a contact +37200 +45600 8 12 1000
a contact +34800 +45600 8 13 1000
a contact +37200 +45600 11 7 1000
a contact +37200 +45600 12 8 1000
a contact +14400 +45600 13 2 1000
a contact +34800 +45600 13 8 1000
a contact +15000 +45600 14 1 1000
a contact +34800 +45600 14 7 1000
a contact +40800 +46200 1 6 1000
a contact +39000 +46200 1 8 1000
a contact +38400 +46200 1 11 1000
a contact +40800 +46200 2 5 1000
a contact +39000 +46200 2 7 1000
a contact +38400 +46200 2 12 1000
a contact +36000 +46200 3 9 1000
a contact +36600 +46200 4 10 1000
a contact +40800 +46200 5 2 1000
a contact +36600 +46200 5 14 1000
a contact +40800 +46200 6 1 1000
a contact +36600 +46200 6 13 1000
a contact +39000 +46200 7 2 1000
a contact +39000 +46200 8 1 1000
a contact +36000 +46200 9 3 1000
a contact +36600 +46200 10 4 1000
a contact +38400 +46200 11 1 1000
a contact +38400 +46200 12 2 1000
a contact +36600 +46200 13 6 1000
a contact +36600 +46200 14 5 1000
a contact +37200 +46800 3 13 1000
a contact +37200 +46800 13 3 1000
a contact +0 +47400 3 7 1000
a contact +37200 +47400 4 14 1000
a contact +37800 +47400 5 11 1000
a contact +37800 +47400 6 12 1000
a contact +0 +47400 7 3 1000
a contact +37800 +47400 11 5 1000
a contact +37800 +47400 12 6 1000
a contact +37200 +47400 14 4 1000
a contact +39600 +48000 3 12 1000
a contact +0 +48000 4 8 1000
a contact +39600 +48000 4 11 1000
a contact +0 +48000 8 4 1000
a contact +39600 +48000 11 4 1000
a contact +39600 +48000 12 3 1000
a contact +42000 +49200 1 9 1000
a contact +42000 +49200 2 10 1000
a contact +42000 +49200 9 1 1000
a contact +42000 +49200 10 2 1000
a contact +40200 +50400 7 15 1000
a contact +40200 +50400 8 16 1000
a contact +40200 +50400 15 7 1000
a contact +40200 +50400 16 8 1000
a contact +43200 +51000 3 10 1000
a contact +43200 +51000 4 9 1000
a contact +43200 +51000 9 4 1000
a contact +43200 +51000 10 3 1000
a contact +43800 +52200 1 7 1000
a contact +43800 +52200 2 8 1000
a contact +43200 +52200 2 11 1000
a contact +43200 +52200 5 13 1000
a contact +41400 +52200 5 15 1000
a contact +41400 +52200 6 16 1000
a contact +43800 +52200 7 1 1000
a contact +43800 +52200 8 2 1000
a contact +43200 +52200 11 2 1000
a contact +43200 +52200 13 5 1000
a contact +41400 +52200 15 5 1000
a contact +41400 +52200 16 6 1000
a contact +43200 +52800 1 12 1000
a contact +21600 +52800 1 16 1000
a contact +21600 +52800 2 15 1000
a contact +43200 +52800 6 14 1000
a contact +43200 +52800 12 1 1000
a contact +43200 +52800 14 6 1000
a contact +21600 +52800 15 2 1000
a contact +21600 +52800 16 1 1000
a contact +45000 +53400 3 11 1000
a contact +45000 +53400 11 3 1000
a contact +43800 +54000 3 14 1000
a contact +52200 +54000 3 17 1000
a contact +36600 +54000 3 19 1000
a contact +45000 +54000 4 12 1000
a contact +43800 +54000 4 13 1000
a contact +45000 +54000 12 4 1000
a contact +43800 +54000 13 4 1000
a contact +43800 +54000 14 3 1000
a contact +52200 +54000 17 3 1000
a contact +36600 +54000 19 3 1000
a contact +47400 +54600 1 10 1000
a contact +47400 +54600 2 9 1000
a contact +43200 +54600 5 12 1000
a contact +43200 +54600 6 11 1000
a contact +47400 +54600 9 2 1000
a contact +43800 +54600 9 16 1000
a contact +47400 +54600 10 1 1000
a contact +43800 +54600 10 15 1000
a contact +43200 +54600 11 6 1000
a contact +43200 +54600 12 5 1000
a contact +52200 +54600 12 17 1000
a contact +30000 +54600 12 19 1000
a contact +43800 +54600 15 10 1000
a contact +43800 +54600 16 9 1000
a contact +52200 +54600 17 12 1000
a contact +30000 +54600 19 12 1000
a contact +49800 +56400 1 8 1000
a contact +50400 +56400 2 5 1000
a contact +49200 +56400 2 7 1000
a contact +50400 +56400 5 2 1000
a contact +49200 +56400 7 2 1000
a contact +49800 +56400 8 1 1000
a contact +51600 +57000 1 3 1000
a contact +50400 +57000 1 6 1000
a contact +49200 +57000 1 14 1000
a contact +49200 +57000 2 13 1000
a contact +51600 +57000 3 1 1000
a contact +47400 +57000 3 9 1000
a contact +48000 +57000 4 10 1000
a contact +50400 +57000 6 1 1000
a contact +47400 +57000 9 3 1000
a contact +48000 +57000 10 4 1000
a contact +45600 +57000 10 13 1000
a contact +49200 +57000 13 2 1000
a contact +45600 +57000 13 10 1000
a contact +0 +57000 13 16 1000
a contact +49200 +57000 14 1 1000
a contact +0 +57000 14 15 1000
a contact +0 +57000 15 14 1000
a contact +0 +57000 16 13 1000
a contact +49800 +57600 1 11 1000
a contact +49800 +57600 2 12 1000
a contact +51000 +57600 3 7 1000
a contact +12600 +57600 3 15 1000
a contact +22800 +57600 4 16 1000
a contact +47400 +57600 5 16 1000
a contact +47400 +57600 6 15 1000
a contact +51000 +57600 7 3 1000
a contact +46800 +57600 7 16 1000
a contact +46800 +57600 8 15 1000
a contact +49800 +57600 11 1 1000
a contact +49800 +57600 11 13 1000
a contact +49800 +57600 12 2 1000
a contact +50400 +57600 12 14 1000
a contact +49800 +57600 13 11 1000
a contact +50400 +57600 14 12 1000
a contact +12600 +57600 15 3 1000
a contact +47400 +57600 15 6 1000
a contact +46800 +57600 15 8 1000
a contact +22800 +57600 16 4 1000
a contact +47400 +57600 16 5 1000
a contact +46800 +57600 16 7 1000
a contact +51000 +58200 4 8 1000
a contact +48600 +58200 7 14 1000
a contact +51000 +58200 8 4 1000
a contact +48600 +58200 8 13 1000
a contact +48600 +58200 13 8 1000
a contact +48600 +58200 14 7 1000
a contact +49800 +58800 3 13 1000
a contact +49800 +58800 4 14 1000
a contact +49200 +58800 5 14 1000
a contact +49200 +58800 6 13 1000
a contact +50400 +58800 7 11 1000
a contact +50400 +58800 8 12 1000
a contact +50400 +58800 11 7 1000
a contact +50400 +58800 12 8 1000
a contact +49800 +58800 13 3 1000
a contact +49200 +58800 13 6 1000
a contact +49800 +58800 14 4 1000
a contact +49200 +58800 14 5 1000
a contact +51000 +59400 3 12 1000
a contact +51000 +59400 4 11 1000
a contact +50400 +59400 5 11 1000
a contact +50400 +59400 6 12 1000
a contact +51000 +59400 11 4 1000
a contact +50400 +59400 11 5 1000
a contact +51000 +59400 12 3 1000
a contact +50400 +59400 12 6 1000
a contact +52200 +60000 1 9 1000
a contact +52200 +60000 2 10 1000
a contact +52200 +60000 9 1 1000
a contact +52200 +60000 10 2 1000
a contact +0 +60000 11 15 1000
a contact +0 +60000 12 16 1000
a contact +0 +60000 15 11 1000
a contact +0 +60000 16 12 1000
a contact +54000 +61800 2 8 1000
a contact +54000 +61800 8 2 1000
a contact +54000 +62400 1 7 1000
a contact +54000 +62400 3 10 1000
a contact +54000 +62400 4 9 1000
a contact +54000 +62400 7 1 1000
a contact +54000 +62400 9 4 1000
a contact +54000 +62400 10 3 1000
a contact +54600 +63000 1 12 1000
a contact +54600 +63000 2 11 1000
a contact +54600 +63000 11 2 1000
a contact +54600 +63000 12 1 1000
a contact +32400 +63600 1 13 1000
a contact +32400 +63600 2 14 1000
a contact +32400 +63600 13 1 1000
a contact +32400 +63600 14 2 1000
a contact +52200 +64200 4 17 1000
a contact +46800 +64200 4 19 1000
a contact +54000 +64200 7 15 1000
a contact +54000 +64200 8 16 1000
a contact +54000 +64200 15 7 1000
a contact +54000 +64200 16 8 1000
a contact +52200 +64200 17 4 1000
a contact +46800 +64200 19 4 1000
a contact +55800 +64800 5 13 1000
a contact +55800 +64800 13 5 1000
a contact +57600 +65400 1 10 1000
a contact +57600 +65400 2 9 1000
a contact +56400 +65400 3 11 1000
a contact +54600 +65400 3 14 1000
a contact +57000 +65400 4 12 1000
a contact +55200 +65400 4 13 1000
a contact +55800 +65400 6 14 1000
a contact +57600 +65400 9 2 1000
a contact +57600 +65400 10 1 1000
a contact +56400 +65400 11 3 1000
a contact +57000 +65400 12 4 1000
a contact +55200 +65400 13 4 1000
a contact +54600 +65400 14 3 1000
a contact +55800 +65400 14 6 1000
a contact +59400 +66600 2 7 1000
a contact +55200 +66600 5 12 1000
a contact +55200 +66600 6 11 1000
a contact +59400 +66600 7 2 1000
a contact +55200 +66600 11 6 1000
a contact +55200 +66600 12 5 1000
a contact +59400 +67200 1 8 1000
a contact +59400 +67200 8 1 1000
a contact +59400 +67800 3 9 1000
a contact +59400 +67800 4 10 1000
a contact +59400 +67800 9 3 1000
a contact +59400 +67800 10 4 1000
a contact +62400 +68400 3 7 1000
a contact +62400 +68400 4 8 1000
a contact +0 +68400 5 10 1000
a contact +0 +68400 6 9 1000
a contact +62400 +68400 7 3 1000
a contact +62400 +68400 8 4 1000
a contact +0 +68400 9 6 1000
a contact +0 +68400 10 5 1000
a contact +52200 +68400 11 17 1000
a contact +42000 +68400 11 19 1000
a contact +52200 +68400 17 11 1000
a contact +42000 +68400 19 11 1000
a contact +60000 +69000 1 11 1000
a contact +60000 +69000 2 12 1000
a contact +60000 +69000 11 1 1000
a contact +60000 +69000 12 2 1000
a contact +0 +69600 7 10 1000
a contact +58200 +69600 9 16 1000
a contact +0 +69600 10 7 1000
a contact +58200 +69600 10 15 1000
a contact +58200 +69600 15 10 1000
a contact +58200 +69600 16 9 1000
a contact +63000 +70200 1 9 1000
a contact +63000 +70200 2 10 1000
a contact +61200 +70200 3 15 1000
a contact +61800 +70200 4 16 1000
a contact +63000 +70200 9 1 1000
a contact +63000 +70200 10 2 1000
a contact +61200 +70200 15 3 1000
a contact +61800 +70200 16 4 1000
a contact +41400 +70800 1 15 1000
a contact +40800 +70800 2 16 1000
a contact +62400 +70800 3 12 1000
a contact +61800 +70800 3 13 1000
a contact +62400 +70800 4 11 1000
a contact +61200 +70800 5 16 1000
a contact +61200 +70800 6 15 1000
a contact +62400 +70800 11 4 1000
a contact +66000 +70800 11 13 1000
a contact +62400 +70800 12 3 1000
a contact +66000 +70800 12 14 1000
a contact +61800 +70800 13 3 1000
a contact +66000 +70800 13 11 1000
a contact +62400 +70800 13 16 1000
a contact +66000 +70800 14 12 1000
a contact +41400 +70800 15 1 1000
a contact +61200 +70800 15 6 1000
a contact +40800 +70800 16 2 1000
a contact +61200 +70800 16 5 1000
a contact +62400 +70800 16 13 1000
a contact +61800 +71400 4 14 1000
a contact +61800 +71400 5 14 1000
a contact +61800 +71400 6 13 1000
a contact +60600 +71400 7 16 1000
a contact +60600 +71400 8 15 1000
a contact +61800 +71400 13 6 1000
a contact +61800 +71400 14 4 1000
a contact +61800 +71400 14 5 1000
a contact +62400 +71400 14 15 1000
a contact +60600 +71400 15 8 1000
a contact +62400 +71400 15 14 1000
a contact +60600 +71400 16 7 1000
a contact +15000 +72000 1 5 1000
a contact +64200 +72000 1 7 1000
a contact +15000 +72000 2 6 1000
a contact +64200 +72000 2 8 1000
a contact +15000 +72000 5 1 1000
a contact +62400 +72000 5 11 1000
a contact +15000 +72000 6 2 1000
a contact +62400 +72000 6 12 1000
a contact +64200 +72000 7 1 1000
a contact +61800 +72000 7 14 1000
a contact +64200 +72000 8 2 1000
a contact +61800 +72000 8 13 1000
a contact +62400 +72000 11 5 1000
a contact +62400 +72000 12 6 1000
a contact +61800 +72000 13 8 1000
a contact +61800 +72000 14 7 1000
a contact +64800 +72600 1 13 1000
a contact +64800 +72600 2 14 1000
a contact +63000 +72600 7 11 1000
a contact +63000 +72600 8 12 1000
a contact +63000 +72600 11 7 1000
a contact +63000 +72600 12 8 1000
a contact +64800 +72600 13 1 1000
a contact +64800 +72600 14 2 1000
a contact +66000 +73200 2 11 1000
a contact +66000 +73200 11 2 1000
a contact +60600 +73200 11 15 1000
a contact +60600 +73200 12 16 1000
a contact +60600 +73200 15 11 1000
a contact +60600 +73200 16 12 1000
a contact +66000 +73800 1 12 1000
a contact +56400 +73800 3 17 1000
a contact +56400 +73800 3 19 1000
a contact +66000 +73800 12 1 1000
a contact +56400 +73800 17 3 1000
a contact +56400 +73800 19 3 1000
a contact +64800 +74400 3 10 1000
a contact +64800 +74400 4 9 1000
a contact +64800 +74400 9 4 1000
a contact +64800 +74400 10 3 1000
a contact +68400 +75600 1 10 1000
a contact +68400 +75600 2 9 1000
a contact +68400 +75600 9 2 1000
a contact +68400 +75600 10 1 1000
a contact +68400 +76800 3 11 1000
a contact +67200 +76800 3 14 1000
a contact +68400 +76800 4 12 1000
a contact +67200 +76800 4 13 1000
a contact +68400 +76800 11 3 1000
a contact +68400 +76800 12 4 1000
a contact +67200 +76800 13 4 1000
a contact +67200 +76800 14 3 1000
a contact +69600 +77400 1 8 1000
a contact +69600 +77400 2 7 1000
a contact +68400 +77400 5 13 1000
a contact +53400 +77400 5 15 1000
a contact +53400 +77400 6 16 1000
a contact +69600 +77400 7 2 1000
a contact +69600 +77400 8 1 1000
a contact +21600 +77400 9 15 1000
a contact +21600 +77400 10 16 1000
a contact +68400 +77400 13 5 1000
a contact +53400 +77400 15 5 1000
a contact +21600 +77400 15 9 1000
a contact +53400 +77400 16 6 1000
a contact +21600 +77400 16 10 1000
a contact +67800 +78000 5 12 1000
a contact +67800 +78000 6 11 1000
a contact +68400 +78000 6 14 1000
a contact +67200 +78000 7 15 1000
a contact +67800 +78000 8 16 1000
a contact +67800 +78000 11 6 1000
a contact +67800 +78000 12 5 1000
a contact +68400 +78000 14 6 1000
a contact +67200 +78000 15 7 1000
a contact +67800 +78000 16 8 1000
a contact +30000 +78600 1 19 1000
a contact +30000 +78600 2 19 1000
a contact +70800 +78600 3 9 1000
a contact +75600 +78600 3 19 1000
a contact +70800 +78600 4 10 1000
a contact +66000 +78600 4 19 1000
a contact +30000 +78600 5 19 1000
a contact +30000 +78600 6 19 1000
a contact +30000 +78600 7 19 1000
a contact +30000 +78600 8 19 1000
a contact +70800 +78600 9 3 1000
a contact +30000 +78600 9 19 1000
a contact +70800 +78600 10 4 1000
a contact +30000 +78600 10 19 1000
a contact +69600 +78600 11 19 1000
a contact +55800 +78600 12 19 1000
a contact +30000 +78600 13 19 1000
a contact +30000 +78600 14 19 1000
a contact +30000 +78600 15 19 1000
a contact +30000 +78600 16 19 1000
a contact +30000 +78600 19 1 1000
a contact +30000 +78600 19 2 1000
a contact +75600 +78600 19 3 1000
a contact +66000 +78600 19 4 1000
a contact +30000 +78600 19 5 1000
a contact +30000 +78600 19 6 1000
a contact +30000 +78600 19 7 1000
a contact +30000 +78600 19 8 1000
a contact +30000 +78600 19 9 1000
a contact +30000 +78600 19 10 1000
a contact +69600 +78600 19 11 1000
a contact +55800 +78600 19 12 1000
a contact +30000 +78600 19 13 1000
a contact +30000 +78600 19 14 1000
a contact +30000 +78600 19 15 1000
a contact +30000 +78600 19 16 1000
a contact +70200 +79200 1 11 1000
a contact +70200 +79200 2 12 1000
a contact +71400 +79200 5 10 1000
a contact +71400 +79200 6 9 1000
a contact +40800 +79200 7 13 1000
a contact +40800 +79200 8 14 1000
a contact +71400 +79200 9 6 1000
a contact +71400 +79200 10 5 1000
a contact +70200 +79200 11 1 1000
a contact +70200 +79200 12 2 1000
a contact +40800 +79200 13 7 1000
a contact +40800 +79200 14 8 1000
a contact +72600 +79800 3 7 1000
a contact +72600 +79800 4 8 1000
a contact +72600 +79800 7 3 1000
a contact +71400 +79800 7 10 1000
a contact +72600 +79800 8 4 1000
a contact +0 +79800 8 9 1000
a contact +0 +79800 9 8 1000
a contact +71400 +79800 10 7 1000
a contact +73800 +81000 1 5 1000
a contact +73200 +81000 1 9 1000
a contact +73800 +81000 2 6 1000
a contact +73200 +81000 2 10 1000
a contact +73800 +81000 5 1 1000
a contact +73800 +81000 6 2 1000
a contact +73200 +81000 9 1 1000
a contact +73200 +81000 10 2 1000
a contact +75000 +81600 1 7 1000
a contact +75000 +81600 2 8 1000
a contact +75000 +81600 7 1 1000
a contact +75000 +81600 8 2 1000
a contact +73800 +82200 3 12 1000
a contact +73800 +82200 12 3 1000
a contact +74400 +82800 4 11 1000
a contact +74400 +82800 11 4 1000
a contact +55800 +82800 12 17 1000
a contact +78600 +82800 12 18 1000
a contact +55800 +82800 17 12 1000
a contact +78600 +82800 18 12 1000
a contact +73200 +83400 3 13 1000
a contact +73200 +83400 13 3 1000
a contact +73200 +84000 4 14 1000
a contact +66000 +84000 4 17 1000
a contact +78600 +84000 4 18 1000
a contact +74400 +84000 5 14 1000
a contact +74400 +84000 6 13 1000
a contact +72000 +84000 9 16 1000
a contact +74400 +84000 13 6 1000
a contact +73200 +84000 14 4 1000
a contact +74400 +84000 14 5 1000
a contact +72000 +84000 16 9 1000
a contact +66000 +84000 17 4 1000
a contact +78600 +84000 18 4 1000
a contact +74400 +84600 5 11 1000
a contact +73800 +84600 5 16 1000
a contact +74400 +84600 6 12 1000
a contact +73800 +84600 6 15 1000
a contact +74400 +84600 7 16 1000
a contact +74400 +84600 8 15 1000
a contact +72600 +84600 10 15 1000
a contact +74400 +84600 11 5 1000
a contact +74400 +84600 12 6 1000
a contact +73800 +84600 15 6 1000
a contact +74400 +84600 15 8 1000
a contact +72600 +84600 15 10 1000
a contact +73800 +84600 16 5 1000
a contact +74400 +84600 16 7 1000
a contact +76800 +85200 1 12 1000
a contact +76800 +85200 2 11 1000
a contact +75600 +85200 3 10 1000
a contact +75600 +85200 4 9 1000
a contact +75000 +85200 8 13 1000
a contact +75600 +85200 9 4 1000
a contact +75600 +85200 10 3 1000
a contact +76800 +85200 11 2 1000
a contact +81000 +85200 11 13 1000
a contact +76800 +85200 12 1 1000
a contact +81600 +85200 12 14 1000
a contact +75000 +85200 13 8 1000
a contact +81000 +85200 13 11 1000
a contact +81600 +85200 14 12 1000
a contact +75000 +85800 7 14 1000
a contact +79800 +85800 13 16 1000
a contact +75000 +85800 14 7 1000
a contact +79800 +85800 14 15 1000
a contact +79800 +85800 15 14 1000
a contact +79800 +85800 16 13 1000
a contact +58800 +86400 1 3 1000
a contact +0 +86400 1 4 1000
a contact +84600 +86400 1 5 1000
a contact +59400 +86400 1 6 1000
a contact +85200 +86400 1 7 1000
a contact +79200 +86400 1 8 1000
a contact +84000 +86400 1 9 1000
a contact +78600 +86400 1 10 1000
a contact +81600 +86400 1 11 1000
a contact +76800 +86400 1 13 1000
a contact +58800 +86400 1 14 1000
a contact +78000 +86400 1 15 1000
a contact +59400 +86400 1 16 1000
a contact +52200 +86400 1 17 1000
a contact +78600 +86400 1 18 1000
a contact +0 +86400 2 3 1000
a contact +51000 +86400 2 4 1000
a contact +59400 +86400 2 5 1000
a contact +84600 +86400 2 6 1000
a contact +79200 +86400 2 7 1000
a contact +85200 +86400 2 8 1000
a contact +78600 +86400 2 9 1000
a contact +84000 +86400 2 10 1000
a contact +81600 +86400 2 12 1000
a contact +58800 +86400 2 13 1000
a contact +76800 +86400 2 14 1000
a contact +59400 +86400 2 15 1000
a contact +78000 +86400 2 16 1000
a contact +52200 +86400 2 17 1000
a contact +78600 +86400 2 18 1000
a contact +58800 +86400 3 1 1000
a contact +0 +86400 3 2 1000
a contact +84000 +86400 3 5 1000
a contact +0 +86400 3 6 1000
a contact +82800 +86400 3 7 1000
a contact +23400 +86400 3 8 1000
a contact +82200 +86400 3 9 1000
a contact +79800 +86400 3 11 1000
a contact +85800 +86400 3 12 1000
a contact +84600 +86400 3 13 1000
a contact +79800 +86400 3 14 1000
a contact +71400 +86400 3 15 1000
a contact +42600 +86400 3 16 1000
a contact +75600 +86400 3 17 1000
a contact +78600 +86400 3 18 1000
a contact +0 +86400 4 1 1000
a contact +51000 +86400 4 2 1000
a contact +0 +86400 4 5 1000
a contact +84000 +86400 4 6 1000
a contact +24000 +86400 4 7 1000
a contact +82800 +86400 4 8 1000
a contact +82200 +86400 4 10 1000
a contact +85800 +86400 4 11 1000
a contact +79800 +86400 4 12 1000
a contact +79800 +86400 4 13 1000
a contact +84600 +86400 4 14 1000
a contact +43200 +86400 4 15 1000
a contact +72000 +86400 4 16 1000
a contact +85800 +86400 4 17 1000
a contact +85800 +86400 4 18 1000
a contact +84600 +86400 5 1 1000
a contact +59400 +86400 5 2 1000
a contact +84000 +86400 5 3 1000
a contact +0 +86400 5 4 1000
a contact +0 +86400 5 7 1000
a contact +41400 +86400 5 9 1000
a contact +84000 +86400 5 10 1000
a contact +80400 +86400 5 12 1000
a contact +81000 +86400 5 13 1000
a contact +79800 +86400 5 15 1000
a contact +85800 +86400 5 16 1000
a contact +52200 +86400 5 17 1000
a contact +78600 +86400 5 18 1000
a contact +59400 +86400 6 1 1000
a contact +84600 +86400 6 2 1000
a contact +0 +86400 6 3 1000
a contact +84000 +86400 6 4 1000
a contact +0 +86400 6 8 1000
a contact +84000 +86400 6 9 1000
a contact +41400 +86400 6 10 1000
a contact +80400 +86400 6 11 1000
a contact +81000 +86400 6 14 1000
a contact +85800 +86400 6 15 1000
a contact +79800 +86400 6 16 1000
a contact +52200 +86400 6 17 1000
a contact +78600 +86400 6 18 1000
a contact +85200 +86400 7 1 1000
a contact +79200 +86400 7 2 1000
a contact +82800 +86400 7 3 1000
a contact +24000 +86400 7 4 1000
a contact +0 +86400 7 5 1000
a contact +3600 +86400 7 9 1000
a contact +74400 +86400 7 11 1000
a contact +0 +86400 7 12 1000
a contact +81000 +86400 7 13 1000
a contact +81000 +86400 7 15 1000
a contact +52200 +86400 7 17 1000
a contact +78600 +86400 7 18 1000
a contact +79200 +86400 8 1 1000
a contact +85200 +86400 8 2 1000
a contact +23400 +86400 8 3 1000
a contact +82800 +86400 8 4 1000
a contact +0 +86400 8 6 1000
a contact +85800 +86400 8 9 1000
a contact +3600 +86400 8 10 1000
a contact +0 +86400 8 11 1000
a contact +74400 +86400 8 12 1000
a contact +81000 +86400 8 14 1000
a contact +81000 +86400 8 16 1000
a contact +52200 +86400 8 17 1000
a contact +78600 +86400 8 18 1000
a contact +84000 +86400 9 1 1000
a contact +78600 +86400 9 2 1000
a contact +82200 +86400 9 3 1000
a contact +41400 +86400 9 5 1000
a contact +84000 +86400 9 6 1000
a contact +3600 +86400 9 7 1000
a contact +85800 +86400 9 8 1000
a contact +19200 +86400 9 11 1000
a contact +0 +86400 9 12 1000
a contact +0 +86400 9 13 1000
a contact +45600 +86400 9 14 1000
a contact +79200 +86400 9 15 1000
a contact +52200 +86400 9 17 1000
a contact +78600 +86400 9 18 1000
a contact +78600 +86400 10 1 1000
a contact +84000 +86400 10 2 1000
a contact +82200 +86400 10 4 1000
a contact +84000 +86400 10 5 1000
a contact +41400 +86400 10 6 1000
a contact +3600 +86400 10 8 1000
a contact +0 +86400 10 11 1000
a contact +19800 +86400 10 12 1000
a contact +58200 +86400 10 13 1000
a contact +0 +86400 10 14 1000
a contact +79200 +86400 10 16 1000
a contact +52200 +86400 10 17 1000
a contact +78600 +86400 10 18 1000
a contact +81600 +86400 11 1 1000
a contact +79800 +86400 11 3 1000
a contact +85800 +86400 11 4 1000
a contact +80400 +86400 11 6 1000
a contact +74400 +86400 11 7 1000
a contact +0 +86400 11 8 1000
a contact +19200 +86400 11 9 1000
a contact +0 +86400 11 10 1000
a contact +0 +86400 11 14 1000
a contact +77400 +86400 11 15 1000
a contact +22800 +86400 11 16 1000
a contact +69600 +86400 11 17 1000
a contact +78600 +86400 11 18 1000
a contact +81600 +86400 12 2 1000
a contact +85800 +86400 12 3 1000
a contact +79800 +86400 12 4 1000
a contact +80400 +86400 12 5 1000
a contact +0 +86400 12 7 1000
a contact +74400 +86400 12 8 1000
a contact +0 +86400 12 9 1000
a contact +19800 +86400 12 10 1000
a contact +0 +86400 12 13 1000
a contact +22800 +86400 12 15 1000
a contact +77400 +86400 12 16 1000
a contact +84000 +86400 12 17 1000
a contact +84000 +86400 12 18 1000
a contact +76800 +86400 13 1 1000
a contact +58800 +86400 13 2 1000
a contact +84600 +86400 13 3 1000
a contact +79800 +86400 13 4 1000
a contact +81000 +86400 13 5 1000
a contact +81000 +86400 13 7 1000
a contact +0 +86400 13 9 1000
a contact +58200 +86400 13 10 1000
a contact +0 +86400 13 12 1000
a contact +0 +86400 13 15 1000
a contact +52200 +86400 13 17 1000
a contact +78600 +86400 13 18 1000
a contact +58800 +86400 14 1 1000
a contact +76800 +86400 14 2 1000
a contact +79800 +86400 14 3 1000
a contact +84600 +86400 14 4 1000
a contact +81000 +86400 14 6 1000
a contact +81000 +86400 14 8 1000
a contact +45600 +86400 14 9 1000
a contact +0 +86400 14 10 1000
a contact +0 +86400 14 11 1000
a contact +0 +86400 14 16 1000
a contact +52200 +86400 14 17 1000
a contact +78600 +86400 14 18 1000
a contact +78000 +86400 15 1 1000
a contact +59400 +86400 15 2 1000
a contact +71400 +86400 15 3 1000
a contact +43200 +86400 15 4 1000
a contact +79800 +86400 15 5 1000
a contact +85800 +86400 15 6 1000
a contact +81000 +86400 15 7 1000
a contact +79200 +86400 15 9 1000
a contact +77400 +86400 15 11 1000
a contact +22800 +86400 15 12 1000
a contact +0 +86400 15 13 1000
a contact +52200 +86400 15 17 1000
a contact +78600 +86400 15 18 1000
a contact +59400 +86400 16 1 1000
a contact +78000 +86400 16 2 1000
a contact +42600 +86400 16 3 1000
a contact +72000 +86400 16 4 1000
a contact +85800 +86400 16 5 1000
a contact +79800 +86400 16 6 1000
a contact +81000 +86400 16 8 1000
a contact +79200 +86400 16 10 1000
a contact +22800 +86400 16 11 1000
a contact +77400 +86400 16 12 1000
a contact +0 +86400 16 14 1000
a contact +52200 +86400 16 17 1000
a contact +78600 +86400 16 18 1000
a contact +52200 +86400 17 1 1000
a contact +52200 +86400 17 2 1000
a contact +75600 +86400 17 3 1000
a contact +85800 +86400 17 4 1000
a contact +52200 +86400 17 5 1000
a contact +52200 +86400 17 6 1000
a contact +52200 +86400 17 7 1000
a contact +52200 +86400 17 8 1000
a contact +52200 +86400 17 9 1000
a contact +52200 +86400 17 10 1000
a contact +69600 +86400 17 11 1000
a contact +84000 +86400 17 12 1000
a contact +52200 +86400 17 13 1000
a contact +52200 +86400 17 14 1000
a contact +52200 +86400 17 15 1000
a contact +52200 +86400 17 16 1000
a contact +78600 +86400 18 1 1000
a contact +78600 +86400 18 2 1000
a contact +78600 +86400 18 3 1000
a contact +85800 +86400 18 4 1000
a contact +78600 +86400 18 5 1000
a contact +78600 +86400 18 6 1000
a contact +78600 +86400 18 7 1000
a contact +78600 +86400 18 8 1000
a contact +78600 +86400 18 9 1000
a contact +78600 +86400 18 10 1000
a contact +78600 +86400 18 11 1000
a contact +84000 +86400 18 12 1000
a contact +78600 +86400 18 13 1000
a contact +78600 +86400 18 14 1000
a contact +78600 +86400 18 15 1000
a contact +78600 +86400 18 16 1000

a range +0 +600 1 3 0.0426
a range +0 +600 2 4 0.0435
a range +0 +600 3 1 0.0426
a range +0 +600 3 9 0.0517
a range +0 +600 4 2 0.0435
a range +0 +600 4 10 0.0506
a range +0 +600 9 3 0.0517
a range +0 +600 10 4 0.0506
a range +0 +600 10 12 0.0574
a range +0 +600 12 10 0.0574
a range +0 +1200 1 7 0.0487
a range +0 +1200 1 14 0.0527
a range +0 +1200 2 8 0.0489
a range +0 +1200 2 13 0.0530
a range +0 +1200 7 1 0.0487
a range +0 +1200 8 2 0.0489
a range +0 +1200 9 11 0.0578
a range +0 +1200 9 14 0.0600
a range +0 +1200 10 13 0.0594
a range +0 +1200 11 9 0.0578
a range +0 +1200 13 2 0.0530
a range +0 +1200 13 10 0.0594
a range +0 +1200 14 1 0.0527
a range +0 +1200 14 9 0.0600
a range +0 +1800 3 12 0.0541
a range +0 +1800 4 11 0.0535
a range +0 +1800 5 13 0.0560
a range +0 +1800 6 14 0.0557
a range +0 +1800 11 4 0.0535
a range +0 +1800 12 3 0.0541
a range +0 +1800 13 5 0.0560
a range +0 +1800 14 6 0.0557
a range +0 +2400 1 10 0.0506
a range +0 +2400 2 9 0.0513
a range +0 +2400 7 16 0.0600
a range +0 +2400 8 15 0.0599
a range +0 +2400 9 2 0.0513
a range +0 +2400 10 1 0.0506
a range +0 +2400 15 8 0.0599
a range +0 +2400 16 7 0.0600
a range +0 +3000 1 5 0.0463
a range +0 +3000 1 11 0.0510
a range +0 +3000 2 6 0.0463
a range +0 +3000 2 12 0.0513
a range +0 +3000 5 1 0.0463
a range +0 +3000 6 2 0.0463
a range +0 +3000 11 1 0.0510
a range +0 +3000 12 2 0.0513
a range +0 +3600 5 9 0.0533
a range +0 +3600 6 10 0.0533
a range +0 +3600 9 5 0.0533
a range +0 +3600 10 6 0.0533
a range +0 +4200 5 12 0.0542
a range +0 +4200 6 11 0.0541
a range +0 +4200 9 15 0.0611
a range +0 +4200 11 6 0.0541
a range +0 +4200 12 5 0.0542
a range +0 +4200 15 9 0.0611
a range +0 +4800 10 16 0.0627
a range +0 +4800 16 10 0.0627
a range +0 +5400 4 17 1101.9620
a range +0 +5400 4 18 1101.9602
a range +0 +5400 5 16 0.0573
a range +0 +5400 6 15 0.0573
a range +0 +5400 11 16 0.0635
a range +0 +5400 12 15 0.0636
a range +0 +5400 15 6 0.0573
a range +0 +5400 15 12 0.0636
a range +0 +5400 16 5 0.0573
a range +0 +5400 16 11 0.0635
a range +0 +5400 17 4 1101.9620
a range +0 +5400 18 4 1101.9602
a range +0 +6000 3 14 0.0539
a range +0 +6000 4 13 0.0537
a range +0 +6000 13 4 0.0537
a range +0 +6000 14 3 0.0539
a range +0 +6600 1 8 0.0476
a range +0 +6600 2 7 0.0478
a range +0 +6600 7 2 0.0478
a range +0 +6600 8 1 0.0476
a range +0 +7200 1 9 0.0487
a range +0 +7200 2 10 0.0484
a range +0 +7200 3 10 0.0512
a range +0 +7200 3 11 0.0522
a range +0 +7200 4 9 0.0510
a range +0 +7200 9 1 0.0487
a range +0 +7200 9 4 0.0510
a range +0 +7200 10 2 0.0484
a range +0 +7200 10 3 0.0512
a range +0 +7200 11 3 0.0522
a range +6000 +7800 2 4 0.0429
a range +6000 +7800 4 2 0.0429
a range +0 +7800 4 12 0.0545
a range +0 +7800 12 4 0.0545
a range +5400 +8400 1 3 0.0430
a range +5400 +8400 3 1 0.0430
a range +0 +8400 3 15 0.0566
a range +0 +8400 4 16 0.0559
a range +0 +8400 5 14 0.0572
a range +0 +8400 6 13 0.0573
a range +0 +8400 13 6 0.0573
a range +0 +8400 14 5 0.0572
a range +0 +8400 15 3 0.0566
a range +0 +8400 16 4 0.0559
a range +0 +9000 1 12 0.0517
a range +0 +9000 2 11 0.0519
a range +0 +9000 11 2 0.0519
a range +0 +9000 12 1 0.0517
a range +3000 +9600 3 8 0.0499
a range +3000 +9600 4 7 0.0497
a range +3000 +9600 7 4 0.0497
a range +0 +9600 7 15 0.0614
a range +3000 +9600 8 3 0.0499
a range +0 +9600 8 16 0.0612
a range +0 +9600 15 7 0.0614
a range +0 +9600 16 8 0.0612
a range +3600 +10800 1 7 0.0476
a range +0 +10800 1 16 0.0539
a range +3600 +10800 2 8 0.0478
a range +0 +10800 2 15 0.0542
a range +3600 +10800 7 1 0.0476
a range +3600 +10800 8 2 0.0478
a range +0 +10800 15 2 0.0542
a range +0 +10800 16 1 0.0539
a range +4200 +11400 1 14 0.0519
a range +4200 +11400 2 13 0.0522
a range +2400 +11400 3 13 0.0553
a range +2400 +11400 4 14 0.0548
a range +4200 +11400 13 2 0.0522
a range +2400 +11400 13 3 0.0553
a range +4200 +11400 14 1 0.0519
a range +2400 +11400 14 4 0.0548
a range +3600 +12000 3 9 0.0515
a range +4200 +12000 4 10 0.0505
a range +600 +12000 5 11 0.0538
a range +600 +12000 6 12 0.0538
a range +1800 +12000 7 13 0.0589
a range +2400 +12000 8 14 0.0586
a range +3600 +12000 9 3 0.0515
a range +4200 +12000 10 4 0.0505
a range +600 +12000 11 5 0.0538
a range +600 +12000 12 6 0.0538
a range +1800 +12000 13 7 0.0589
a range +2400 +12000 14 8 0.0586
a range +5400 +12600 1 10 0.0490
a range +4800 +12600 2 9 0.0498
a range +0 +12600 5 15 0.0580
a range +0 +12600 6 16 0.0579
a range +4800 +12600 9 2 0.0498
a range +0 +12600 9 16 0.0616
a range +5400 +12600 10 1 0.0490
a range +0 +12600 10 15 0.0613
a range +0 +12600 11 17 1102.2559
a range +0 +12600 11 18 1102.2401
a range +0 +12600 15 5 0.0580
a range +0 +12600 15 10 0.0613
a range +0 +12600 16 6 0.0579
a range +0 +12600 16 9 0.0616
a range +0 +12600 17 11 1102.2559
a range +0 +12600 18 11 1102.2401
a range +4800 +13200 3 12 0.0535
a range +4800 +13200 4 11 0.0528
a range +4800 +13200 11 4 0.0528
a range +4800 +13200 12 3 0.0535
a range +6600 +13800 1 5 0.0452
a range +6600 +13800 2 6 0.0450
a range +6600 +13800 5 1 0.0452
a range +6600 +13800 6 2 0.0450
a range +3600 +13800 9 14 0.0597
a range +3000 +13800 10 13 0.0592
a range +3000 +13800 13 10 0.0592
a range +3600 +13800 14 9 0.0597
a range +6000 +14400 1 11 0.0504
a range +6000 +14400 2 12 0.0505
a range +6600 +14400 5 9 0.0525
a range +5400 +14400 5 13 0.0559
a range +7200 +14400 6 10 0.0521
a range +5400 +14400 6 14 0.0556
a range +6600 +14400 9 5 0.0525
a range +7200 +14400 10 6 0.0521
a range +6000 +14400 11 1 0.0504
a range +6000 +14400 12 2 0.0505
a range +5400 +14400 13 5 0.0559
a range +5400 +14400 14 6 0.0556
a range +0 +15000 3 17 1102.3449
a range +0 +15000 3 18 1102.3252
a range +0 +15000 17 3 1102.3449
a range +0 +15000 18 3 1102.3252
a range +0 +15600 1 17 1102.3368
a range +0 +15600 2 17 1102.3549
a range +7200 +15600 4 17 1102.3223
a range +0 +15600 5 17 1102.3397
a range +0 +15600 6 17 1102.3522
a range +0 +15600 7 17 1102.3540
a range +0 +15600 8 17 1102.3377
a range +0 +15600 9 17 1102.3426
a range +0 +15600 10 17 1102.3496
a range +13800 +15600 11 17 1102.3702
a range +0 +15600 12 17 1102.3214
a range +0 +15600 13 17 1102.3510
a range +0 +15600 14 17 1102.3413
a range +0 +15600 15 17 1102.3574
a range +0 +15600 16 17 1102.3342
a range +0 +15600 17 1 1102.3368
a range +0 +15600 17 2 1102.3549
a range +7200 +15600 17 4 1102.3223
a range +0 +15600 17 5 1102.3397
a range +0 +15600 17 6 1102.3522
a range +0 +15600 17 7 1102.3540
a range +0 +15600 17 8 1102.3377
a range +0 +15600 17 9 1102.3426
a range +0 +15600 17 10 1102.3496
a range +13800 +15600 17 11 1102.3702
a range +0 +15600 17 12 1102.3214
a range +0 +15600 17 13 1102.3510
a range +0 +15600 17 14 1102.3413
a range +0 +15600 17 15 1102.3574
a range +0 +15600 17 16 1102.3342
a range +6000 +16200 7 16 0.0604
a range +6000 +16200 8 15 0.0603
a range +8400 +16200 10 12 0.0575
a range +8400 +16200 12 10 0.0575
a range +6000 +16200 15 8 0.0603
a range +6000 +16200 16 7 0.0604
a range +8400 +16800 1 8 0.0472
a range +8400 +16800 2 7 0.0473
a range +7800 +16800 5 12 0.0558
a range +7800 +16800 6 11 0.0557
a range +8400 +16800 7 2 0.0473
a range +8400 +16800 8 1 0.0472
a range +7800 +16800 9 11 0.0574
a range +7800 +16800 11 6 0.0557
a range +7800 +16800 11 9 0.0574
a range +7800 +16800 12 5 0.0558
a range +7200 +17400 3 14 0.0553
a range +7200 +17400 4 13 0.0548
a range +7200 +17400 13 4 0.0548
a range +7200 +17400 14 3 0.0553
a range +10200 +18000 1 9 0.0503
a range +10200 +18000 2 10 0.0501
a range +9000 +18000 3 10 0.0521
a range +9000 +18000 4 9 0.0518
a range +10200 +18000 9 1 0.0503
a range +9000 +18000 9 4 0.0518
a range +10200 +18000 10 2 0.0501
a range +9000 +18000 10 3 0.0521
a range +11400 +19200 1 12 0.0512
a range +11400 +19200 2 11 0.0515
a range +10200 +19200 3 11 0.0544
a range +10800 +19200 4 12 0.0539
a range +7800 +19200 9 15 0.0613
a range +7800 +19200 10 16 0.0610
a range +11400 +19200 11 2 0.0515
a range +10200 +19200 11 3 0.0544
a range +11400 +19200 12 1 0.0512
a range +10800 +19200 12 4 0.0539
a range +7800 +19200 15 9 0.0613
a range +7800 +19200 16 10 0.0610
a range +8400 +19800 5 16 0.0578
a range +9000 +19800 6 15 0.0579
a range +0 +19800 7 14 0.0575
a range +0 +19800 8 13 0.0575
a range +0 +19800 13 8 0.0575
a range +0 +19800 14 7 0.0575
a range +9000 +19800 15 6 0.0579
a range +8400 +19800 16 5 0.0578
a range +13800 +21000 1 7 0.0479
a range +13800 +21000 2 8 0.0480
a range +13800 +21000 3 8 0.0496
a range +13800 +21000 4 7 0.0498
a range +11400 +21000 5 14 0.0572
a range +11400 +21000 6 13 0.0573
a range +13800 +21000 7 1 0.0479
a range +13800 +21000 7 4 0.0498
a range +13800 +21000 8 2 0.0480
a range +13800 +21000 8 3 0.0496
a range +11400 +21000 13 6 0.0573
a range +11400 +21000 14 5 0.0572
a range +12600 +21600 4 16 0.0555
a range +9600 +21600 12 15 0.0627
a range +9600 +21600 15 12 0.0627
a range +12600 +21600 16 4 0.0555
a range +0 +22200 7 11 0.0557
a range +0 +22200 8 12 0.0556
a range +0 +22200 11 7 0.0557
a range +9600 +22200 11 16 0.0628
a range +0 +22200 12 8 0.0556
a range +9600 +22200 16 11 0.0628
a range +12600 +22800 7 15 0.0591
a range +12600 +22800 15 7 0.0591
a range +15600 +23400 1 10 0.0506
a range +15600 +23400 2 9 0.0513
a range +14400 +23400 3 9 0.0505
a range +12600 +23400 5 11 0.0539
a range +12600 +23400 6 12 0.0538
a range +12600 +23400 8 16 0.0614
a range +15600 +23400 9 2 0.0513
a range +14400 +23400 9 3 0.0505
a range +15600 +23400 10 1 0.0506
a range +12600 +23400 11 5 0.0539
a range +12600 +23400 12 6 0.0538
a range +12600 +23400 16 8 0.0614
a range +13800 +24000 3 13 0.0540
a range +15000 +24000 4 10 0.0514
a range +13800 +24000 4 14 0.0538
a range +15000 +24000 10 4 0.0514
a range +13800 +24000 13 3 0.0540
a range +13800 +24000 14 4 0.0538
a range +16200 +24600 3 12 0.0527
a range +16200 +24600 4 11 0.0520
a range +16200 +24600 11 4 0.0520
a range +16200 +24600 12 3 0.0527
a range +7200 +25200 4 18 1102.7215
a range +15000 +25200 5 15 0.0591
a range +15000 +25200 6 16 0.0590
a range +15000 +25200 7 13 0.0574
a range +15000 +25200 13 7 0.0574
a range +15000 +25200 15 5 0.0591
a range +15000 +25200 16 6 0.0590
a range +7200 +25200 18 4 1102.7215
a range +16200 +25800 1 11 0.0510
a range +16200 +25800 2 12 0.0511
a range +15600 +25800 8 14 0.0591
a range +16200 +25800 11 1 0.0510
a range +16200 +25800 12 2 0.0511
a range +15600 +25800 14 8 0.0591
a range +18600 +26400 1 8 0.0464
a range +18000 +26400 2 7 0.0467
a range +19200 +26400 5 9 0.0533
a range +19200 +26400 6 10 0.0528
a range +18000 +26400 7 2 0.0467
a range +18600 +26400 8 1 0.0464
a range +19200 +26400 9 5 0.0533
a range +14400 +26400 9 16 0.0622
a range +19200 +26400 10 6 0.0528
a range +14400 +26400 10 15 0.0618
a range +0 +26400 12 18 1102.7751
a range +14400 +26400 15 10 0.0618
a range +14400 +26400 16 9 0.0622
a range +0 +26400 18 12 1102.7751
a range +18000 +27000 5 13 0.0558
a range +18000 +27000 6 14 0.0555
a range +18000 +27000 13 5 0.0558
a range +18000 +27000 14 6 0.0555
a range +0 +27600 1 6 0.0451
a range +0 +27600 2 5 0.0454
a range +0 +27600 5 2 0.0454
a range +0 +27600 6 1 0.0451
a range +18000 +27600 9 14 0.0601
a range +18000 +27600 10 13 0.0599
a range +18000 +27600 13 10 0.0599
a range +18000 +27600 14 9 0.0601
a range +21000 +28200 1 9 0.0485
a range +0 +28200 1 13 0.0532
a range +21000 +28200 2 10 0.0483
a range +0 +28200 2 14 0.0534
a range +0 +28200 3 5 0.0465
a range +0 +28200 5 3 0.0465
a range +21000 +28200 9 1 0.0485
a range +21000 +28200 10 2 0.0483
a range +0 +28200 13 1 0.0532
a range +0 +28200 14 2 0.0534
a range +20400 +28800 3 10 0.0524
a range +20400 +28800 3 14 0.0548
a range +0 +28800 3 16 0.0556
a range +20400 +28800 4 9 0.0521
a range +20400 +28800 4 13 0.0543
a range +20400 +28800 9 4 0.0521
a range +20400 +28800 10 3 0.0524
a range +20400 +28800 13 4 0.0543
a range +20400 +28800 14 3 0.0548
a range +0 +28800 16 3 0.0556
a range +0 +29400 4 6 0.0464
a range +19800 +29400 5 12 0.0556
a range +0 +29400 6 4 0.0464
a range +19800 +29400 6 11 0.0555
a range +19800 +29400 11 6 0.0555
a range +19800 +29400 12 5 0.0556
a range +22200 +30000 2 11 0.0500
a range +19200 +30000 7 16 0.0607
a range +19200 +30000 8 15 0.0606
a range +22200 +30000 11 2 0.0500
a range +19200 +30000 15 8 0.0606
a range +19200 +30000 16 7 0.0607
a range +22800 +30600 1 12 0.0522
a range +22200 +30600 3 11 0.0538
a range +22200 +30600 4 12 0.0532
a range +22200 +30600 11 3 0.0538
a range +22800 +30600 12 1 0.0522
a range +22200 +30600 12 4 0.0532
a range +24000 +31200 1 7 0.0468
a range +24000 +31200 2 8 0.0468
a range +24000 +31200 7 1 0.0468
a range +24000 +31200 8 2 0.0468
a range +21000 +32400 7 14 0.0579
a range +21000 +32400 8 13 0.0579
a range +21000 +32400 13 8 0.0579
a range +21000 +32400 14 7 0.0579
a range +26400 +33600 1 10 0.0490
a range +26400 +33600 2 9 0.0498
a range +0 +33600 2 16 0.0535
a range +24000 +33600 5 14 0.0571
a range +24000 +33600 6 13 0.0572
a range +22800 +33600 7 11 0.0570
a range +22800 +33600 8 12 0.0569
a range +26400 +33600 9 2 0.0498
a range +26400 +33600 10 1 0.0490
a range +22800 +33600 11 7 0.0570
a range +22800 +33600 12 8 0.0569
a range +24000 +33600 13 6 0.0572
a range +24000 +33600 14 5 0.0571
a range +0 +33600 16 2 0.0535
a range +0 +34200 1 15 0.0537
a range +0 +34200 15 1 0.0537
a range +25200 +34800 3 9 0.0501
a range +16800 +34800 3 18 1103.1010
a range +30000 +34800 3 19 1103.1032
a range +0 +34800 5 8 0.0501
a range +0 +34800 8 5 0.0501
a range +25200 +34800 9 3 0.0501
a range +16800 +34800 18 3 1103.1010
a range +30000 +34800 19 3 1103.1032
a range +25800 +35400 4 10 0.0506
a range +25200 +35400 5 11 0.0551
a range +0 +35400 6 7 0.0507
a range +25200 +35400 6 12 0.0550
a range +0 +35400 7 6 0.0507
a range +25800 +35400 10 4 0.0506
a range +25200 +35400 11 5 0.0551
a range +25200 +35400 12 6 0.0550
a range +27000 +36000 1 11 0.0521
a range +27000 +36000 2 12 0.0523
a range +27600 +36000 3 12 0.0518
a range +25200 +36000 3 13 0.0545
a range +25200 +36000 4 14 0.0543
a range +27000 +36000 11 1 0.0521
a range +27000 +36000 12 2 0.0523
a range +27600 +36000 12 3 0.0518
a range +25200 +36000 13 3 0.0545
a range +25200 +36000 14 4 0.0543
a range +30600 +36600 1 6 0.0449
a range +28800 +36600 1 8 0.0485
a range +30600 +36600 2 5 0.0452
a range +28800 +36600 2 7 0.0488
a range +31200 +36600 3 5 0.0468
a range +28200 +36600 4 11 0.0543
a range +30600 +36600 5 2 0.0452
a range +31200 +36600 5 3 0.0468
a range +30600 +36600 6 1 0.0449
a range +28800 +36600 7 2 0.0488
a range +26400 +36600 7 15 0.0596
a range +28800 +36600 8 1 0.0485
a range +26400 +36600 8 16 0.0593
a range +28200 +36600 11 4 0.0543
a range +26400 +36600 15 7 0.0596
a range +26400 +36600 16 8 0.0593
a range +30000 +37200 4 6 0.0470
a range +30000 +37200 6 4 0.0470
a range +29400 +38400 3 16 0.0556
a range +28200 +38400 5 15 0.0592
a range +28200 +38400 6 16 0.0591
a range +28200 +38400 15 5 0.0592
a range +29400 +38400 16 3 0.0556
a range +28200 +38400 16 6 0.0591
a range +31200 +39000 1 9 0.0503
a range +31200 +39000 2 10 0.0501
a range +0 +39000 4 15 0.0572
a range +30600 +39000 5 9 0.0530
a range +30600 +39000 6 10 0.0525
a range +28200 +39000 7 13 0.0573
a range +31200 +39000 9 1 0.0503
a range +30600 +39000 9 5 0.0530
a range +31200 +39000 10 2 0.0501
a range +30600 +39000 10 6 0.0525
a range +28200 +39000 13 7 0.0573
a range +0 +39000 15 4 0.0572
a range +31800 +39600 3 10 0.0510
a range +31800 +39600 4 9 0.0509
a range +30600 +39600 5 13 0.0557
a range +28200 +39600 8 14 0.0582
a range +31800 +39600 9 4 0.0509
a range +31800 +39600 10 3 0.0510
a range +30600 +39600 13 5 0.0557
a range +28200 +39600 14 8 0.0582
a range +30600 +40200 6 14 0.0581
a range +29400 +40200 9 16 0.0616
a range +29400 +40200 10 15 0.0610
a range +30600 +40200 14 6 0.0581
a range +29400 +40200 15 10 0.0610
a range +29400 +40200 16 9 0.0616
a range +13800 +40800 11 18 1103.3462
a range +30000 +40800 11 19 1103.3341
a range +13800 +40800 18 11 1103.3462
a range +30000 +40800 19 11 1103.3341
a range +32400 +41400 3 14 0.0553
a range +32400 +41400 4 13 0.0552
a range +32400 +41400 13 4 0.0552
a range +32400 +41400 14 3 0.0553
a range +34200 +42000 1 7 0.0475
a range +33000 +42000 1 12 0.0508
a range +34200 +42000 2 8 0.0475
a range +33000 +42000 2 11 0.0508
a range +33600 +42000 3 11 0.0531
a range +33600 +42000 4 12 0.0524
a range +31800 +42000 5 12 0.0545
a range +31800 +42000 6 11 0.0545
a range +34200 +42000 7 1 0.0475
a range +34200 +42000 8 2 0.0475
a range +32400 +42000 9 14 0.0601
a range +32400 +42000 10 13 0.0602
a range +33000 +42000 11 2 0.0508
a range +33600 +42000 11 3 0.0531
a range +31800 +42000 11 6 0.0545
a range +33000 +42000 12 1 0.0508
a range +33600 +42000 12 4 0.0524
a range +31800 +42000 12 5 0.0545
a range +32400 +42000 13 10 0.0602
a range +32400 +42000 14 9 0.0601
a range +0 +42600 1 18 1103.3974
a range +0 +42600 2 18 1103.3782
a range +36600 +42600 3 18 1103.3715
a range +27000 +42600 4 18 1103.4030
a range +0 +42600 5 18 1103.4110
a range +0 +42600 6 18 1103.3648
a range +0 +42600 7 18 1103.3967
a range +0 +42600 8 18 1103.3790
a range +0 +42600 9 18 1103.3884
a range +0 +42600 10 18 1103.3881
a range +42000 +42600 11 18 1103.4155
a range +27600 +42600 12 18 1103.3603
a range +0 +42600 13 18 1103.3734
a range +0 +42600 14 18 1103.4030
a range +0 +42600 15 18 1103.3927
a range +0 +42600 16 18 1103.3832
a range +0 +42600 18 1 1103.3974
a range +0 +42600 18 2 1103.3782
a range +36600 +42600 18 3 1103.3715
a range +27000 +42600 18 4 1103.4030
a range +0 +42600 18 5 1103.4110
a range +0 +42600 18 6 1103.3648
a range +0 +42600 18 7 1103.3967
a range +0 +42600 18 8 1103.3790
a range +0 +42600 18 9 1103.3884
a range +0 +42600 18 10 1103.3881
a range +42000 +42600 18 11 1103.4155
a range +27600 +42600 18 12 1103.3603
a range +0 +42600 18 13 1103.3734
a range +0 +42600 18 14 1103.4030
a range +0 +42600 18 15 1103.3927
a range +0 +42600 18 16 1103.3832
a range +33000 +43800 7 16 0.0610
a range +33000 +43800 8 15 0.0609
a range +33000 +43800 15 8 0.0609
a range +33000 +43800 16 7 0.0610
a range +36600 +44400 1 10 0.0506
a range +36600 +44400 2 9 0.0512
a range +30000 +44400 4 19 1103.4622
a range +36600 +44400 9 2 0.0512
a range +36600 +44400 10 1 0.0506
a range +0 +44400 11 13 0.0610
a range +0 +44400 12 14 0.0612
a range +0 +44400 13 11 0.0610
a range +0 +44400 14 12 0.0612
a range +30000 +44400 19 4 1103.4622
a range +43800 +45000 3 5 0.0466
a range +43800 +45000 5 3 0.0466
a range +40800 +45000 5 8 0.0507
a range +21000 +45000 5 16 0.0578
a range +40200 +45000 6 7 0.0506
a range +21000 +45000 6 15 0.0577
a range +40200 +45000 7 6 0.0506
a range +40800 +45000 8 5 0.0507
a range +21000 +45000 15 6 0.0577
a range +21000 +45000 16 5 0.0578
a range +15000 +45600 1 14 0.0535
a range +43800 +45600 2 4 0.0426
a range +14400 +45600 2 13 0.0538
a range +43800 +45600 4 2 0.0426
a range +43200 +45600 4 6 0.0466
a range +43200 +45600 6 4 0.0466
a range +37200 +45600 7 11 0.0561
a range +34800 +45600 7 14 0.0594
a range +37200 +45600 8 12 0.0560
a range +34800 +45600 8 13 0.0593
a range +37200 +45600 11 7 0.0561
a range +37200 +45600 12 8 0.0560
a range +14400 +45600 13 2 0.0538
a range +34800 +45600 13 8 0.0593
a range +15000 +45600 14 1 0.0535
a range +34800 +45600 14 7 0.0594
a range +40800 +46200 1 6 0.0447
a range +39000 +46200 1 8 0.0471
a range +38400 +46200 1 11 0.0506
a range +40800 +46200 2 5 0.0450
a range +39000 +46200 2 7 0.0476
a range +38400 +46200 2 12 0.0509
a range +36000 +46200 3 9 0.0510
a range +36600 +46200 4 10 0.0506
a range +40800 +46200 5 2 0.0450
a range +36600 +46200 5 14 0.0570
a range +40800 +46200 6 1 0.0447
a range +36600 +46200 6 13 0.0571
a range +39000 +46200 7 2 0.0476
a range +39000 +46200 8 1 0.0471
a range +36000 +46200 9 3 0.0510
a range +36600 +46200 10 4 0.0506
a range +38400 +46200 11 1 0.0506
a range +38400 +46200 12 2 0.0509
a range +36600 +46200 13 6 0.0571
a range +36600 +46200 14 5 0.0570
a range +37200 +46800 3 13 0.0544
a range +37200 +46800 13 3 0.0544
a range +0 +47400 3 7 0.0484
a range +37200 +47400 4 14 0.0559
a range +37800 +47400 5 11 0.0559
a range +37800 +47400 6 12 0.0558
a range +0 +47400 7 3 0.0484
a range +37800 +47400 11 5 0.0559
a range +37800 +47400 12 6 0.0558
a range +37200 +47400 14 4 0.0559
a range +39600 +48000 3 12 0.0542
a range +0 +48000 4 8 0.0495
a range +39600 +48000 4 11 0.0536
a range +0 +48000 8 4 0.0495
a range +39600 +48000 11 4 0.0536
a range +39600 +48000 12 3 0.0542
a range +42000 +49200 1 9 0.0485
a range +42000 +49200 2 10 0.0483
a range +42000 +49200 9 1 0.0485
a range +42000 +49200 10 2 0.0483
a range +40200 +50400 7 15 0.0600
a range +40200 +50400 8 16 0.0598
a range +40200 +50400 15 7 0.0600
a range +40200 +50400 16 8 0.0598
a range +43200 +51000 3 10 0.0511
a range +43200 +51000 4 9 0.0512
a range +43200 +51000 9 4 0.0512
a range +43200 +51000 10 3 0.0511
a range +43800 +52200 1 7 0.0471
a range +43800 +52200 2 8 0.0472
a range +43200 +52200 2 11 0.0500
a range +43200 +52200 5 13 0.0557
a range +41400 +52200 5 15 0.0578
a range +41400 +52200 6 16 0.0577
a range +43800 +52200 7 1 0.0471
a range +43800 +52200 8 2 0.0472
a range +43200 +52200 11 2 0.0500
a range +43200 +52200 13 5 0.0557
a range +41400 +52200 15 5 0.0578
a range +41400 +52200 16 6 0.0577
a range +43200 +52800 1 12 0.0514
a range +21600 +52800 1 16 0.0541
a range +21600 +52800 2 15 0.0543
a range +43200 +52800 6 14 0.0581
a range +43200 +52800 12 1 0.0514
a range +43200 +52800 14 6 0.0581
a range +21600 +52800 15 2 0.0543
a range +21600 +52800 16 1 0.0541
a range +45000 +53400 3 11 0.0524
a range +45000 +53400 11 3 0.0524
a range +43800 +54000 3 14 0.0539
a range +52200 +54000 3 17 1103.8467
a range +36600 +54000 3 19 1103.8281
a range +45000 +54000 4 12 0.0546
a range +43800 +54000 4 13 0.0539
a range +45000 +54000 12 4 0.0546
a range +43800 +54000 13 4 0.0539
a range +43800 +54000 14 3 0.0539
a range +52200 +54000 17 3 1103.8467
a range +36600 +54000 19 3 1103.8281
a range +47400 +54600 1 10 0.0489
a range +47400 +54600 2 9 0.0497
a range +43200 +54600 5 12 0.0538
a range +43200 +54600 6 11 0.0538
a range +47400 +54600 9 2 0.0497
a range +43800 +54600 9 16 0.0618
a range +47400 +54600 10 1 0.0489
a range +43800 +54600 10 15 0.0613
a range +43200 +54600 11 6 0.0538
a range +43200 +54600 12 5 0.0538
a range +52200 +54600 12 17 1103.8763
a range +30000 +54600 12 19 1103.8585
a range +43800 +54600 15 10 0.0613
a range +43800 +54600 16 9 0.0618
a range +52200 +54600 17 12 1103.8763
a range +30000 +54600 19 12 1103.8585
a range +49800 +56400 1 8 0.0473
a range +50400 +56400 2 5 0.0445
a range +49200 +56400 2 7 0.0477
a range +50400 +56400 5 2 0.0445
a range +49200 +56400 7 2 0.0477
a range +49800 +56400 8 1 0.0473
a range +51600 +57000 1 3 0.0426
a range +50400 +57000 1 6 0.0461
a range +49200 +57000 1 14 0.0523
a range +49200 +57000 2 13 0.0524
a range +51600 +57000 3 1 0.0426
a range +47400 +57000 3 9 0.0518
a range +48000 +57000 4 10 0.0511
a range +50400 +57000 6 1 0.0461
a range +47400 +57000 9 3 0.0518
a range +48000 +57000 10 4 0.0511
a range +45600 +57000 10 13 0.0591
a range +49200 +57000 13 2 0.0524
a range +45600 +57000 13 10 0.0591
a range +0 +57000 13 16 0.0647
a range +49200 +57000 14 1 0.0523
a range +0 +57000 14 15 0.0644
a range +0 +57000 15 14 0.0644
a range +0 +57000 16 13 0.0647
a range +49800 +57600 1 11 0.0510
a range +49800 +57600 2 12 0.0511
a range +51000 +57600 3 7 0.0486
a range +12600 +57600 3 15 0.0570
a range +22800 +57600 4 16 0.0563
a range +47400 +57600 5 16 0.0587
a range +47400 +57600 6 15 0.0587
a range +51000 +57600 7 3 0.0486
a range +46800 +57600 7 16 0.0612
a range +46800 +57600 8 15 0.0612
a range +49800 +57600 11 1 0.0510
a range +49800 +57600 11 13 0.0613
a range +49800 +57600 12 2 0.0511
a range +50400 +57600 12 14 0.0614
a range +49800 +57600 13 11 0.0613
a range +50400 +57600 14 12 0.0614
a range +12600 +57600 15 3 0.0570
a range +47400 +57600 15 6 0.0587
a range +46800 +57600 15 8 0.0612
a range +22800 +57600 16 4 0.0563
a range +47400 +57600 16 5 0.0587
a range +46800 +57600 16 7 0.0612
a range +51000 +58200 4 8 0.0502
a range +48600 +58200 7 14 0.0575
a range +51000 +58200 8 4 0.0502
a range +48600 +58200 8 13 0.0575
a range +48600 +58200 13 8 0.0575
a range +48600 +58200 14 7 0.0575
a range +49800 +58800 3 13 0.0558
a range +49800 +58800 4 14 0.0551
a range +49200 +58800 5 14 0.0569
a range +49200 +58800 6 13 0.0570
a range +50400 +58800 7 11 0.0566
a range +50400 +58800 8 12 0.0566
a range +50400 +58800 11 7 0.0566
a range +50400 +58800 12 8 0.0566
a range +49800 +58800 13 3 0.0558
a range +49200 +58800 13 6 0.0570
a range +49800 +58800 14 4 0.0551
a range +49200 +58800 14 5 0.0569
a range +51000 +59400 3 12 0.0535
a range +51000 +59400 4 11 0.0528
a range +50400 +59400 5 11 0.0555
a range +50400 +59400 6 12 0.0554
a range +51000 +59400 11 4 0.0528
a range +50400 +59400 11 5 0.0555
a range +51000 +59400 12 3 0.0535
a range +50400 +59400 12 6 0.0554
a range +52200 +60000 1 9 0.0503
a range +52200 +60000 2 10 0.0501
a range +52200 +60000 9 1 0.0503
a range +52200 +60000 10 2 0.0501
a range +0 +60000 11 15 0.0627
a range +0 +60000 12 16 0.0628
a range +0 +60000 15 11 0.0627
a range +0 +60000 16 12 0.0628
a range +54000 +61800 2 8 0.0464
a range +54000 +61800 8 2 0.0464
a range +54000 +62400 1 7 0.0483
a range +54000 +62400 3 10 0.0502
a range +54000 +62400 4 9 0.0503
a range +54000 +62400 7 1 0.0483
a range +54000 +62400 9 4 0.0503
a range +54000 +62400 10 3 0.0502
a range +54600 +63000 1 12 0.0524
a range +54600 +63000 2 11 0.0526
a range +54600 +63000 11 2 0.0526
a range +54600 +63000 12 1 0.0524
a range +32400 +63600 1 13 0.0520
a range +32400 +63600 2 14 0.0524
a range +32400 +63600 13 1 0.0520
a range +32400 +63600 14 2 0.0524
a range +52200 +64200 4 17 1104.2277
a range +46800 +64200 4 19 1104.2262
a range +54000 +64200 7 15 0.0604
a range +54000 +64200 8 16 0.0601
a range +54000 +64200 15 7 0.0604
a range +54000 +64200 16 8 0.0601
a range +52200 +64200 17 4 1104.2277
a range +46800 +64200 19 4 1104.2262
a range +55800 +64800 5 13 0.0556
a range +55800 +64800 13 5 0.0556
a range +57600 +65400 1 10 0.0505
a range +57600 +65400 2 9 0.0512
a range +56400 +65400 3 11 0.0546
a range +54600 +65400 3 14 0.0543
a range +57000 +65400 4 12 0.0540
a range +55200 +65400 4 13 0.0540
a range +55800 +65400 6 14 0.0581
a range +57600 +65400 9 2 0.0512
a range +57600 +65400 10 1 0.0505
a range +56400 +65400 11 3 0.0546
a range +57000 +65400 12 4 0.0540
a range +55200 +65400 13 4 0.0540
a range +54600 +65400 14 3 0.0543
a range +55800 +65400 14 6 0.0581
a range +59400 +66600 2 7 0.0465
a range +55200 +66600 5 12 0.0542
a range +55200 +66600 6 11 0.0541
a range +59400 +66600 7 2 0.0465
a range +55200 +66600 11 6 0.0541
a range +55200 +66600 12 5 0.0542
a range +59400 +67200 1 8 0.0486
a range +59400 +67200 8 1 0.0486
a range +59400 +67800 3 9 0.0523
a range +59400 +67800 4 10 0.0513
a range +59400 +67800 9 3 0.0523
a range +59400 +67800 10 4 0.0513
a range +62400 +68400 3 7 0.0489
a range +62400 +68400 4 8 0.0484
a range +0 +68400 5 10 0.0530
a range +0 +68400 6 9 0.0528
a range +62400 +68400 7 3 0.0489
a range +62400 +68400 8 4 0.0484
a range +0 +68400 9 6 0.0528
a range +0 +68400 10 5 0.0530
a range +52200 +68400 11 17 1104.3926
a range +42000 +68400 11 19 1104.3990
a range +52200 +68400 17 11 1104.3926
a range +42000 +68400 19 11 1104.3990
a range +60000 +69000 1 11 0.0504
a range +60000 +69000 2 12 0.0505
a range +60000 +69000 11 1 0.0504
a range +60000 +69000 12 2 0.0505
a range +0 +69600 7 10 0.0537
a range +58200 +69600 9 16 0.0626
a range +0 +69600 10 7 0.0537
a range +58200 +69600 10 15 0.0624
a range +58200 +69600 15 10 0.0624
a range +58200 +69600 16 9 0.0626
a range +63000 +70200 1 9 0.0485
a range +63000 +70200 2 10 0.0483
a range +61200 +70200 3 15 0.0554
a range +61800 +70200 4 16 0.0555
a range +63000 +70200 9 1 0.0485
a range +63000 +70200 10 2 0.0483
a range +61200 +70200 15 3 0.0554
a range +61800 +70200 16 4 0.0555
a range +41400 +70800 1 15 0.0537
a range +40800 +70800 2 16 0.0540
a range +62400 +70800 3 12 0.0528
a range +61800 +70800 3 13 0.0539
a range +62400 +70800 4 11 0.0520
a range +61200 +70800 5 16 0.0587
a range +61200 +70800 6 15 0.0587
a range +62400 +70800 11 4 0.0520
a range +66000 +70800 11 13 0.0609
a range +62400 +70800 12 3 0.0528
a range +66000 +70800 12 14 0.0609
a range +61800 +70800 13 3 0.0539
a range +66000 +70800 13 11 0.0609
a range +62400 +70800 13 16 0.0644
a range +66000 +70800 14 12 0.0609
a range +41400 +70800 15 1 0.0537
a range +61200 +70800 15 6 0.0587
a range +40800 +70800 16 2 0.0540
a range +61200 +70800 16 5 0.0587
a range +62400 +70800 16 13 0.0644
a range +61800 +71400 4 14 0.0552
a range +61800 +71400 5 14 0.0568
a range +61800 +71400 6 13 0.0569
a range +60600 +71400 7 16 0.0615
a range +60600 +71400 8 15 0.0614
a range +61800 +71400 13 6 0.0569
a range +61800 +71400 14 4 0.0552
a range +61800 +71400 14 5 0.0568
a range +62400 +71400 14 15 0.0649
a range +60600 +71400 15 8 0.0614
a range +62400 +71400 15 14 0.0649
a range +60600 +71400 16 7 0.0615
a range +15000 +72000 1 5 0.0448
a range +64200 +72000 1 7 0.0484
a range +15000 +72000 2 6 0.0451
a range +64200 +72000 2 8 0.0485
a range +15000 +72000 5 1 0.0448
a range +62400 +72000 5 11 0.0558
a range +15000 +72000 6 2 0.0451
a range +62400 +72000 6 12 0.0558
a range +64200 +72000 7 1 0.0484
a range +61800 +72000 7 14 0.0591
a range +64200 +72000 8 2 0.0485
a range +61800 +72000 8 13 0.0591
a range +62400 +72000 11 5 0.0558
a range +62400 +72000 12 6 0.0558
a range +61800 +72000 13 8 0.0591
a range +61800 +72000 14 7 0.0591
a range +64800 +72600 1 13 0.0522
a range +64800 +72600 2 14 0.0523
a range +63000 +72600 7 11 0.0560
a range +63000 +72600 8 12 0.0561
a range +63000 +72600 11 7 0.0560
a range +63000 +72600 12 8 0.0561
a range +64800 +72600 13 1 0.0522
a range +64800 +72600 14 2 0.0523
a range +66000 +73200 2 11 0.0500
a range +66000 +73200 11 2 0.0500
a range +60600 +73200 11 15 0.0631
a range +60600 +73200 12 16 0.0631
a range +60600 +73200 15 11 0.0631
a range +60600 +73200 16 12 0.0631
a range +66000 +73800 1 12 0.0525
a range +56400 +73800 3 17 1104.5912
a range +56400 +73800 3 19 1104.6067
a range +66000 +73800 12 1 0.0525
a range +56400 +73800 17 3 1104.5912
a range +56400 +73800 19 3 1104.6067
a range +64800 +74400 3 10 0.0507
a range +64800 +74400 4 9 0.0508
a range +64800 +74400 9 4 0.0508
a range +64800 +74400 10 3 0.0507
a range +68400 +75600 1 10 0.0489
a range +68400 +75600 2 9 0.0497
a range +68400 +75600 9 2 0.0497
a range +68400 +75600 10 1 0.0489
a range +68400 +76800 3 11 0.0539
a range +67200 +76800 3 14 0.0555
a range +68400 +76800 4 12 0.0533
a range +67200 +76800 4 13 0.0550
a range +68400 +76800 11 3 0.0539
a range +68400 +76800 12 4 0.0533
a range +67200 +76800 13 4 0.0550
a range +67200 +76800 14 3 0.0555
a range +69600 +77400 1 8 0.0471
a range +69600 +77400 2 7 0.0473
a range +68400 +77400 5 13 0.0555
a range +53400 +77400 5 15 0.0575
a range +53400 +77400 6 16 0.0574
a range +69600 +77400 7 2 0.0473
a range +69600 +77400 8 1 0.0471
a range +21600 +77400 9 15 0.0618
a range +21600 +77400 10 16 0.0616
a range +68400 +77400 13 5 0.0555
a range +53400 +77400 15 5 0.0575
a range +21600 +77400 15 9 0.0618
a range +53400 +77400 16 6 0.0574
a range +21600 +77400 16 10 0.0616
a range +67800 +78000 5 12 0.0539
a range +67800 +78000 6 11 0.0538
a range +68400 +78000 6 14 0.0580
a range +67200 +78000 7 15 0.0607
a range +67800 +78000 8 16 0.0605
a range +67800 +78000 11 6 0.0538
a range +67800 +78000 12 5 0.0539
a range +68400 +78000 14 6 0.0580
a range +67200 +78000 15 7 0.0607
a range +67800 +78000 16 8 0.0605
a range +30000 +78600 1 19 1104.7848
a range +30000 +78600 2 19 1104.7649
a range +70800 +78600 3 9 0.0514
a range +75600 +78600 3 19 1104.7813
a range +70800 +78600 4 10 0.0502
a range +66000 +78600 4 19 1104.7668
a range +30000 +78600 5 19 1104.7573
a range +30000 +78600 6 19 1104.7925
a range +30000 +78600 7 19 1104.7664
a range +30000 +78600 8 19 1104.7834
a range +70800 +78600 9 3 0.0514
a range +30000 +78600 9 19 1104.7824
a range +70800 +78600 10 4 0.0502
a range +30000 +78600 10 19 1104.7667
a range +69600 +78600 11 19 1104.7579
a range +55800 +78600 12 19 1104.7918
a range +30000 +78600 13 19 1104.7939
a range +30000 +78600 14 19 1104.7563
a range +30000 +78600 15 19 1104.7854
a range +30000 +78600 16 19 1104.7644
a range +30000 +78600 19 1 1104.7848
a range +30000 +78600 19 2 1104.7649
a range +75600 +78600 19 3 1104.7813
a range +66000 +78600 19 4 1104.7668
a range +30000 +78600 19 5 1104.7573
a range +30000 +78600 19 6 1104.7925
a range +30000 +78600 19 7 1104.7664
a range +30000 +78600 19 8 1104.7834
a range +30000 +78600 19 9 1104.7824
a range +30000 +78600 19 10 1104.7667
a range +69600 +78600 19 11 1104.7579
a range +55800 +78600 19 12 1104.7918
a range +30000 +78600 19 13 1104.7939
a range +30000 +78600 19 14 1104.7563
a range +30000 +78600 19 15 1104.7854
a range +30000 +78600 19 16 1104.7644
a range +70200 +79200 1 11 0.0500
a range +70200 +79200 2 12 0.0503
a range +71400 +79200 5 10 0.0522
a range +71400 +79200 6 9 0.0523
a range +40800 +79200 7 13 0.0576
a range +40800 +79200 8 14 0.0574
a range +71400 +79200 9 6 0.0523
a range +71400 +79200 10 5 0.0522
a range +70200 +79200 11 1 0.0500
a range +70200 +79200 12 2 0.0503
a range +40800 +79200 13 7 0.0576
a range +40800 +79200 14 8 0.0574
a range +72600 +79800 3 7 0.0486
a range +72600 +79800 4 8 0.0484
a range +72600 +79800 7 3 0.0486
a range +71400 +79800 7 10 0.0543
a range +72600 +79800 8 4 0.0484
a range +0 +79800 8 9 0.0538
a range +0 +79800 9 8 0.0538
a range +71400 +79800 10 7 0.0543
a range +73800 +81000 1 5 0.0462
a range +73200 +81000 1 9 0.0502
a range +73800 +81000 2 6 0.0464
a range +73200 +81000 2 10 0.0500
a range +73800 +81000 5 1 0.0462
a range +73800 +81000 6 2 0.0464
a range +73200 +81000 9 1 0.0502
a range +73200 +81000 10 2 0.0500
a range +75000 +81600 1 7 0.0469
a range +75000 +81600 2 8 0.0471
a range +75000 +81600 7 1 0.0469
a range +75000 +81600 8 2 0.0471
a range +73800 +82200 3 12 0.0520
a range +73800 +82200 12 3 0.0520
a range +74400 +82800 4 11 0.0544
a range +74400 +82800 11 4 0.0544
a range +55800 +82800 12 17 1104.9462
a range +78600 +82800 12 18 1104.9603
a range +55800 +82800 17 12 1104.9462
a range +78600 +82800 18 12 1104.9603
a range +73200 +83400 3 13 0.0535
a range +73200 +83400 13 3 0.0535
a range +73200 +84000 4 14 0.0538
a range +66000 +84000 4 17 1104.9864
a range +78600 +84000 4 18 1104.9984
a range +74400 +84000 5 14 0.0568
a range +74400 +84000 6 13 0.0569
a range +72000 +84000 9 16 0.0608
a range +74400 +84000 13 6 0.0569
a range +73200 +84000 14 4 0.0538
a range +74400 +84000 14 5 0.0568
a range +72000 +84000 16 9 0.0608
a range +66000 +84000 17 4 1104.9864
a range +78600 +84000 18 4 1104.9984
a range +74400 +84600 5 11 0.0550
a range +73800 +84600 5 16 0.0576
a range +74400 +84600 6 12 0.0550
a range +73800 +84600 6 15 0.0576
a range +74400 +84600 7 16 0.0594
a range +74400 +84600 8 15 0.0593
a range +72600 +84600 10 15 0.0619
a range +74400 +84600 11 5 0.0550
a range +74400 +84600 12 6 0.0550
a range +73800 +84600 15 6 0.0576
a range +74400 +84600 15 8 0.0593
a range +72600 +84600 15 10 0.0619
a range +73800 +84600 16 5 0.0576
a range +74400 +84600 16 7 0.0594
a range +76800 +85200 1 12 0.0514
a range +76800 +85200 2 11 0.0515
a range +75600 +85200 3 10 0.0506
a range +75600 +85200 4 9 0.0504
a range +75000 +85200 8 13 0.0573
a range +75600 +85200 9 4 0.0504
a range +75600 +85200 10 3 0.0506
a range +76800 +85200 11 2 0.0515
a range +81000 +85200 11 13 0.0611
a range +76800 +85200 12 1 0.0514
a range +81600 +85200 12 14 0.0610
a range +75000 +85200 13 8 0.0573
a range +81000 +85200 13 11 0.0611
a range +81600 +85200 14 12 0.0610
a range +75000 +85800 7 14 0.0588
a range +79800 +85800 13 16 0.0647
a range +75000 +85800 14 7 0.0588
a range +79800 +85800 14 15 0.0646
a range +79800 +85800 15 14 0.0646
a range +79800 +85800 16 13 0.0647
a range +58800 +86400 1 3 0.0295
a range +0 +86400 1 4 0.0389
a range +84600 +86400 1 5 0.0360
a range +59400 +86400 1 6 0.0346
a range +85200 +86400 1 7 0.0320
a range +79200 +86400 1 8 0.0406
a range +84000 +86400 1 9 0.0167
a range +78600 +86400 1 10 0.0505
a range +81600 +86400 1 11 0.0230
a range +76800 +86400 1 13 0.0441
a range +58800 +86400 1 14 0.0369
a range +78000 +86400 1 15 0.0381
a range +59400 +86400 1 16 0.0457
a range +52200 +86400 1 17 1105.0488
a range +78600 +86400 1 18 1105.0561
a range +0 +86400 2 3 0.0385
a range +51000 +86400 2 4 0.0280
a range +59400 +86400 2 5 0.0347
a range +84600 +86400 2 6 0.0360
a range +79200 +86400 2 7 0.0412
a range +85200 +86400 2 8 0.0317
a range +78600 +86400 2 9 0.0512
a range +84000 +86400 2 10 0.0172
a range +81600 +86400 2 12 0.0235
a range +58800 +86400 2 13 0.0372
a range +76800 +86400 2 14 0.0437
a range +59400 +86400 2 15 0.0461
a range +78000 +86400 2 16 0.0374
a range +52200 +86400 2 17 1105.0665
a range +78600 +86400 2 18 1105.0737
a range +58800 +86400 3 1 0.0295
a range +0 +86400 3 2 0.0385
a range +84000 +86400 3 5 0.0445
a range +0 +86400 3 6 0.0263
a range +82800 +86400 3 7 0.0304
a range +23400 +86400 3 8 0.0440
a range +82200 +86400 3 9 0.0237
a range +79800 +86400 3 11 0.0381
a range +85800 +86400 3 12 0.0423
a range +84600 +86400 3 13 0.0420
a range +79800 +86400 3 14 0.0408
a range +71400 +86400 3 15 0.0319
a range +42600 +86400 3 16 0.0516
a range +75600 +86400 3 17 1105.0388
a range +78600 +86400 3 18 1105.0461
a range +0 +86400 4 1 0.0389
a range +51000 +86400 4 2 0.0280
a range +0 +86400 4 5 0.0252
a range +84000 +86400 4 6 0.0449
a range +24000 +86400 4 7 0.0433
a range +82800 +86400 4 8 0.0310
a range +82200 +86400 4 10 0.0224
a range +85800 +86400 4 11 0.0436
a range +79800 +86400 4 12 0.0367
a range +79800 +86400 4 13 0.0400
a range +84600 +86400 4 14 0.0435
a range +43200 +86400 4 15 0.0510
a range +72000 +86400 4 16 0.0330
a range +85800 +86400 4 17 1105.0773
a range +85800 +86400 4 18 1105.0845
a range +84600 +86400 5 1 0.0360
a range +59400 +86400 5 2 0.0347
a range +84000 +86400 5 3 0.0445
a range +0 +86400 5 4 0.0252
a range +0 +86400 5 7 0.0233
a range +41400 +86400 5 9 0.0394
a range +84000 +86400 5 10 0.0409
a range +80400 +86400 5 12 0.0258
a range +81000 +86400 5 13 0.0178
a range +79800 +86400 5 15 0.0305
a range +85800 +86400 5 16 0.0542
a range +52200 +86400 5 17 1105.0815
a range +78600 +86400 5 18 1105.0887
a range +59400 +86400 6 1 0.0346
a range +84600 +86400 6 2 0.0360
a range +0 +86400 6 3 0.0263
a range +84000 +86400 6 4 0.0449
a range +0 +86400 6 8 0.0233
a range +84000 +86400 6 9 0.0407
a range +41400 +86400 6 10 0.0392
a range +80400 +86400 6 11 0.0256
a range +81000 +86400 6 14 0.0170
a range +85800 +86400 6 15 0.0542
a range +79800 +86400 6 16 0.0303
a range +52200 +86400 6 17 1105.0337
a range +78600 +86400 6 18 1105.0410
a range +85200 +86400 7 1 0.0320
a range +79200 +86400 7 2 0.0412
a range +82800 +86400 7 3 0.0304
a range +24000 +86400 7 4 0.0433
a range +0 +86400 7 5 0.0233
a range +3600 +86400 7 9 0.0247
a range +74400 +86400 7 11 0.0522
a range +0 +86400 7 12 0.0295
a range +81000 +86400 7 13 0.0167
a range +81000 +86400 7 15 0.0082
a range +52200 +86400 7 17 1105.0656
a range +78600 +86400 7 18 1105.0728
a range +79200 +86400 8 1 0.0406
a range +85200 +86400 8 2 0.0317
a range +23400 +86400 8 3 0.0440
a range +82800 +86400 8 4 0.0310
a range +0 +86400 8 6 0.0233
a range +85800 +86400 8 9 0.0527
a range +3600 +86400 8 10 0.0238
a range +0 +86400 8 11 0.0293
a range +74400 +86400 8 12 0.0524
a range +81000 +86400 8 14 0.0168
a range +81000 +86400 8 16 0.0079
a range +52200 +86400 8 17 1105.0497
a range +78600 +86400 8 18 1105.0569
a range +84000 +86400 9 1 0.0167
a range +78600 +86400 9 2 0.0512
a range +82200 +86400 9 3 0.0237
a range +41400 +86400 9 5 0.0394
a range +84000 +86400 9 6 0.0407
a range +3600 +86400 9 7 0.0247
a range +85800 +86400 9 8 0.0527
a range +19200 +86400 9 11 0.0363
a range +0 +86400 9 12 0.0497
a range +0 +86400 9 13 0.0407
a range +45600 +86400 9 14 0.0484
a range +79200 +86400 9 15 0.0277
a range +52200 +86400 9 17 1105.0453
a range +78600 +86400 9 18 1105.0526
a range +78600 +86400 10 1 0.0505
a range +84000 +86400 10 2 0.0172
a range +82200 +86400 10 4 0.0224
a range +84000 +86400 10 5 0.0409
a range +41400 +86400 10 6 0.0392
a range +3600 +86400 10 8 0.0238
a range +0 +86400 10 11 0.0489
a range +19800 +86400 10 12 0.0375
a range +58200 +86400 10 13 0.0493
a range +0 +86400 10 14 0.0399
a range +79200 +86400 10 16 0.0263
a range +52200 +86400 10 17 1105.0696
a range +78600 +86400 10 18 1105.0768
a range +81600 +86400 11 1 0.0230
a range +79800 +86400 11 3 0.0381
a range +85800 +86400 11 4 0.0436
a range +80400 +86400 11 6 0.0256
a range +74400 +86400 11 7 0.0522
a range +0 +86400 11 8 0.0293
a range +19200 +86400 11 9 0.0363
a range +0 +86400 11 10 0.0489
a range +0 +86400 11 14 0.0186
a range +77400 +86400 11 15 0.0583
a range +22800 +86400 11 16 0.0325
a range +69600 +86400 11 17 1105.0365
a range +78600 +86400 11 18 1105.0437
a range +81600 +86400 12 2 0.0235
a range +85800 +86400 12 3 0.0423
a range +79800 +86400 12 4 0.0367
a range +80400 +86400 12 5 0.0258
a range +0 +86400 12 7 0.0295
a range +74400 +86400 12 8 0.0524
a range +0 +86400 12 9 0.0497
a range +19800 +86400 12 10 0.0375
a range +0 +86400 12 13 0.0183
a range +22800 +86400 12 15 0.0324
a range +77400 +86400 12 16 0.0582
a range +84000 +86400 12 17 1105.0787
a range +84000 +86400 12 18 1105.0859
a range +76800 +86400 13 1 0.0441
a range +58800 +86400 13 2 0.0372
a range +84600 +86400 13 3 0.0420
a range +79800 +86400 13 4 0.0400
a range +81000 +86400 13 5 0.0178
a range +81000 +86400 13 7 0.0167
a range +0 +86400 13 9 0.0407
a range +58200 +86400 13 10 0.0493
a range +0 +86400 13 12 0.0183
a range +0 +86400 13 15 0.0196
a range +52200 +86400 13 17 1105.0800
a range +78600 +86400 13 18 1105.0872
a range +58800 +86400 14 1 0.0369
a range +76800 +86400 14 2 0.0437
a range +79800 +86400 14 3 0.0408
a range +84600 +86400 14 4 0.0435
a range +81000 +86400 14 6 0.0170
a range +81000 +86400 14 8 0.0168
a range +45600 +86400 14 9 0.0484
a range +0 +86400 14 10 0.0399
a range +0 +86400 14 11 0.0186
a range +0 +86400 14 16 0.0200
a range +52200 +86400 14 17 1105.0348
a range +78600 +86400 14 18 1105.0420
a range +78000 +86400 15 1 0.0381
a range +59400 +86400 15 2 0.0461
a range +71400 +86400 15 3 0.0319
a range +43200 +86400 15 4 0.0510
a range +79800 +86400 15 5 0.0305
a range +85800 +86400 15 6 0.0542
a range +81000 +86400 15 7 0.0082
a range +79200 +86400 15 9 0.0277
a range +77400 +86400 15 11 0.0583
a range +22800 +86400 15 12 0.0324
a range +0 +86400 15 13 0.0196
a range +52200 +86400 15 17 1105.0639
a range +78600 +86400 15 18 1105.0712
a range +59400 +86400 16 1 0.0457
a range +78000 +86400 16 2 0.0374
a range +42600 +86400 16 3 0.0516
a range +72000 +86400 16 4 0.0330
a range +85800 +86400 16 5 0.0542
a range +79800 +86400 16 6 0.0303
a range +81000 +86400 16 8 0.0079
a range +79200 +86400 16 10 0.0263
a range +22800 +86400 16 11 0.0325
a range +77400 +86400 16 12 0.0582
a range +0 +86400 16 14 0.0200
a range +52200 +86400 16 17 1105.0512
a range +78600 +86400 16 18 1105.0584
a range +52200 +86400 17 1 1105.0488
a range +52200 +86400 17 2 1105.0665
a range +75600 +86400 17 3 1105.0388
a range +85800 +86400 17 4 1105.0773
a range +52200 +86400 17 5 1105.0815
a range +52200 +86400 17 6 1105.0337
a range +52200 +86400 17 7 1105.0656
a range +52200 +86400 17 8 1105.0497
a range +52200 +86400 17 9 1105.0453
a range +52200 +86400 17 10 1105.0696
a range +69600 +86400 17 11 1105.0365
a range +84000 +86400 17 12 1105.0787
a range +52200 +86400 17 13 1105.0800
a range +52200 +86400 17 14 1105.0348
a range +52200 +86400 17 15 1105.0639
a range +52200 +86400 17 16 1105.0512
a range +78600 +86400 18 1 1105.0561
a range +78600 +86400 18 2 1105.0737
a range +78600 +86400 18 3 1105.0461
a range +85800 +86400 18 4 1105.0845
a range +78600 +86400 18 5 1105.0887
a range +78600 +86400 18 6 1105.0410
a range +78600 +86400 18 7 1105.0728
a range +78600 +86400 18 8 1105.0569
a range +78600 +86400 18 9 1105.0526
a range +78600 +86400 18 10 1105.0768
a range +78600 +86400 18 11 1105.0437
a range +84000 +86400 18 12 1105.0859
a range +78600 +86400 18 13 1105.0872
a range +78600 +86400 18 14 1105.0420
a range +78600 +86400 18 15 1105.0712
a range +78600 +86400 18 16 1105.0584


