a contact +1200 +1800 14 2 6250000
a contact +1800 +2400 15 2 6250000
a contact +2400 +3000 15 3 6250000
a contact +3600 +4200 10 2 6250000
a contact +4800 +5400 7 3 6250000
a contact +4200 +5400 8 2 6250000
a contact +6000 +6600 9 3 6250000
a contact +6600 +7200 9 2 6250000
a contact +7200 +7800 7 2 6250000
a contact +9000 +9600 15 1 6250000
a contact +10200 +10800 4 17 6250000
a contact +10200 +10800 14 2 6250000
a contact +12000 +12600 7 2 6250000
a contact +15000 +15600 5 16 6250000
a contact +16200 +16800 15 3 6250000
a contact +21600 +22200 6 17 6250000
a contact +22200 +22800 15 3 6250000
a contact +24000 +24600 11 3 6250000
a contact +26400 +27000 9 1 6250000
a contact +27600 +28200 7 3 6250000
a contact +31200 +31800 13 2 6250000
a contact +31800 +32400 9 1 6250000
a contact +31800 +32400 12 2 6250000
a contact +33000 +33600 8 2 6250000
a contact +34200 +34800 9 2 6250000
a contact +34800 +35400 12 3 6250000
a contact +39000 +39600 10 2 6250000
a contact +41400 +42000 9 2 6250000
a contact +42000 +42600 5 18 6250000
a contact +46800 +47400 11 2 6250000
a contact +47400 +48000 9 2 6250000
a contact +54600 +55200 9 2 6250000
a contact +55800 +56400 9 3 6250000
a contact +58200 +58800 14 2 6250000
a contact +60000 +60600 15 2 6250000
a contact +61200 +61800 10 2 6250000
a contact +63600 +64200 7 2 6250000
a contact +64200 +64800 9 1 6250000
a contact +66000 +66600 4 16 6250000
a contact +66600 +67200 4 18 6250000
a contact +70800 +71400 7 3 6250000
a contact +74400 +75000 10 3 6250000
a contact +75000 +75600 10 2 6250000
a contact +75000 +75600 14 3 6250000
a contact +78000 +78600 8 2 6250000
a contact +80400 +81000 4 16 6250000
a contact +81600 +82200 11 3 6250000
a contact +84000 +84600 11 1 6250000
a contact +84600 +85200 10 3 6250000
a contact +85200 +85800 7 1 6250000
a contact +1200 +85800 16 19 100000000000
a contact +1200 +85800 19 16 100000000000
a contact +1200 +85800 17 19 100000000000
a contact +1200 +85800 19 17 100000000000
a contact +1200 +85800 18 19 100000000000
a contact +1200 +85800 19 18 100000000000

a range +1200 +1800 14 2 0.0544
a range +1800 +2400 15 2 0.0543
a range +2400 +3000 15 3 0.0556
a range +3600 +4200 10 2 0.0552
a range +4800 +5400 7 3 0.0549
a range +4200 +5400 8 2 0.0541
a range +6000 +6600 9 3 0.0546
a range +6600 +7200 9 2 0.0553
a range +7200 +7800 7 2 0.0555
a range +9000 +9600 15 1 0.0553
a range +10200 +10800 4 17 1103.3938
a range +10200 +10800 14 2 0.0546
a range +12000 +12600 7 2 0.0555
a range +15000 +15600 5 16 1102.3538
a range +16200 +16800 15 3 0.0545
a range +21600 +22200 6 17 1103.3766
a range +22200 +22800 15 3 0.0545
a range +24000 +24600 11 3 0.0554
a range +26400 +27000 9 1 0.055
a range +27600 +28200 7 3 0.0542
a range +31200 +31800 13 2 0.0544
a range +31800 +32400 9 1 0.055
a range +31800 +32400 12 2 0.0543
a range +33000 +33600 8 2 0.0541
a range +34200 +34800 9 2 0.0543
a range +34800 +35400 12 3 0.0366
a range +39000 +39600 10 2 0.0552
a range +41400 +42000 9 2 0.0543
a range +42000 +42600 5 18 1104.7838
a range +46800 +47400 11 2 0.0474
a range +47400 +48000 9 2 0.0543
a range +54600 +55200 9 2 0.0543
a range +55800 +56400 9 3 0.0253
a range +58200 +58800 14 2 0.0551
a range +60000 +60600 15 2 0.055
a range +61200 +61800 10 2 0.0097
a range +63600 +64200 7 2 0.0555
a range +64200 +64800 9 1 0.0554
a range +66000 +66600 4 16 1105.068
a range +66600 +67200 4 18 1104.7646
a range +70800 +71400 7 3 0.0542
a range +74400 +75000 10 3 0.0555
a range +75000 +75600 10 2 0.0097
a range +75000 +75600 14 3 0.0468
a range +78000 +78600 8 2 0.0413
a range +80400 +81000 4 16 1105.068
a range +81600 +82200 11 3 0.0382
a range +84000 +84600 11 1 0.0388
a range +84600 +85200 10 3 0.0491
a range +85200 +85800 7 1 0.0201
a range +1200 +85800 16 19 0.0
a range +1200 +85800 19 16 0.0
a range +1200 +85800 17 19 0.0
a range +1200 +85800 19 17 0.0
a range +1200 +85800 18 19 0.0
a range +1200 +85800 19 18 0.0

a position +1200 +1800 14 2 8168412.09365608 2403373.73871402 233966459.514286 8165254.89634334 2398189.02069922 233951323.012815
a position +1800 +2400 15 2 7119643.71256703 2361516.1620761 234084108.402996 7120844.50730539 2366927.18238416 234099425.805757
a position +2400 +3000 15 3 8070114.92947653 2391473.9168625 233966130.982272 8074548.99122509 2395273.36331914 233981730.495232
a position +3600 +4200 10 2 7267648.13146835 2366603.87958568 234071330.413932 7283433.78309984 2371515.36755163 234071702.435618
a position +4800 +5400 7 3 8000178.60710627 2398124.76456414 233975631.316654 7998550.66180598 2393190.48334178 233991234.848894
a position +4200 +5400 8 2 7441682.28020602 2371059.99127587 234056177.535237 7442317.40204645 2376519.44307684 234040908.006286
a position +6000 +6600 9 3 7357261.40656314 2379259.10500975 234055132.541182 7359310.13020744 2374017.56427624 234070490.676787
a position +6600 +7200 9 2 7832496.23453723 2392646.22728929 233996114.747405 7836169.14593111 2388190.66306621 234011641.249366
a position +7200 +7800 7 2 6784713.19466312 2352207.41135404 234136132.525961 6782968.44717796 2356912.90262175 234120279.427235
a position +9000 +9600 15 1 7594893.60981709 2376461.11465766 234025570.603696 7597753.96102735 2381105.39394421 234041228.663472
a position +10200 +10800 4 17 7292485.42446016 2365845.65056225 234069056.350202 -135660364.297881 4196.68310546875 -64226690.0348886
a position +10200 +10800 14 2 7874627.84438242 2388884.35594806 233989527.911683 7881284.12664444 2389440.73824856 234004477.905918
a position +12000 +12600 7 2 6784713.19466312 2352207.41135404 234136132.525961 6782968.44717796 2356912.90262175 234120279.427235
a position +15000 +15600 5 16 7922695.85282692 2385885.04032502 233991827.121983 -135989153.766107 3750.98291015625 -63495968.3965652
a position +16200 +16800 15 3 6630440.61799187 2347202.78547119 234142373.150749 6628656.46092257 2352321.33633721 234157785.954439
a position +21600 +22200 6 17 7279956.7080917 2370795.64967544 234069315.768663 -135660364.297881 4196.68310546875 -64226690.0348886
a position +22200 +22800 15 3 6630440.61799187 2347202.78547119 234142373.150749 6628656.46092257 2352321.33633721 234157785.954439
a position +24000 +24600 11 3 7196025.74985683 2373687.79543011 234080995.743215 7180253.71293705 2369012.85326875 234083301.827672
a position +26400 +27000 9 1 6868074.20292707 2364358.06559903 234113924.131101 6867133.73859098 2359416.94661417 234129631.890075
a position +27600 +28200 7 3 6309492.34775002 2337251.62342573 234191637.790708 6309432.4901847 2342717.37271001 234176333.63427
a position +31200 +31800 13 2 7511509.37082176 2383003.96505386 234048505.214595 7506186.78826339 2378604.09895463 234033745.54222
a position +31800 +32400 9 1 6868074.20292707 2364358.06559903 234113924.131101 6867133.73859098 2359416.94661417 234129631.890075
a position +31800 +32400 12 2 6624947.60649045 2347101.58036424 234148498.314805 6640015.31250528 2352321.33633721 234145221.599552
a position +33000 +33600 8 2 7441682.28020602 2371059.99127587 234056177.535237 7442317.40204645 2376519.44307684 234040908.006286
a position +34200 +34800 9 2 6378856.39739143 2349433.31999134 234171665.197536 6375037.05607594 2344805.58329271 234186808.750253
a position +34800 +35400 12 3 6272535.94956748 2335746.75981513 234191317.27253 6271153.34133758 2341464.34189563 234182042.830685
a position +39000 +39600 10 2 7267648.13146835 2366603.87958568 234071330.413932 7283433.78309984 2371515.36755163 234071702.435618
a position +41400 +42000 9 2 6378856.39739143 2349433.31999134 234171665.197536 6375037.05607594 2344805.58329271 234186808.750253
a position +42000 +42600 5 18 6455767.75816778 2343078.69581256 234169494.794362 -135215148.854473 -3748.65649414063 -65198444.2041454
a position +46800 +47400 11 2 6269595.0950494 2348877.50020657 234190629.119586 6257555.63117834 2341464.34189563 234192141.781196
a position +47400 +48000 9 2 6378856.39739143 2349433.31999134 234171665.197536 6375037.05607594 2344805.58329271 234186808.750253
a position +54600 +55200 9 2 6378856.39739143 2349433.31999134 234171665.197536 6375037.05607594 2344805.58329271 234186808.750253
a position +55800 +56400 9 3 6267564.59226036 2335839.41162018 234185652.358892 6271153.34133758 2341464.34189563 234182042.830685
a position +58200 +58800 14 2 6462726.00790936 2342659.77219066 234161817.990685 6466250.15204615 2347311.14845328 234177260.790995
a position +60000 +60600 15 2 6840495.13062133 2360822.32915675 234130717.53972 6834324.86640139 2358582.3003531 234115588.360761
a position +61200 +61800 10 2 6259678.36185123 2339768.76566514 234191106.488135 6257555.63117834 2341464.34189563 234192141.781196
a position +63600 +64200 7 2 6784713.19466312 2352207.41135404 234136132.525961 6782968.44717796 2356912.90262175 234120279.427235
a position +64200 +64800 9 1 6602908.24476984 2348516.48023734 234158725.465374 6597402.17710199 2351486.39237602 234143351.938433
a position +66000 +66600 4 16 6274797.36199516 2339505.22420611 234190914.953743 -135117043.787059 3750.98291015625 -65403216.9563235
a position +66600 +67200 4 18 6442294.8453471 2342940.52674502 234169487.553228 -135215148.854473 -3748.65649414063 -65198444.2041454
a position +70800 +71400 7 3 6309492.34775002 2337251.62342573 234191637.790708 6309432.4901847 2342717.37271001 234176333.63427
a position +74400 +75000 10 3 6539623.34538942 2353239.40705712 234159602.510732 6524101.2089251 2349398.87955648 234164149.621771
a position +75000 +75600 10 2 6259678.36185123 2339768.76566514 234191106.488135 6257555.63117834 2341464.34189563 234192141.781196
a position +75000 +75600 14 3 6267656.12625352 2348835.8448062 234193472.120493 6271153.34133758 2341464.34189563 234182042.830685
a position +78000 +78600 8 2 6266879.23026747 2348916.89748717 234188822.243013 6257555.63117834 2341464.34189563 234192141.781196
a position +80400 +81000 4 16 6274797.36199516 2339505.22420611 234190914.953743 -135117043.787059 3750.98291015625 -65403216.9563235
a position +81600 +82200 11 3 6269595.0950494 2348877.50020657 234190629.119586 6271153.34133758 2341464.34189563 234182042.830685
a position +84000 +84600 11 1 6269595.0950494 2348877.50020657 234190629.119586 6273100.43395212 2341464.34189563 234198868.268371
a position +84600 +85200 10 3 6259678.36185123 2339768.76566514 234191106.488135 6271153.34133758 2341464.34189563 234182042.830685
a position +85200 +85800 7 1 6267365.58394018 2339636.71657955 234198578.278346 6273100.43395212 2341464.34189563 234198868.268371
