a contact +2400 +3000 14 2 6250000
a contact +3600 +4200 11 2 6250000
a contact +4200 +4800 8 2 6250000
a contact +4200 +4800 11 3 6250000
a contact +5400 +6000 8 3 6250000
a contact +6600 +7200 10 3 6250000
a contact +9000 +9600 14 3 6250000
a contact +11400 +12000 14 2 6250000
a contact +14400 +15000 12 2 6250000
a contact +24000 +24600 9 2 6250000
a contact +24600 +25200 12 3 6250000
a contact +27000 +27600 10 3 6250000
a contact +28800 +29400 8 2 6250000
a contact +30000 +30600 7 2 6250000
a contact +31200 +31800 11 2 6250000
a contact +31200 +31800 14 3 6250000
a contact +31800 +32400 7 3 6250000
a contact +33600 +34200 15 1 6250000
a contact +34800 +35400 10 2 6250000
a contact +37800 +38400 13 2 6250000
a contact +38400 +39000 15 3 6250000
a contact +40200 +40800 3 17 150000000
a contact +42600 +43200 12 1 6250000
a contact +43800 +44400 7 2 6250000
a contact +46800 +47400 5 18 6250000
a contact +46800 +47400 14 3 6250000
a contact +47400 +48000 6 18 6250000
a contact +47400 +48000 12 1 6250000
a contact +48600 +49200 1 18 150000000
a contact +49800 +50400 8 3 6250000
a contact +50400 +51000 9 3 6250000
a contact +53400 +54000 4 16 6250000
a contact +53400 +54000 8 1 6250000
a contact +53400 +54000 15 3 6250000
a contact +54000 +54600 14 3 6250000
a contact +60000 +60600 7 1 6250000
a contact +60000 +60600 10 2 6250000
a contact +60000 +60600 13 3 6250000
a contact +60600 +61200 8 1 6250000
a contact +61200 +61800 8 3 6250000
a contact +69000 +69600 6 16 6250000
a contact +69000 +69600 7 2 6250000
a contact +72000 +72600 11 1 6250000
a contact +72000 +72600 12 3 6250000
a contact +73200 +73800 10 3 6250000
a contact +77400 +78000 6 16 6250000
a contact +77400 +78000 8 3 6250000
a contact +79800 +80400 13 2 6250000
a contact +81600 +82200 11 2 6250000
a contact +82200 +82800 7 2 6250000
a contact +85800 +86400 10 3 6250000
a contact +2400 +86400 16 19 100000000000
a contact +2400 +86400 19 16 100000000000
a contact +2400 +86400 17 19 100000000000
a contact +2400 +86400 19 17 100000000000
a contact +2400 +86400 18 19 100000000000
a contact +2400 +86400 19 18 100000000000

a range +2400 +3000 14 2 0.0544
a range +3600 +4200 11 2 0.0543
a range +4200 +4800 8 2 0.0541
a range +4200 +4800 11 3 0.0554
a range +5400 +6000 8 3 0.0548
a range +6600 +7200 10 3 0.0543
a range +9000 +9600 14 3 0.0553
a range +11400 +12000 14 2 0.0546
a range +14400 +15000 12 2 0.0543
a range +24000 +24600 9 2 0.0549
a range +24600 +25200 12 3 0.0543
a range +27000 +27600 10 3 0.0547
a range +28800 +29400 8 2 0.0541
a range +30000 +30600 7 2 0.0555
a range +31200 +31800 11 2 0.0542
a range +31200 +31800 14 3 0.0544
a range +31800 +32400 7 3 0.0542
a range +33600 +34200 15 1 0.0549
a range +34800 +35400 10 2 0.0552
a range +37800 +38400 13 2 0.0437
a range +38400 +39000 15 3 0.0545
a range +40200 +40800 3 17 1103.408
a range +42600 +43200 12 1 0.0547
a range +43800 +44400 7 2 0.0555
a range +46800 +47400 5 18 1104.7838
a range +46800 +47400 14 3 0.0468
a range +47400 +48000 6 18 1104.7761
a range +47400 +48000 12 1 0.0547
a range +48600 +49200 1 18 1103.9292
a range +49800 +50400 8 3 0.0544
a range +50400 +51000 9 3 0.0542
a range +53400 +54000 4 16 1105.068
a range +53400 +54000 8 1 0.0466
a range +53400 +54000 15 3 0.0545
a range +54000 +54600 14 3 0.0468
a range +60000 +60600 7 1 0.0201
a range +60000 +60600 10 2 0.0097
a range +60000 +60600 13 3 0.0551
a range +60600 +61200 8 1 0.0466
a range +61200 +61800 8 3 0.0549
a range +69000 +69600 6 16 1105.0488
a range +69000 +69600 7 2 0.0547
a range +72000 +72600 11 1 0.0555
a range +72000 +72600 12 3 0.0366
a range +73200 +73800 10 3 0.0555
a range +77400 +78000 6 16 1105.0488
a range +77400 +78000 8 3 0.0542
a range +79800 +80400 13 2 0.0437
a range +81600 +82200 11 2 0.0474
a range +82200 +82800 7 2 0.0396
a range +85800 +86400 10 3 0.0491
a range +2400 +86400 16 19 0.0
a range +2400 +86400 19 16 0.0
a range +2400 +86400 17 19 0.0
a range +2400 +86400 19 17 0.0
a range +2400 +86400 18 19 0.0
a range +2400 +86400 19 18 0.0

a position +2400 +3000 14 2 8168412.09365608 2403373.73871402 233966459.514286 8165254.89634334 2398189.02069922 233951323.012815
a position +3600 +4200 11 2 7910307.92736039 2386100.97602999 233992319.516675 7925427.5417945 2390690.73338572 233996252.781706
a position +4200 +4800 8 2 7441682.28020602 2371059.99127587 234056177.535237 7442317.40204645 2376519.44307684 234040908.006286
a position +4200 +4800 11 3 7196025.74985683 2373687.79543011 234080995.743215 7180253.71293705 2369012.85326875 234083301.827672
a position +5400 +6000 8 3 8098321.09780867 2395028.01644999 233961716.903864 8104599.46904653 2396106.45289839 233976870.278595
a position +6600 +7200 10 3 7938126.37292221 2389305.15847885 233990435.700669 7923302.86513206 2391107.38063589 233996896.287097
a position +9000 +9600 14 3 7679250.05235673 2388488.10739522 234027538.205681 7679051.48034386 2383606.36997291 234011708.255618
a position +11400 +12000 14 2 7874627.84438242 2388884.35594806 233989527.911683 7881284.12664444 2389440.73824856 234004477.905918
a position +14400 +15000 12 2 6624947.60649045 2347101.58036424 234148498.314805 6640015.31250528 2352321.33633721 234145221.599552
a position +24000 +24600 9 2 7525162.72847691 2380785.92726298 234047957.323228 7519136.08086182 2379021.0035873 234032753.844254
a position +24600 +25200 12 3 7574251.03809271 2377120.0110334 234033710.172834 7588849.29191242 2380688.53358604 234027480.432493
a position +27000 +27600 10 3 6778195.76028132 2352316.002313 234130183.901414 6793584.55106384 2356912.90262175 234133477.338482
a position +28800 +29400 8 2 7441682.28020602 2371059.99127587 234056177.535237 7442317.40204645 2376519.44307684 234040908.006286
a position +30000 +30600 7 2 6784713.19466312 2352207.41135404 234136132.525961 6782968.44717796 2356912.90262175 234120279.427235
a position +31200 +31800 11 2 7350161.97370564 2376491.07152776 234060744.306595 7364977.43142895 2374017.56427624 234054529.216332
a position +31200 +31800 14 3 7413290.99248919 2372786.57224037 234046840.085781 7419713.07034845 2375685.51882409 234061561.408763
a position +31800 +32400 7 3 6309492.34775002 2337251.62342573 234191637.790708 6309432.4901847 2342717.37271001 234176333.63427
a position +33600 +34200 15 1 7301621.42560993 2372207.79516179 234075454.510637 7295210.19011818 2372349.46842884 234060299.159685
a position +34800 +35400 10 2 7267648.13146835 2366603.87958568 234071330.413932 7283433.78309984 2371515.36755163 234071702.435618
a position +37800 +38400 13 2 6267187.88823854 2339901.3312399 234183397.710163 6257555.63117834 2341464.34189563 234192141.781196
a position +38400 +39000 15 3 6630440.61799187 2347202.78547119 234142373.150749 6628656.46092257 2352321.33633721 234157785.954439
a position +40200 +40800 3 17 7283314.07970302 2371932.42240158 234078139.564727 -135660364.297881 4196.68310546875 -64226690.0348886
a position +42600 +43200 12 1 7099560.88083172 2362078.62640764 234091609.37727 7114582.41332892 2366510.02179329 234086782.427906
a position +43800 +44400 7 2 6784713.19466312 2352207.41135404 234136132.525961 6782968.44717796 2356912.90262175 234120279.427235
a position +46800 +47400 5 18 6455767.75816778 2343078.69581256 234169494.794362 -135215148.854473 -3748.65649414063 -65198444.2041454
a position +46800 +47400 14 3 6267656.12625352 2348835.8448062 234193472.120493 6271153.34133758 2341464.34189563 234182042.830685
a position +47400 +48000 6 18 6448911.47962278 2354661.50561399 234170101.823701 -135215148.854473 -3748.65649414063 -65198444.2041454
a position +47400 +48000 12 1 7099560.88083172 2362078.62640764 234091609.37727 7114582.41332892 2366510.02179329 234086782.427906
a position +48600 +49200 1 18 6973024.93877439 2362337.93212172 234115181.827508 -135491269.71357 -3748.65649414063 -64592035.1246989
a position +49800 +50400 8 3 6938433.04776073 2357462.23822337 234118199.464472 6943149.12236517 2361503.40872756 234103109.304454
a position +50400 +51000 9 3 7078101.18264463 2363659.57994327 234102261.42925 7071287.57158604 2365675.67421078 234087633.338072
a position +53400 +54000 4 16 6274797.36199516 2339505.22420611 234190914.953743 -135117043.787059 3750.98291015625 -65403216.9563235
a position +53400 +54000 8 1 6266879.23026747 2348916.89748717 234188822.243013 6273100.43395212 2341464.34189563 234198868.268371
a position +53400 +54000 15 3 6630440.61799187 2347202.78547119 234142373.150749 6628656.46092257 2352321.33633721 234157785.954439
a position +54000 +54600 14 3 6267656.12625352 2348835.8448062 234193472.120493 6271153.34133758 2341464.34189563 234182042.830685
a position +60000 +60600 7 1 6267365.58394018 2339636.71657955 234198578.278346 6273100.43395212 2341464.34189563 234198868.268371
a position +60000 +60600 10 2 6259678.36185123 2339768.76566514 234191106.488135 6257555.63117834 2341464.34189563 234192141.781196
a position +60000 +60600 13 3 6728598.98973509 2356081.94875662 234128869.546559 6734759.98266489 2355243.36470154 234144161.366083
a position +60600 +61200 8 1 6266879.23026747 2348916.89748717 234188822.243013 6273100.43395212 2341464.34189563 234198868.268371
a position +61200 +61800 8 3 6700365.23035 2358871.36003514 234133560.704886 6704680.7927191 2354408.54320433 234148814.355049
a position +69000 +69600 6 16 6261807.04816339 2335933.77683364 234190727.782118 -135117043.787059 3750.98291015625 -65403216.9563235
a position +69000 +69600 7 2 6504834.95219151 2349898.06558041 234155440.843461 6511406.48874369 2348563.81329742 234170408.893521
a position +72000 +72600 11 1 6427575.49894419 2344199.29906032 234171459.484554 6443034.56937599 2346475.99493987 234165747.135439
a position +72000 +72600 12 3 6272535.94956748 2335746.75981513 234191317.27253 6271153.34133758 2341464.34189563 234182042.830685
a position +73200 +73800 10 3 6539623.34538942 2353239.40705712 234159602.510732 6524101.2089251 2349398.87955648 234164149.621771
a position +77400 +78000 6 16 6261807.04816339 2335933.77683364 234190727.782118 -135117043.787059 3750.98291015625 -65403216.9563235
a position +77400 +78000 8 3 6392985.41763557 2346979.49625952 234183848.864273 6386431.36994879 2345223.19927783 234169097.834704
a position +79800 +80400 13 2 6267187.88823854 2339901.3312399 234183397.710163 6257555.63117834 2341464.34189563 234192141.781196
a position +81600 +82200 11 2 6269595.0950494 2348877.50020657 234190629.119586 6257555.63117834 2341464.34189563 234192141.781196
a position +82200 +82800 7 2 6267365.58394018 2339636.71657955 234198578.278346 6257555.63117834 2341464.34189563 234192141.781196
a position +85800 +86400 10 3 6259678.36185123 2339768.76566514 234191106.488135 6271153.34133758 2341464.34189563 234182042.830685
