a contact +1800 +2400 14 2 6250000
a contact +3000 +3600 15 2 6250000
a contact +4800 +5400 15 1 6250000
a contact +5400 +6000 12 3 6250000
a contact +6000 +7200 14 2 6250000
a contact +9600 +10200 15 3 6250000
a contact +10200 +10800 13 2 6250000
a contact +10800 +11400 5 17 6250000
a contact +10800 +11400 14 3 6250000
a contact +11400 +12000 15 3 6250000
a contact +12600 +13200 10 2 6250000
a contact +13800 +14400 14 1 6250000
a contact +14400 +15000 13 3 6250000
a contact +15600 +16200 15 2 6250000
a contact +16800 +17400 14 2 6250000
a contact +17400 +18000 11 3 6250000
a contact +18000 +18600 11 2 6250000
a contact +19200 +19800 14 1 6250000
a contact +19800 +20400 14 2 6250000
a contact +21000 +21600 15 2 6250000
a contact +22200 +22800 14 3 6250000
a contact +22800 +23400 11 3 6250000
a contact +22800 +23400 13 1 6250000
a contact +25800 +26400 13 3 6250000
a contact +27000 +27600 15 3 6250000
a contact +27600 +28200 10 2 6250000
a contact +27600 +28200 13 3 6250000
a contact +28800 +29400 14 1 6250000
a contact +31200 +31800 11 3 6250000
a contact +34200 +34800 12 2 6250000
a contact +35400 +36000 8 3 6250000
a contact +36600 +37200 10 3 6250000
a contact +40200 +40800 5 17 6250000
a contact +40800 +41400 14 3 6250000
a contact +43200 +43800 15 3 6250000
a contact +45000 +45600 14 3 6250000
a contact +46800 +47400 11 3 6250000
a contact +51000 +51600 5 18 6250000
a contact +51000 +51600 11 2 6250000
a contact +52200 +52800 15 2 6250000
a contact +54000 +54600 15 2 6250000
a contact +54600 +55200 9 3 6250000
a contact +56400 +57000 10 2 6250000
a contact +56400 +57000 13 3 6250000
a contact +59400 +60000 14 3 6250000
a contact +61800 +62400 10 1 6250000
a contact +63600 +64200 5 17 6250000
a contact +64200 +64800 13 1 6250000
a contact +64800 +65400 14 3 6250000
a contact +67200 +67800 15 1 6250000
a contact +68400 +69000 9 2 6250000
a contact +69000 +70200 12 3 6250000
a contact +70200 +70800 14 1 6250000
a contact +71400 +72000 14 2 6250000
a contact +72600 +73200 15 3 6250000
a contact +73800 +74400 10 2 6250000
a contact +74400 +75000 7 3 6250000
a contact +75600 +76200 14 2 6250000
a contact +76800 +77400 14 2 6250000
a contact +76800 +78000 15 2 6250000
a contact +78000 +78600 11 3 6250000
a contact +81600 +82200 14 2 6250000
a contact +82200 +82800 8 2 6250000
a contact +84000 +85200 15 1 6250000
a contact +85200 +85800 15 2 6250000
a contact +1800 +85800 16 19 100000000000
a contact +1800 +85800 19 16 100000000000
a contact +1800 +85800 17 19 100000000000
a contact +1800 +85800 19 17 100000000000
a contact +1800 +85800 18 19 100000000000
a contact +1800 +85800 19 18 100000000000

a range +1800 +2400 14 2 0.0551
a range +3000 +3600 15 2 0.0543
a range +4800 +5400 15 1 0.0296
a range +5400 +6000 12 3 0.0366
a range +6000 +7200 14 2 0.0551
a range +9600 +10200 15 3 0.0545
a range +10200 +10800 13 2 0.0437
a range +10800 +11400 5 17 1103.3933
a range +10800 +11400 14 3 0.0553
a range +11400 +12000 15 3 0.0545
a range +12600 +13200 10 2 0.0552
a range +13800 +14400 14 1 0.055
a range +14400 +15000 13 3 0.0542
a range +15600 +16200 15 2 0.0393
a range +16800 +17400 14 2 0.0551
a range +17400 +18000 11 3 0.0554
a range +18000 +18600 11 2 0.0474
a range +19200 +19800 14 1 0.055
a range +19800 +20400 14 2 0.0551
a range +21000 +21600 15 2 0.055
a range +22200 +22800 14 3 0.0468
a range +22800 +23400 11 3 0.0382
a range +22800 +23400 13 1 0.0553
a range +25800 +26400 13 3 0.0542
a range +27000 +27600 15 3 0.0545
a range +27600 +28200 10 2 0.0552
a range +27600 +28200 13 3 0.0542
a range +28800 +29400 14 1 0.055
a range +31200 +31800 11 3 0.0382
a range +34200 +34800 12 2 0.0543
a range +35400 +36000 8 3 0.0544
a range +36600 +37200 10 3 0.0547
a range +40200 +40800 5 17 1103.3933
a range +40800 +41400 14 3 0.0468
a range +43200 +43800 15 3 0.0545
a range +45000 +45600 14 3 0.0468
a range +46800 +47400 11 3 0.0382
a range +51000 +51600 5 18 1104.7838
a range +51000 +51600 11 2 0.0542
a range +52200 +52800 15 2 0.0543
a range +54000 +54600 15 2 0.055
a range +54600 +55200 9 3 0.0546
a range +56400 +57000 10 2 0.0552
a range +56400 +57000 13 3 0.0542
a range +59400 +60000 14 3 0.0468
a range +61800 +62400 10 1 0.0552
a range +63600 +64200 5 17 1103.3933
a range +64200 +64800 13 1 0.0556
a range +64800 +65400 14 3 0.0468
a range +67200 +67800 15 1 0.0553
a range +68400 +69000 9 2 0.0543
a range +69000 +70200 12 3 0.0366
a range +70200 +70800 14 1 0.055
a range +71400 +72000 14 2 0.0551
a range +72600 +73200 15 3 0.0545
a range +73800 +74400 10 2 0.0552
a range +74400 +75000 7 3 0.0542
a range +75600 +76200 14 2 0.0551
a range +76800 +77400 14 2 0.0544
a range +76800 +78000 15 2 0.0543
a range +78000 +78600 11 3 0.0554
a range +81600 +82200 14 2 0.0546
a range +82200 +82800 8 2 0.0413
a range +84000 +85200 15 1 0.0553
a range +85200 +85800 15 2 0.0543
a range +1800 +85800 16 19 0.0
a range +1800 +85800 19 16 0.0
a range +1800 +85800 17 19 0.0
a range +1800 +85800 19 17 0.0
a range +1800 +85800 18 19 0.0
a range +1800 +85800 19 18 0.0

a position +1800 +2400 14 2 6462726.00790936 2342659.77219066 234161817.990685 6466250.15204615 2347311.14845328 234177260.790995
a position +3000 +3600 15 2 7119643.71256703 2361516.1620761 234084108.402996 7120844.50730539 2366927.18238416 234099425.805757
a position +4800 +5400 15 1 6266965.39197594 2335655.84964081 234196183.049596 6273100.43395212 2341464.34189563 234198868.268371
a position +5400 +6000 12 3 6272535.94956748 2335746.75981513 234191317.27253 6271153.34133758 2341464.34189563 234182042.830685
a position +6000 +7200 14 2 6462726.00790936 2342659.77219066 234161817.990685 6466250.15204615 2347311.14845328 234177260.790995
a position +9600 +10200 15 3 6630440.61799187 2347202.78547119 234142373.150749 6628656.46092257 2352321.33633721 234157785.954439
a position +10200 +10800 13 2 6267187.88823854 2339901.3312399 234183397.710163 6257555.63117834 2341464.34189563 234192141.781196
a position +10800 +11400 5 17 7290513.77426388 2379155.966967 234069753.914327 -135660364.297881 4196.68310546875 -64226690.0348886
a position +10800 +11400 14 3 7679250.05235673 2388488.10739522 234027538.205681 7679051.48034386 2383606.36997291 234011708.255618
a position +11400 +12000 15 3 6630440.61799187 2347202.78547119 234142373.150749 6628656.46092257 2352321.33633721 234157785.954439
a position +12600 +13200 10 2 7267648.13146835 2366603.87958568 234071330.413932 7283433.78309984 2371515.36755163 234071702.435618
a position +13800 +14400 14 1 7190052.33411238 2373578.80531862 234087534.208437 7192807.75897959 2369012.85326875 234071931.583569
a position +14400 +15000 13 3 7036335.58327128 2369615.39730137 234105587.168208 7032520.89831722 2364424.086861 234090685.438967
a position +15600 +16200 15 2 6266965.39197594 2335655.84964081 234196183.049596 6257555.63117834 2341464.34189563 234192141.781196
a position +16800 +17400 14 2 6462726.00790936 2342659.77219066 234161817.990685 6466250.15204615 2347311.14845328 234177260.790995
a position +17400 +18000 11 3 7196025.74985683 2373687.79543011 234080995.743215 7180253.71293705 2369012.85326875 234083301.827672
a position +18000 +18600 11 2 6269595.0950494 2348877.50020657 234190629.119586 6257555.63117834 2341464.34189563 234192141.781196
a position +19200 +19800 14 1 7190052.33411238 2373578.80531862 234087534.208437 7192807.75897959 2369012.85326875 234071931.583569
a position +19800 +20400 14 2 6462726.00790936 2342659.77219066 234161817.990685 6466250.15204615 2347311.14845328 234177260.790995
a position +21000 +21600 15 2 6840495.13062133 2360822.32915675 234130717.53972 6834324.86640139 2358582.3003531 234115588.360761
a position +22200 +22800 14 3 6267656.12625352 2348835.8448062 234193472.120493 6271153.34133758 2341464.34189563 234182042.830685
a position +22800 +23400 11 3 6269595.0950494 2348877.50020657 234190629.119586 6271153.34133758 2341464.34189563 234182042.830685
a position +22800 +23400 13 1 6547095.96293322 2354705.02363973 234164197.788765 6546201.48720882 2349816.39958988 234148394.100799
a position +25800 +26400 13 3 7036335.58327128 2369615.39730137 234105587.168208 7032520.89831722 2364424.086861 234090685.438967
a position +27000 +27600 15 3 6630440.61799187 2347202.78547119 234142373.150749 6628656.46092257 2352321.33633721 234157785.954439
a position +27600 +28200 10 2 7267648.13146835 2366603.87958568 234071330.413932 7283433.78309984 2371515.36755163 234071702.435618
a position +27600 +28200 13 3 7036335.58327128 2369615.39730137 234105587.168208 7032520.89831722 2364424.086861 234090685.438967
a position +28800 +29400 14 1 7190052.33411238 2373578.80531862 234087534.208437 7192807.75897959 2369012.85326875 234071931.583569
a position +31200 +31800 11 3 6269595.0950494 2348877.50020657 234190629.119586 6271153.34133758 2341464.34189563 234182042.830685
a position +34200 +34800 12 2 6624947.60649045 2347101.58036424 234148498.314805 6640015.31250528 2352321.33633721 234145221.599552
a position +35400 +36000 8 3 6938433.04776073 2357462.23822337 234118199.464472 6943149.12236517 2361503.40872756 234103109.304454
a position +36600 +37200 10 3 6778195.76028132 2352316.002313 234130183.901414 6793584.55106384 2356912.90262175 234133477.338482
a position +40200 +40800 5 17 7290513.77426388 2379155.966967 234069753.914327 -135660364.297881 4196.68310546875 -64226690.0348886
a position +40800 +41400 14 3 6267656.12625352 2348835.8448062 234193472.120493 6271153.34133758 2341464.34189563 234182042.830685
a position +43200 +43800 15 3 6630440.61799187 2347202.78547119 234142373.150749 6628656.46092257 2352321.33633721 234157785.954439
a position +45000 +45600 14 3 6267656.12625352 2348835.8448062 234193472.120493 6271153.34133758 2341464.34189563 234182042.830685
a position +46800 +47400 11 3 6269595.0950494 2348877.50020657 234190629.119586 6271153.34133758 2341464.34189563 234182042.830685
a position +51000 +51600 5 18 6455767.75816778 2343078.69581256 234169494.794362 -135215148.854473 -3748.65649414063 -65198444.2041454
a position +51000 +51600 11 2 7350161.97370564 2376491.07152776 234060744.306595 7364977.43142895 2374017.56427624 234054529.216332
a position +52200 +52800 15 2 7119643.71256703 2361516.1620761 234084108.402996 7120844.50730539 2366927.18238416 234099425.805757
a position +54000 +54600 15 2 6840495.13062133 2360822.32915675 234130717.53972 6834324.86640139 2358582.3003531 234115588.360761
a position +54600 +55200 9 3 7357261.40656314 2379259.10500975 234055132.541182 7359310.13020744 2374017.56427624 234070490.676787
a position +56400 +57000 10 2 7267648.13146835 2366603.87958568 234071330.413932 7283433.78309984 2371515.36755163 234071702.435618
a position +56400 +57000 13 3 7036335.58327128 2369615.39730137 234105587.168208 7032520.89831722 2364424.086861 234090685.438967
a position +59400 +60000 14 3 6267656.12625352 2348835.8448062 234193472.120493 6271153.34133758 2341464.34189563 234182042.830685
a position +61800 +62400 10 1 7477105.47392355 2377947.9311805 234047195.248625 7461782.83089743 2377353.33196396 234053421.365613
a position +63600 +64200 5 17 7290513.77426388 2379155.966967 234069753.914327 -135660364.297881 4196.68310546875 -64226690.0348886
a position +64200 +64800 13 1 7972603.20409408 2394588.81537308 233992573.973447 7966994.89561362 2392357.26897508 233977031.251788
a position +64800 +65400 14 3 6267656.12625352 2348835.8448062 234193472.120493 6271153.34133758 2341464.34189563 234182042.830685
a position +67200 +67800 15 1 7594893.60981709 2376461.11465766 234025570.603696 7597753.96102735 2381105.39394421 234041228.663472
a position +68400 +69000 9 2 6378856.39739143 2349433.31999134 234171665.197536 6375037.05607594 2344805.58329271 234186808.750253
a position +69000 +70200 12 3 6272535.94956748 2335746.75981513 234191317.27253 6271153.34133758 2341464.34189563 234182042.830685
a position +70200 +70800 14 1 7190052.33411238 2373578.80531862 234087534.208437 7192807.75897959 2369012.85326875 234071931.583569
a position +71400 +72000 14 2 6462726.00790936 2342659.77219066 234161817.990685 6466250.15204615 2347311.14845328 234177260.790995
a position +72600 +73200 15 3 6630440.61799187 2347202.78547119 234142373.150749 6628656.46092257 2352321.33633721 234157785.954439
a position +73800 +74400 10 2 7267648.13146835 2366603.87958568 234071330.413932 7283433.78309984 2371515.36755163 234071702.435618
a position +74400 +75000 7 3 6309492.34775002 2337251.62342573 234191637.790708 6309432.4901847 2342717.37271001 234176333.63427
a position +75600 +76200 14 2 6462726.00790936 2342659.77219066 234161817.990685 6466250.15204615 2347311.14845328 234177260.790995
a position +76800 +77400 14 2 8168412.09365608 2403373.73871402 233966459.514286 8165254.89634334 2398189.02069922 233951323.012815
a position +76800 +78000 15 2 7119643.71256703 2361516.1620761 234084108.402996 7120844.50730539 2366927.18238416 234099425.805757
a position +78000 +78600 11 3 7196025.74985683 2373687.79543011 234080995.743215 7180253.71293705 2369012.85326875 234083301.827672
a position +81600 +82200 14 2 7874627.84438242 2388884.35594806 233989527.911683 7881284.12664444 2389440.73824856 234004477.905918
a position +82200 +82800 8 2 6266879.23026747 2348916.89748717 234188822.243013 6257555.63117834 2341464.34189563 234192141.781196
a position +84000 +85200 15 1 7594893.60981709 2376461.11465766 234025570.603696 7597753.96102735 2381105.39394421 234041228.663472
a position +85200 +85800 15 2 7119643.71256703 2361516.1620761 234084108.402996 7120844.50730539 2366927.18238416 234099425.805757
