a contact +6600 +7200 12 2 6250000
a contact +17400 +18000 12 2 6250000
a contact +28200 +28800 2 17 150000000
a contact +40200 +40800 11 1 6250000
a contact +51000 +51600 11 1 6250000
a contact +58200 +58800 2 16 150000000
a contact +69600 +70200 6 18 6250000
a contact +70200 +70800 11 2 6250000
a contact +6600 +70800 16 19 100000000000
a contact +6600 +70800 19 16 100000000000
a contact +6600 +70800 17 19 100000000000
a contact +6600 +70800 19 17 100000000000
a contact +6600 +70800 18 19 100000000000
a contact +6600 +70800 19 18 100000000000

a range +6600 +7200 12 2 0.0548
a range +17400 +18000 12 2 0.0543
a range +28200 +28800 2 17 1103.4001
a range +40200 +40800 11 1 0.0543
a range +51000 +51600 11 1 0.0543
a range +58200 +58800 2 16 1104.6917
a range +69600 +70200 6 18 1104.7761
a range +70200 +70800 11 2 0.0474
a range +6600 +70800 16 19 0.0
a range +6600 +70800 19 16 0.0
a range +6600 +70800 17 19 0.0
a range +6600 +70800 19 17 0.0
a range +6600 +70800 18 19 0.0
a range +6600 +70800 19 18 0.0

a position +6600 +7200 12 2 8034692.02598255 2393152.48843214 233976475.561575 8049749.5144362 2394440.23806916 233969999.160764
a position +17400 +18000 12 2 6624947.60649045 2347101.58036424 234148498.314805 6640015.31250528 2352321.33633721 234145221.599552
a position +28200 +28800 2 17 7297410.95100582 2371932.42240158 234068749.956509 -135660364.297881 4196.68310546875 -64226690.0348886
a position +40200 +40800 11 1 6720131.80638458 2360264.40930005 234137980.921828 6704804.21115517 2354825.95832954 234138611.844235
a position +51000 +51600 11 1 6720131.80638458 2360264.40930005 234137980.921828 6704804.21115517 2354825.95832954 234138611.844235
a position +58200 +58800 2 16 6511406.48874369 2348563.81329742 234170408.893521 -135246857.279263 3750.98291015625 -65125651.2257639
a position +69600 +70200 6 18 6448911.47962278 2354661.50561399 234170101.823701 -135215148.854473 -3748.65649414063 -65198444.2041454
a position +70200 +70800 11 2 6269595.0950494 2348877.50020657 234190629.119586 6257555.63117834 2341464.34189563 234192141.781196
