a contact +0 +200 1001 9003 100000
a contact +200 +500 1001 9003 100000
a contact +500 +1100 1001 9003 100000
a contact +1100 +1600 1001 9003 100000
a contact +1600 +2100 1001 9003 100000
a contact +2100 +2400 1001 9003 100000
a contact +2400 +3000 2002 1001 10000
a contact +2400 +3000 2003 1001 10000
a contact +2400 +3000 2004 1001 10000
a contact +3000 +3600 2002 1001 10000
a contact +3000 +3600 2003 1001 10000
a contact +3000 +3600 2004 1001 10000
a contact +3600 +4200 2002 1001 10000
a contact +3600 +4200 2003 1001 10000
a contact +3600 +4200 2004 1001 10000
a contact +4200 +4800 2002 1001 10000
a contact +4200 +4800 2003 1001 10000
a contact +4200 +4800 2004 1001 10000
a contact +4800 +5400 2002 1001 10000
a contact +4800 +5400 2003 1001 10000
a contact +4800 +5400 2004 1001 10000
a contact +5400 +6000 2002 1001 10000
a contact +5400 +6000 2003 1001 10000
a contact +5400 +6000 2004 1001 10000
a contact +6000 +6600 2002 1001 10000
a contact +6000 +6600 2003 1001 10000
a contact +6000 +6600 2004 1001 10000
a contact +6600 +7200 2002 1001 10000
a contact +6600 +7200 2003 1001 10000
a contact +6600 +7200 2004 1001 10000
a contact +7200 +7800 1001 9001 100000
a contact +7200 +7800 2001 1001 10000
a contact +7200 +7800 2002 1001 10000
a contact +7800 +8400 1001 9001 100000
a contact +7800 +8400 2001 1001 10000
a contact +7800 +8400 2002 1001 10000
a contact +8400 +9000 2001 1001 10000
a contact +8400 +9000 2002 1001 10000
a contact +8400 +9600 1001 9001 100000
a contact +9000 +9600 2001 1001 10000
a contact +9000 +9600 2002 1001 10000
a contact +9600 +10000 1001 9001 100000
a contact +9600 +10000 2001 1001 10000
a contact +9600 +10000 2002 1001 10000
a contact +10000 +10600 1001 9002 100000
a contact +10000 +10600 2001 1001 10000
a contact +10000 +10600 2002 1001 10000
a contact +10600 +11200 1001 9002 100000
a contact +10600 +11200 2001 1001 10000
a contact +10600 +11200 2002 1001 10000
a contact +11200 +11900 1001 9002 100000
a contact +11200 +11900 2001 1001 10000
a contact +11200 +11900 2002 1001 10000
a contact +11900 +12000 1001 9001 100000
a contact +12000 +12600 1001 9002 100000
a contact +11900 +12600 2001 1001 10000
a contact +11900 +12600 2002 1001 10000
a contact +12600 +13200 1001 9002 100000
a contact +12600 +13200 2001 1001 10000
a contact +12600 +13200 2002 1001 10000
a contact +13200 +13800 1001 9002 100000
a contact +13200 +13800 2001 1001 10000
a contact +13200 +13800 2002 1001 10000
a contact +13800 +14400 1001 9002 100000
a contact +13800 +14400 2001 1001 10000
a contact +13800 +14400 2002 1001 10000
a contact +14400 +15000 2001 1001 10000
a contact +14400 +15000 2003 1001 10000
a contact +15000 +15300 2001 1001 10000
a contact +14400 +15300 2002 1001 10000
a contact +15000 +15300 2003 1001 10000
a contact +15300 +15900 2001 1001 10000
a contact +15300 +15900 2002 1001 10000
a contact +15300 +15900 2003 1001 10000
a contact +15900 +16500 2001 1001 10000
a contact +15900 +16500 2002 1001 10000
a contact +15900 +16500 2003 1001 10000
a contact +16500 +17100 2001 1001 10000
a contact +16500 +17100 2002 1001 10000
a contact +16500 +17100 2003 1001 10000
a contact +17100 +17700 2001 1001 10000
a contact +17100 +17700 2002 1001 10000
a contact +17100 +17700 2003 1001 10000
a contact +17700 +18400 2001 1001 10000
a contact +17700 +18400 2002 1001 10000
a contact +17700 +18400 2003 1001 10000
a contact +18400 +18800 2001 1001 10000
a contact +18400 +18800 2002 1001 10000
a contact +18400 +18800 2003 1001 10000
a contact +18800 +19000 1001 9003 100000
a contact +18800 +19000 2001 1001 10000
a contact +18800 +19000 2003 1001 10000
a contact +19000 +19400 1001 9003 100000
a contact +19000 +19400 2001 1001 10000
a contact +19000 +19400 2003 1001 10000
a contact +19400 +20000 1001 9003 100000
a contact +19400 +20000 2001 1001 10000
a contact +19400 +20000 2004 1001 10000
a contact +20000 +20500 1001 9003 100000
a contact +20000 +20500 2001 1001 10000
a contact +20000 +20500 2004 1001 10000
a contact +20500 +20800 1001 9003 100000
a contact +20500 +20800 2001 1001 10000
a contact +20500 +20800 2004 1001 10000
a contact +20800 +21000 1001 9003 100000
a contact +20800 +21000 2001 1001 10000
a contact +20800 +21000 2004 1001 10000
a contact +21000 +21600 1001 9003 100000
a contact +21000 +21600 2001 1001 10000
a contact +21000 +21600 2004 1001 10000
a contact +21600 +22200 1001 9003 100000
a contact +21600 +22200 2001 1001 10000
a contact +21600 +22200 2004 1001 10000
a contact +22200 +22600 1001 9003 100000
a contact +22200 +22600 2001 1001 10000
a contact +22600 +23200 1001 9001 100000
a contact +22600 +23200 2001 1001 10000
a contact +22200 +23200 2004 1001 10000
a contact +23200 +23800 1001 9001 100000
a contact +23200 +23800 1001 9003 100000
a contact +23800 +24400 1001 9001 100000
a contact +23800 +24400 1001 9003 100000
a contact +24400 +25000 1001 9003 100000
a contact +24400 +25000 1001 9001 100000
a contact +25000 +25600 1001 9001 100000
a contact +25000 +25600 1001 9003 100000
a contact +25600 +26000 1001 9001 100000
a contact +26000 +26600 1001 9001 100000
a contact +26000 +26600 2003 1001 10000
a contact +26000 +26600 2004 1001 10000
a contact +26600 +27200 1001 9001 100000
a contact +26600 +27200 2003 1001 10000
a contact +26600 +27200 2004 1001 10000
a contact +27200 +27800 1001 9001 100000
a contact +27200 +27800 2003 1001 10000
a contact +27200 +27800 2004 1001 10000
a contact +27800 +28400 1001 9001 100000
a contact +27800 +28400 2003 1001 10000
a contact +27800 +28400 2004 1001 10000
a contact +28400 +29000 1001 9002 100000
a contact +28400 +29000 2003 1001 10000
a contact +28400 +29000 2004 1001 10000
a contact +29000 +29600 1001 9002 100000
a contact +29000 +29600 2003 1001 10000
a contact +29000 +29600 2004 1001 10000
a contact +29600 +29800 1001 9002 100000
a contact +29600 +29800 2004 1001 10000
a contact +29800 +30200 1001 9002 100000
a contact +29600 +30200 2003 1001 10000
a contact +29800 +30200 2004 1001 10000
a contact +30200 +30500 1001 9002 100000
a contact +30200 +30500 2003 1001 10000
a contact +30200 +30500 2004 1001 10000
a contact +30500 +31100 1001 9002 100000
a contact +30500 +31100 2003 1001 10000
a contact +30500 +31100 2004 1001 10000
a contact +31100 +31700 1001 9002 100000
a contact +31100 +31700 2003 1001 10000
a contact +31100 +31700 2004 1001 10000
a contact +31700 +32300 1001 9002 100000
a contact +31700 +32300 2004 1001 10000
a contact +32300 +32900 1001 9002 100000
a contact +31700 +32900 2003 1001 10000
a contact +32300 +32900 2004 1001 10000
a contact +32900 +33500 1001 9002 100000
a contact +32900 +33500 2003 1001 10000
a contact +32900 +33500 2004 1001 10000
a contact +33500 +34100 1001 9002 100000
a contact +33500 +34100 2003 1001 10000
a contact +33500 +34100 2004 1001 10000
a contact +34100 +34700 1001 9002 100000
a contact +34100 +34700 2003 1001 10000
a contact +34100 +34700 2004 1001 10000
a contact +34700 +35300 1001 9002 100000
a contact +34700 +35300 2003 1001 10000
a contact +34700 +35300 2004 1001 10000
a contact +35300 +35900 1001 9002 100000
a contact +35300 +35900 2003 1001 10000
a contact +35300 +35900 2004 1001 10000
a contact +35900 +36200 1001 9002 100000
a contact +35900 +36200 2003 1001 10000
a contact +35900 +36200 2004 1001 10000
a contact +36200 +36800 1001 9003 100000
a contact +36200 +36800 2003 1001 10000
a contact +36200 +36800 2004 1001 10000
a contact +36800 +37400 1001 9003 100000
a contact +36800 +37400 2003 1001 10000
a contact +36800 +37400 2004 1001 10000
a contact +37400 +37700 1001 9003 100000
a contact +37400 +37700 2004 1001 10000
a contact +37700 +37900 1001 9003 100000
a contact +37700 +37900 2004 1001 10000
a contact +37900 +38200 1001 9003 100000
a contact +37400 +38200 2003 1001 10000
a contact +37900 +38200 2004 1001 10000
a contact +38200 +38800 1001 9003 100000
a contact +38200 +38800 2001 1001 10000
a contact +38200 +38800 2004 1001 10000
a contact +38800 +39300 1001 9003 100000
a contact +38800 +39300 2001 1001 10000
a contact +38800 +39300 2004 1001 10000
a contact +39300 +39600 1001 9003 100000
a contact +39300 +39600 2003 1001 10000
a contact +39600 +39800 1001 9003 100000
a contact +39600 +39800 2003 1001 10000
a contact +39300 +39800 2004 1001 10000
a contact +39800 +40400 1001 9003 100000
a contact +39800 +40400 2003 1001 10000
a contact +39800 +40400 2004 1001 10000
a contact +40400 +41000 1001 9003 100000
a contact +40400 +41000 2003 1001 10000
a contact +40400 +41000 2004 1001 10000
a contact +41000 +41100 1001 9003 100000
a contact +41100 +41700 1001 9001 100000
a contact +41000 +41700 2003 1001 10000
a contact +41000 +41700 2004 1001 10000
a contact +41700 +42200 1001 9001 100000
a contact +41700 +42200 2003 1001 10000
a contact +41700 +42200 2004 1001 10000
a contact +42200 +42800 1001 9001 100000
a contact +42200 +42800 2003 1001 10000
a contact +42200 +42800 2004 1001 10000
a contact +42800 +43400 1001 9001 100000
a contact +42800 +43400 2003 1001 10000
a contact +42800 +43400 2004 1001 10000
a contact +43400 +44000 1001 9001 100000
a contact +43400 +44000 2003 1001 10000
a contact +43400 +44000 2004 1001 10000
a contact +44000 +44700 1001 9001 100000
a contact +44000 +44700 2003 1001 10000
a contact +44000 +44700 2004 1001 10000
a contact +44700 +45300 1001 9001 100000
a contact +44700 +45300 2003 1001 10000
a contact +44700 +45300 2004 1001 10000
a contact +45300 +45900 1001 9001 100000
a contact +45300 +45900 2003 1001 10000
a contact +45300 +45900 2004 1001 10000
a contact +45900 +46500 1001 9001 100000
a contact +45900 +46500 2003 1001 10000
a contact +45900 +46500 2004 1001 10000
a contact +46500 +46700 1001 9001 100000
a contact +46500 +46700 2003 1001 10000
a contact +46500 +46700 2004 1001 10000
a contact +46700 +46800 2001 1001 10000
a contact +46700 +47300 1001 9001 100000
a contact +46900 +47300 1001 9002 100000
a contact +47300 +47900 1001 9001 100000
a contact +47300 +47900 1001 9002 100000
a contact +47900 +48500 1001 9002 100000
a contact +47900 +48500 1001 9001 100000
a contact +48500 +48900 1001 9001 100000
a contact +48500 +49000 1001 9002 100000
a contact +49000 +49500 1001 9002 100000
a contact +49500 +50100 1001 9002 100000
a contact +49500 +50100 2003 1001 10000
a contact +49500 +50100 2004 1001 10000
a contact +50100 +50700 1001 9002 100000
a contact +50100 +50700 2003 1001 10000
a contact +50100 +50700 2004 1001 10000
a contact +50700 +51300 1001 9002 100000
a contact +50700 +51300 2003 1001 10000
a contact +50700 +51300 2004 1001 10000
a contact +51300 +51900 1001 9002 100000
a contact +51300 +51900 2003 1001 10000
a contact +51300 +51900 2004 1001 10000
a contact +51900 +52500 1001 9002 100000
a contact +51900 +52500 2003 1001 10000
a contact +51900 +52500 2004 1001 10000
a contact +52500 +53100 2002 1001 10000
a contact +52500 +53100 2003 1001 10000
a contact +53100 +53700 2002 1001 10000
a contact +53100 +53700 2003 1001 10000
a contact +52500 +53700 2004 1001 10000
a contact +53700 +54300 1001 9002 100000
a contact +53700 +54300 2003 1001 10000
a contact +53700 +54300 2004 1001 10000
a contact +54300 +54600 2002 1001 10000
a contact +54300 +54600 2004 1001 10000
a contact +54600 +54700 2001 1001 10000
a contact +54300 +54700 2003 1001 10000
a contact +54600 +54700 2004 1001 10000
a contact +54700 +55300 1001 9003 100000
a contact +54700 +55300 2003 1001 10000
a contact +54700 +55300 2004 1001 10000
a contact +55300 +55900 1001 9003 100000
a contact +55300 +55900 2003 1001 10000
a contact +55300 +55900 2004 1001 10000
a contact +55900 +56500 1001 9003 100000
a contact +55900 +56500 2003 1001 10000
a contact +55900 +56500 2004 1001 10000
a contact +56500 +56700 2003 1001 10000
a contact +56500 +56700 2004 1001 10000
a contact +56500 +57000 1001 9003 100000
a contact +56700 +57000 2003 1001 10000
a contact +56700 +57000 2004 1001 10000
a contact +57000 +57600 1001 9003 100000
a contact +57000 +57600 2001 1001 10000
a contact +57000 +57600 2004 1001 10000
a contact +57600 +58200 1001 9003 100000
a contact +57600 +58200 2001 1001 10000
a contact +57600 +58200 2004 1001 10000
a contact +58200 +58500 1001 9003 100000
a contact +58200 +58500 2003 1001 10000
a contact +58200 +58500 2004 1001 10000
a contact +58500 +58700 1001 9003 100000
a contact +58500 +58700 2003 1001 10000
a contact +58500 +58700 2004 1001 10000
a contact +58700 +59300 1001 9003 100000
a contact +58700 +59300 2003 1001 10000
a contact +58700 +59300 2004 1001 10000
a contact +59300 +59500 1001 9003 100000
a contact +59300 +59500 2003 1001 10000
a contact +59500 +60100 1001 9001 100000
a contact +59500 +60100 2003 1001 10000
a contact +59300 +60100 2004 1001 10000
a contact +60100 +60700 1001 9001 100000
a contact +60100 +60700 2003 1001 10000
a contact +60100 +60700 2004 1001 10000
a contact +60700 +61300 1001 9001 100000
a contact +60700 +61300 2003 1001 10000
a contact +60700 +61300 2004 1001 10000
a contact +61300 +61900 2002 1001 10000
a contact +61300 +61900 2003 1001 10000
a contact +61300 +61900 2004 1001 10000
a contact +61900 +62500 1001 9001 100000
a contact +61900 +62500 2003 1001 10000
a contact +61900 +62500 2004 1001 10000
a contact +62500 +63100 2001 1001 10000
a contact +62500 +63100 2003 1001 10000
a contact +62500 +63100 2004 1001 10000
a contact +63100 +63700 1001 9001 100000
a contact +63100 +63700 2003 1001 10000
a contact +63100 +63700 2004 1001 10000
a contact +63700 +64300 2002 1001 10000
a contact +63700 +64300 2003 1001 10000
a contact +63700 +64300 2004 1001 10000
a contact +64300 +64900 1001 9001 100000
a contact +64300 +64900 2003 1001 10000
a contact +64300 +64900 2004 1001 10000
a contact +64900 +65300 2002 1001 10000
a contact +64900 +65300 2004 1001 10000
a contact +65300 +65900 1001 9002 100000
a contact +64900 +65900 2003 1001 10000
a contact +65300 +65900 2004 1001 10000
a contact +65900 +66200 1001 9002 100000
a contact +65900 +66200 2003 1001 10000
a contact +65900 +66200 2004 1001 10000
a contact +66200 +66800 1001 9002 100000
a contact +66200 +66800 2003 1001 10000
a contact +66200 +66800 2004 1001 10000
a contact +66800 +67400 2001 1001 10000
a contact +66800 +67400 2003 1001 10000
a contact +66800 +67400 2004 1001 10000
a contact +67400 +67900 2001 1001 10000
a contact +67400 +67900 2003 1001 10000
a contact +67400 +67900 2004 1001 10000
a contact +67900 +68500 2001 1001 10000
a contact +67900 +68500 2003 1001 10000
a contact +67900 +68500 2004 1001 10000
a contact +68500 +69100 1001 9002 100000
a contact +68500 +69100 2003 1001 10000
a contact +68500 +69100 2004 1001 10000
a contact +69100 +69700 2002 1001 10000
a contact +69100 +69700 2003 1001 10000
a contact +69100 +69700 2004 1001 10000
a contact +69700 +70300 2002 1001 10000
a contact +69700 +70300 2003 1001 10000
a contact +69700 +70300 2004 1001 10000
a contact +70300 +70900 1001 9002 100000
a contact +70900 +71500 1001 9002 100000
a contact +71500 +72100 1001 9002 100000
a contact +72100 +72700 1001 9002 100000
a contact +72700 +73000 1001 9002 100000
a contact +73000 +73100 2002 1001 10000
a contact +73000 +73100 2003 1001 10000
a contact +73000 +73100 2004 1001 10000
a contact +73100 +73700 1001 9003 100000
a contact +73100 +73700 2003 1001 10000
a contact +73100 +73700 2004 1001 10000
a contact +73700 +74300 1001 9003 100000
a contact +73700 +74300 2003 1001 10000
a contact +73700 +74300 2004 1001 10000
a contact +74300 +74900 1001 9003 100000
a contact +74300 +74900 2003 1001 10000
a contact +74300 +74900 2004 1001 10000
a contact +74900 +75400 1001 9003 100000
a contact +74900 +75400 2003 1001 10000
a contact +74900 +75400 2004 1001 10000
a contact +75400 +75900 1001 9003 100000
a contact +75400 +75900 2003 1001 10000
a contact +75400 +75900 2004 1001 10000
a contact +75900 +76500 1001 9003 100000
a contact +75900 +76500 2001 1001 10000
a contact +75900 +76500 2004 1001 10000
a contact +76500 +77100 1001 9003 100000
a contact +76500 +77100 2001 1001 10000
a contact +76500 +77100 2004 1001 10000
a contact +77100 +77300 1001 9003 100000
a contact +77100 +77300 2003 1001 10000
a contact +77100 +77300 2004 1001 10000
a contact +77300 +77500 2001 1001 10000
a contact +77300 +77500 2004 1001 10000
a contact +77500 +78000 2002 1001 10000
a contact +77300 +78000 2003 1001 10000
a contact +77500 +78000 2004 1001 10000
a contact +78000 +78200 1001 9001 100000
a contact +78000 +78200 2003 1001 10000
a contact +78200 +78400 1001 9001 100000
a contact +78200 +78400 2003 1001 10000
a contact +78400 +79000 1001 9001 100000
a contact +78400 +79000 2003 1001 10000
a contact +78000 +79000 2004 1001 10000
a contact +79000 +79600 1001 9001 100000
a contact +79000 +79600 2003 1001 10000
a contact +79000 +79600 2004 1001 10000
a contact +79600 +80200 1001 9001 100000
a contact +79600 +80200 2003 1001 10000
a contact +79600 +80200 2004 1001 10000
a contact +80200 +80800 2002 1001 10000
a contact +80200 +80800 2003 1001 10000
a contact +80200 +80800 2004 1001 10000
a contact +80800 +81000 2002 1001 10000
a contact +80800 +81000 2003 1001 10000
a contact +80800 +81000 2004 1001 10000
a contact +81000 +81600 2002 1001 10000
a contact +81000 +81600 2003 1001 10000
a contact +81000 +81600 2004 1001 10000
a contact +81600 +82200 2001 1001 10000
a contact +81600 +82200 2003 1001 10000
a contact +81600 +82200 2004 1001 10000
a contact +82200 +82800 1001 9001 100000
a contact +82200 +82800 2003 1001 10000
a contact +82200 +82800 2004 1001 10000
a contact +82800 +83400 1001 9001 100000
a contact +82800 +83400 2003 1001 10000
a contact +82800 +83400 2004 1001 10000
a contact +83400 +83800 2002 1001 10000
a contact +83400 +83800 2003 1001 10000
a contact +83400 +83800 2004 1001 10000
a contact +83800 +84400 2001 1001 10000
a contact +83800 +84400 2003 1001 10000
a contact +83800 +84400 2004 1001 10000
a contact +84400 +85000 1001 9001 100000
a contact +84400 +85000 2003 1001 10000
a contact +84400 +85000 2004 1001 10000
a contact +85000 +85600 2001 1001 10000
a contact +85000 +85600 2003 1001 10000
a contact +85000 +85600 2004 1001 10000
a contact +85600 +85800 2002 1001 10000
a contact +85600 +85800 2003 1001 10000
a contact +85600 +85800 2004 1001 10000
a contact +85800 +86400 1001 9002 100000
a contact +85800 +86400 2003 1001 10000
a contact +85800 +86400 2004 1001 10000

a range +0 +200 1001 9003 0
a range +200 +500 1001 9003 0
a range +500 +1100 1001 9003 0
a range +1100 +1600 1001 9003 0
a range +1600 +2100 1001 9003 0
a range +2100 +2400 1001 9003 0
a range +2400 +3000 2002 1001 0
a range +2400 +3000 2003 1001 0
a range +2400 +3000 2004 1001 0
a range +3000 +3600 2002 1001 0
a range +3000 +3600 2003 1001 0
a range +3000 +3600 2004 1001 0
a range +3600 +4200 2002 1001 0
a range +3600 +4200 2003 1001 0
a range +3600 +4200 2004 1001 0
a range +4200 +4800 2002 1001 0
a range +4200 +4800 2003 1001 0
a range +4200 +4800 2004 1001 0
a range +4800 +5400 2002 1001 0
a range +4800 +5400 2003 1001 0
a range +4800 +5400 2004 1001 0
a range +5400 +6000 2002 1001 0
a range +5400 +6000 2003 1001 0
a range +5400 +6000 2004 1001 0
a range +6000 +6600 2002 1001 0
a range +6000 +6600 2003 1001 0
a range +6000 +6600 2004 1001 0
a range +6600 +7200 2002 1001 0
a range +6600 +7200 2003 1001 0
a range +6600 +7200 2004 1001 0
a range +7200 +7800 1001 9001 0
a range +7200 +7800 2001 1001 0
a range +7200 +7800 2002 1001 0
a range +7800 +8400 1001 9001 0
a range +7800 +8400 2001 1001 0
a range +7800 +8400 2002 1001 0
a range +8400 +9000 2001 1001 0
a range +8400 +9000 2002 1001 0
a range +8400 +9600 1001 9001 0
a range +9000 +9600 2001 1001 0
a range +9000 +9600 2002 1001 0
a range +9600 +10000 1001 9001 0
a range +9600 +10000 2001 1001 0
a range +9600 +10000 2002 1001 0
a range +10000 +10600 1001 9002 0
a range +10000 +10600 2001 1001 0
a range +10000 +10600 2002 1001 0
a range +10600 +11200 1001 9002 0
a range +10600 +11200 2001 1001 0
a range +10600 +11200 2002 1001 0
a range +11200 +11900 1001 9002 0
a range +11200 +11900 2001 1001 0
a range +11200 +11900 2002 1001 0
a range +11900 +12000 1001 9001 0
a range +12000 +12600 1001 9002 0
a range +11900 +12600 2001 1001 0
a range +11900 +12600 2002 1001 0
a range +12600 +13200 1001 9002 0
a range +12600 +13200 2001 1001 0
a range +12600 +13200 2002 1001 0
a range +13200 +13800 1001 9002 0
a range +13200 +13800 2001 1001 0
a range +13200 +13800 2002 1001 0
a range +13800 +14400 1001 9002 0
a range +13800 +14400 2001 1001 0
a range +13800 +14400 2002 1001 0
a range +14400 +15000 2001 1001 0
a range +14400 +15000 2003 1001 0
a range +15000 +15300 2001 1001 0
a range +14400 +15300 2002 1001 0
a range +15000 +15300 2003 1001 0
a range +15300 +15900 2001 1001 0
a range +15300 +15900 2002 1001 0
a range +15300 +15900 2003 1001 0
a range +15900 +16500 2001 1001 0
a range +15900 +16500 2002 1001 0
a range +15900 +16500 2003 1001 0
a range +16500 +17100 2001 1001 0
a range +16500 +17100 2002 1001 0
a range +16500 +17100 2003 1001 0
a range +17100 +17700 2001 1001 0
a range +17100 +17700 2002 1001 0
a range +17100 +17700 2003 1001 0
a range +17700 +18400 2001 1001 0
a range +17700 +18400 2002 1001 0
a range +17700 +18400 2003 1001 0
a range +18400 +18800 2001 1001 0
a range +18400 +18800 2002 1001 0
a range +18400 +18800 2003 1001 0
a range +18800 +19000 1001 9003 0
a range +18800 +19000 2001 1001 0
a range +18800 +19000 2003 1001 0
a range +19000 +19400 1001 9003 0
a range +19000 +19400 2001 1001 0
a range +19000 +19400 2003 1001 0
a range +19400 +20000 1001 9003 0
a range +19400 +20000 2001 1001 0
a range +19400 +20000 2004 1001 0
a range +20000 +20500 1001 9003 0
a range +20000 +20500 2001 1001 0
a range +20000 +20500 2004 1001 0
a range +20500 +20800 1001 9003 0
a range +20500 +20800 2001 1001 0
a range +20500 +20800 2004 1001 0
a range +20800 +21000 1001 9003 0
a range +20800 +21000 2001 1001 0
a range +20800 +21000 2004 1001 0
a range +21000 +21600 1001 9003 0
a range +21000 +21600 2001 1001 0
a range +21000 +21600 2004 1001 0
a range +21600 +22200 1001 9003 0
a range +21600 +22200 2001 1001 0
a range +21600 +22200 2004 1001 0
a range +22200 +22600 1001 9003 0
a range +22200 +22600 2001 1001 0
a range +22600 +23200 1001 9001 0
a range +22600 +23200 2001 1001 0
a range +22200 +23200 2004 1001 0
a range +23200 +23800 1001 9001 0
a range +23200 +23800 1001 9003 0
a range +23800 +24400 1001 9001 0
a range +23800 +24400 1001 9003 0
a range +24400 +25000 1001 9003 0
a range +24400 +25000 1001 9001 0
a range +25000 +25600 1001 9001 0
a range +25000 +25600 1001 9003 0
a range +25600 +26000 1001 9001 0
a range +26000 +26600 1001 9001 0
a range +26000 +26600 2003 1001 0
a range +26000 +26600 2004 1001 0
a range +26600 +27200 1001 9001 0
a range +26600 +27200 2003 1001 0
a range +26600 +27200 2004 1001 0
a range +27200 +27800 1001 9001 0
a range +27200 +27800 2003 1001 0
a range +27200 +27800 2004 1001 0
a range +27800 +28400 1001 9001 0
a range +27800 +28400 2003 1001 0
a range +27800 +28400 2004 1001 0
a range +28400 +29000 1001 9002 0
a range +28400 +29000 2003 1001 0
a range +28400 +29000 2004 1001 0
a range +29000 +29600 1001 9002 0
a range +29000 +29600 2003 1001 0
a range +29000 +29600 2004 1001 0
a range +29600 +29800 1001 9002 0
a range +29600 +29800 2004 1001 0
a range +29800 +30200 1001 9002 0
a range +29600 +30200 2003 1001 0
a range +29800 +30200 2004 1001 0
a range +30200 +30500 1001 9002 0
a range +30200 +30500 2003 1001 0
a range +30200 +30500 2004 1001 0
a range +30500 +31100 1001 9002 0
a range +30500 +31100 2003 1001 0
a range +30500 +31100 2004 1001 0
a range +31100 +31700 1001 9002 0
a range +31100 +31700 2003 1001 0
a range +31100 +31700 2004 1001 0
a range +31700 +32300 1001 9002 0
a range +31700 +32300 2004 1001 0
a range +32300 +32900 1001 9002 0
a range +31700 +32900 2003 1001 0
a range +32300 +32900 2004 1001 0
a range +32900 +33500 1001 9002 0
a range +32900 +33500 2003 1001 0
a range +32900 +33500 2004 1001 0
a range +33500 +34100 1001 9002 0
a range +33500 +34100 2003 1001 0
a range +33500 +34100 2004 1001 0
a range +34100 +34700 1001 9002 0
a range +34100 +34700 2003 1001 0
a range +34100 +34700 2004 1001 0
a range +34700 +35300 1001 9002 0
a range +34700 +35300 2003 1001 0
a range +34700 +35300 2004 1001 0
a range +35300 +35900 1001 9002 0
a range +35300 +35900 2003 1001 0
a range +35300 +35900 2004 1001 0
a range +35900 +36200 1001 9002 0
a range +35900 +36200 2003 1001 0
a range +35900 +36200 2004 1001 0
a range +36200 +36800 1001 9003 0
a range +36200 +36800 2003 1001 0
a range +36200 +36800 2004 1001 0
a range +36800 +37400 1001 9003 0
a range +36800 +37400 2003 1001 0
a range +36800 +37400 2004 1001 0
a range +37400 +37700 1001 9003 0
a range +37400 +37700 2004 1001 0
a range +37700 +37900 1001 9003 0
a range +37700 +37900 2004 1001 0
a range +37900 +38200 1001 9003 0
a range +37400 +38200 2003 1001 0
a range +37900 +38200 2004 1001 0
a range +38200 +38800 1001 9003 0
a range +38200 +38800 2001 1001 0
a range +38200 +38800 2004 1001 0
a range +38800 +39300 1001 9003 0
a range +38800 +39300 2001 1001 0
a range +38800 +39300 2004 1001 0
a range +39300 +39600 1001 9003 0
a range +39300 +39600 2003 1001 0
a range +39600 +39800 1001 9003 0
a range +39600 +39800 2003 1001 0
a range +39300 +39800 2004 1001 0
a range +39800 +40400 1001 9003 0
a range +39800 +40400 2003 1001 0
a range +39800 +40400 2004 1001 0
a range +40400 +41000 1001 9003 0
a range +40400 +41000 2003 1001 0
a range +40400 +41000 2004 1001 0
a range +41000 +41100 1001 9003 0
a range +41100 +41700 1001 9001 0
a range +41000 +41700 2003 1001 0
a range +41000 +41700 2004 1001 0
a range +41700 +42200 1001 9001 0
a range +41700 +42200 2003 1001 0
a range +41700 +42200 2004 1001 0
a range +42200 +42800 1001 9001 0
a range +42200 +42800 2003 1001 0
a range +42200 +42800 2004 1001 0
a range +42800 +43400 1001 9001 0
a range +42800 +43400 2003 1001 0
a range +42800 +43400 2004 1001 0
a range +43400 +44000 1001 9001 0
a range +43400 +44000 2003 1001 0
a range +43400 +44000 2004 1001 0
a range +44000 +44700 1001 9001 0
a range +44000 +44700 2003 1001 0
a range +44000 +44700 2004 1001 0
a range +44700 +45300 1001 9001 0
a range +44700 +45300 2003 1001 0
a range +44700 +45300 2004 1001 0
a range +45300 +45900 1001 9001 0
a range +45300 +45900 2003 1001 0
a range +45300 +45900 2004 1001 0
a range +45900 +46500 1001 9001 0
a range +45900 +46500 2003 1001 0
a range +45900 +46500 2004 1001 0
a range +46500 +46700 1001 9001 0
a range +46500 +46700 2003 1001 0
a range +46500 +46700 2004 1001 0
a range +46700 +46800 2001 1001 0
a range +46700 +47300 1001 9001 0
a range +46900 +47300 1001 9002 0
a range +47300 +47900 1001 9001 0
a range +47300 +47900 1001 9002 0
a range +47900 +48500 1001 9002 0
a range +47900 +48500 1001 9001 0
a range +48500 +48900 1001 9001 0
a range +48500 +49000 1001 9002 0
a range +49000 +49500 1001 9002 0
a range +49500 +50100 1001 9002 0
a range +49500 +50100 2003 1001 0
a range +49500 +50100 2004 1001 0
a range +50100 +50700 1001 9002 0
a range +50100 +50700 2003 1001 0
a range +50100 +50700 2004 1001 0
a range +50700 +51300 1001 9002 0
a range +50700 +51300 2003 1001 0
a range +50700 +51300 2004 1001 0
a range +51300 +51900 1001 9002 0
a range +51300 +51900 2003 1001 0
a range +51300 +51900 2004 1001 0
a range +51900 +52500 1001 9002 0
a range +51900 +52500 2003 1001 0
a range +51900 +52500 2004 1001 0
a range +52500 +53100 2002 1001 0
a range +52500 +53100 2003 1001 0
a range +53100 +53700 2002 1001 0
a range +53100 +53700 2003 1001 0
a range +52500 +53700 2004 1001 0
a range +53700 +54300 1001 9002 0
a range +53700 +54300 2003 1001 0
a range +53700 +54300 2004 1001 0
a range +54300 +54600 2002 1001 0
a range +54300 +54600 2004 1001 0
a range +54600 +54700 2001 1001 0
a range +54300 +54700 2003 1001 0
a range +54600 +54700 2004 1001 0
a range +54700 +55300 1001 9003 0
a range +54700 +55300 2003 1001 0
a range +54700 +55300 2004 1001 0
a range +55300 +55900 1001 9003 0
a range +55300 +55900 2003 1001 0
a range +55300 +55900 2004 1001 0
a range +55900 +56500 1001 9003 0
a range +55900 +56500 2003 1001 0
a range +55900 +56500 2004 1001 0
a range +56500 +56700 2003 1001 0
a range +56500 +56700 2004 1001 0
a range +56500 +57000 1001 9003 0
a range +56700 +57000 2003 1001 0
a range +56700 +57000 2004 1001 0
a range +57000 +57600 1001 9003 0
a range +57000 +57600 2001 1001 0
a range +57000 +57600 2004 1001 0
a range +57600 +58200 1001 9003 0
a range +57600 +58200 2001 1001 0
a range +57600 +58200 2004 1001 0
a range +58200 +58500 1001 9003 0
a range +58200 +58500 2003 1001 0
a range +58200 +58500 2004 1001 0
a range +58500 +58700 1001 9003 0
a range +58500 +58700 2003 1001 0
a range +58500 +58700 2004 1001 0
a range +58700 +59300 1001 9003 0
a range +58700 +59300 2003 1001 0
a range +58700 +59300 2004 1001 0
a range +59300 +59500 1001 9003 0
a range +59300 +59500 2003 1001 0
a range +59500 +60100 1001 9001 0
a range +59500 +60100 2003 1001 0
a range +59300 +60100 2004 1001 0
a range +60100 +60700 1001 9001 0
a range +60100 +60700 2003 1001 0
a range +60100 +60700 2004 1001 0
a range +60700 +61300 1001 9001 0
a range +60700 +61300 2003 1001 0
a range +60700 +61300 2004 1001 0
a range +61300 +61900 2002 1001 0
a range +61300 +61900 2003 1001 0
a range +61300 +61900 2004 1001 0
a range +61900 +62500 1001 9001 0
a range +61900 +62500 2003 1001 0
a range +61900 +62500 2004 1001 0
a range +62500 +63100 2001 1001 0
a range +62500 +63100 2003 1001 0
a range +62500 +63100 2004 1001 0
a range +63100 +63700 1001 9001 0
a range +63100 +63700 2003 1001 0
a range +63100 +63700 2004 1001 0
a range +63700 +64300 2002 1001 0
a range +63700 +64300 2003 1001 0
a range +63700 +64300 2004 1001 0
a range +64300 +64900 1001 9001 0
a range +64300 +64900 2003 1001 0
a range +64300 +64900 2004 1001 0
a range +64900 +65300 2002 1001 0
a range +64900 +65300 2004 1001 0
a range +65300 +65900 1001 9002 0
a range +64900 +65900 2003 1001 0
a range +65300 +65900 2004 1001 0
a range +65900 +66200 1001 9002 0
a range +65900 +66200 2003 1001 0
a range +65900 +66200 2004 1001 0
a range +66200 +66800 1001 9002 0
a range +66200 +66800 2003 1001 0
a range +66200 +66800 2004 1001 0
a range +66800 +67400 2001 1001 0
a range +66800 +67400 2003 1001 0
a range +66800 +67400 2004 1001 0
a range +67400 +67900 2001 1001 0
a range +67400 +67900 2003 1001 0
a range +67400 +67900 2004 1001 0
a range +67900 +68500 2001 1001 0
a range +67900 +68500 2003 1001 0
a range +67900 +68500 2004 1001 0
a range +68500 +69100 1001 9002 0
a range +68500 +69100 2003 1001 0
a range +68500 +69100 2004 1001 0
a range +69100 +69700 2002 1001 0
a range +69100 +69700 2003 1001 0
a range +69100 +69700 2004 1001 0
a range +69700 +70300 2002 1001 0
a range +69700 +70300 2003 1001 0
a range +69700 +70300 2004 1001 0
a range +70300 +70900 1001 9002 0
a range +70900 +71500 1001 9002 0
a range +71500 +72100 1001 9002 0
a range +72100 +72700 1001 9002 0
a range +72700 +73000 1001 9002 0
a range +73000 +73100 2002 1001 0
a range +73000 +73100 2003 1001 0
a range +73000 +73100 2004 1001 0
a range +73100 +73700 1001 9003 0
a range +73100 +73700 2003 1001 0
a range +73100 +73700 2004 1001 0
a range +73700 +74300 1001 9003 0
a range +73700 +74300 2003 1001 0
a range +73700 +74300 2004 1001 0
a range +74300 +74900 1001 9003 0
a range +74300 +74900 2003 1001 0
a range +74300 +74900 2004 1001 0
a range +74900 +75400 1001 9003 0
a range +74900 +75400 2003 1001 0
a range +74900 +75400 2004 1001 0
a range +75400 +75900 1001 9003 0
a range +75400 +75900 2003 1001 0
a range +75400 +75900 2004 1001 0
a range +75900 +76500 1001 9003 0
a range +75900 +76500 2001 1001 0
a range +75900 +76500 2004 1001 0
a range +76500 +77100 1001 9003 0
a range +76500 +77100 2001 1001 0
a range +76500 +77100 2004 1001 0
a range +77100 +77300 1001 9003 0
a range +77100 +77300 2003 1001 0
a range +77100 +77300 2004 1001 0
a range +77300 +77500 2001 1001 0
a range +77300 +77500 2004 1001 0
a range +77500 +78000 2002 1001 0
a range +77300 +78000 2003 1001 0
a range +77500 +78000 2004 1001 0
a range +78000 +78200 1001 9001 0
a range +78000 +78200 2003 1001 0
a range +78200 +78400 1001 9001 0
a range +78200 +78400 2003 1001 0
a range +78400 +79000 1001 9001 0
a range +78400 +79000 2003 1001 0
a range +78000 +79000 2004 1001 0
a range +79000 +79600 1001 9001 0
a range +79000 +79600 2003 1001 0
a range +79000 +79600 2004 1001 0
a range +79600 +80200 1001 9001 0
a range +79600 +80200 2003 1001 0
a range +79600 +80200 2004 1001 0
a range +80200 +80800 2002 1001 0
a range +80200 +80800 2003 1001 0
a range +80200 +80800 2004 1001 0
a range +80800 +81000 2002 1001 0
a range +80800 +81000 2003 1001 0
a range +80800 +81000 2004 1001 0
a range +81000 +81600 2002 1001 0
a range +81000 +81600 2003 1001 0
a range +81000 +81600 2004 1001 0
a range +81600 +82200 2001 1001 0
a range +81600 +82200 2003 1001 0
a range +81600 +82200 2004 1001 0
a range +82200 +82800 1001 9001 0
a range +82200 +82800 2003 1001 0
a range +82200 +82800 2004 1001 0
a range +82800 +83400 1001 9001 0
a range +82800 +83400 2003 1001 0
a range +82800 +83400 2004 1001 0
a range +83400 +83800 2002 1001 0
a range +83400 +83800 2003 1001 0
a range +83400 +83800 2004 1001 0
a range +83800 +84400 2001 1001 0
a range +83800 +84400 2003 1001 0
a range +83800 +84400 2004 1001 0
a range +84400 +85000 1001 9001 0
a range +84400 +85000 2003 1001 0
a range +84400 +85000 2004 1001 0
a range +85000 +85600 2001 1001 0
a range +85000 +85600 2003 1001 0
a range +85000 +85600 2004 1001 0
a range +85600 +85800 2002 1001 0
a range +85600 +85800 2003 1001 0
a range +85600 +85800 2004 1001 0
a range +85800 +86400 1001 9002 0
a range +85800 +86400 2003 1001 0
a range +85800 +86400 2004 1001 0
