a contact +0 +600 3 6 1000000000
a contact +0 +600 6 3 1000000000
a contact +0 +1200 1 13 1000000000
a contact +0 +1200 13 1 1000000000
a contact +0 +1800 3 10 1000000000
a contact +0 +1800 10 3 1000000000
a contact +0 +2400 4 10 1000000000
a contact +0 +2400 5 12 1000000000
a contact +0 +2400 6 11 1000000000
a contact +0 +2400 7 13 1000000000
a contact +0 +2400 8 12 1000000000
a contact +0 +2400 8 15 1000000000
a contact +0 +2400 9 14 1000000000
a contact +0 +2400 10 4 1000000000
a contact +0 +2400 11 6 1000000000
a contact +0 +2400 11 15 1000000000
a contact +0 +2400 12 5 1000000000
a contact +0 +2400 12 8 1000000000
a contact +0 +2400 13 7 1000000000
a contact +0 +2400 14 9 1000000000
a contact +0 +2400 15 8 1000000000
a contact +0 +2400 15 11 1000000000
a contact +0 +3000 2 7 1000000000
a contact +0 +3000 5 9 1000000000
a contact +0 +3000 5 15 1000000000
a contact +0 +3000 6 8 1000000000
a contact +0 +3000 6 14 1000000000
a contact +0 +3000 7 2 1000000000
a contact +0 +3000 8 6 1000000000
a contact +0 +3000 9 5 1000000000
a contact +0 +3000 9 11 1000000000
a contact +0 +3000 11 9 1000000000
a contact +0 +3000 12 14 1000000000
a contact +0 +3000 14 6 1000000000
a contact +0 +3000 14 12 1000000000
a contact +0 +3000 15 5 1000000000
a contact +0 +4800 2 14 1000000000
a contact +0 +4800 14 2 1000000000
a contact +0 +5400 3 5 1000000000
a contact +0 +5400 5 3 1000000000
a contact +0 +6000 1 11 1000000000
a contact +0 +6000 4 12 1000000000
a contact +0 +6000 4 15 1000000000
a contact +0 +6000 5 11 1000000000
a contact +0 +6000 6 7 1000000000
a contact +0 +6000 6 10 1000000000
a contact +0 +6000 7 6 1000000000
a contact +0 +6000 7 15 1000000000
a contact +0 +6000 8 14 1000000000
a contact +0 +6000 9 10 1000000000
a contact +0 +6000 9 13 1000000000
a contact +0 +6000 10 6 1000000000
a contact +0 +6000 10 9 1000000000
a contact +0 +6000 11 1 1000000000
a contact +0 +6000 11 5 1000000000
a contact +0 +6000 12 4 1000000000
a contact +0 +6000 12 13 1000000000
a contact +0 +6000 13 9 1000000000
a contact +0 +6000 13 12 1000000000
a contact +0 +6000 14 8 1000000000
a contact +0 +6000 15 4 1000000000
a contact +0 +6000 15 7 1000000000
a contact +0 +6600 4 9 1000000000
a contact +0 +6600 6 13 1000000000
a contact +0 +6600 7 12 1000000000
a contact +0 +6600 9 4 1000000000
a contact +0 +6600 10 15 1000000000
a contact +0 +6600 12 7 1000000000
a contact +0 +6600 13 6 1000000000
a contact +0 +6600 15 10 1000000000
a contact +0 +7800 3 8 1000000000
a contact +0 +7800 3 16 1000000000
a contact +0 +7800 3 17 1000000000
a contact +0 +7800 8 3 1000000000
a contact +0 +7800 16 3 1000000000
a contact +0 +7800 17 3 1000000000
a contact +0 +8400 1 6 1000000000
a contact +0 +8400 6 1 1000000000
a contact +600 +9000 3 15 1000000000
a contact +600 +9000 15 3 1000000000
a contact +2400 +9600 4 8 1000000000
a contact +2400 +9600 4 11 1000000000
a contact +2400 +9600 5 10 1000000000
a contact +1800 +9600 5 13 1000000000
a contact +2400 +9600 6 12 1000000000
a contact +2400 +9600 7 11 1000000000
a contact +2400 +9600 7 14 1000000000
a contact +2400 +9600 8 4 1000000000
a contact +2400 +9600 8 13 1000000000
a contact +2400 +9600 9 15 1000000000
a contact +2400 +9600 10 5 1000000000
a contact +1800 +9600 10 14 1000000000
a contact +2400 +9600 11 4 1000000000
a contact +2400 +9600 11 7 1000000000
a contact +2400 +9600 12 6 1000000000
a contact +1800 +9600 13 5 1000000000
a contact +2400 +9600 13 8 1000000000
a contact +2400 +9600 14 7 1000000000
a contact +1800 +9600 14 10 1000000000
a contact +2400 +9600 15 9 1000000000
a contact +2400 +10200 2 12 1000000000
a contact +1800 +10200 4 14 1000000000
a contact +1800 +10200 5 7 1000000000
a contact +1800 +10200 7 5 1000000000
a contact +1800 +10200 8 10 1000000000
a contact +1800 +10200 10 8 1000000000
a contact +1800 +10200 11 13 1000000000
a contact +2400 +10200 12 2 1000000000
a contact +1800 +10200 13 11 1000000000
a contact +1800 +10200 14 4 1000000000
a contact +0 +12000 2 4 1000000000
a contact +0 +12000 3 7 1000000000
a contact +0 +12000 4 2 1000000000
a contact +0 +12000 7 3 1000000000
a contact +5400 +13200 1 13 1000000000
a contact +5400 +13200 4 10 1000000000
a contact +5400 +13200 5 9 1000000000
a contact +5400 +13200 5 12 1000000000
a contact +5400 +13200 5 15 1000000000
a contact +5400 +13200 6 11 1000000000
a contact +5400 +13200 6 14 1000000000
a contact +5400 +13200 7 13 1000000000
a contact +5400 +13200 8 12 1000000000
a contact +5400 +13200 8 15 1000000000
a contact +5400 +13200 9 5 1000000000
a contact +5400 +13200 9 14 1000000000
a contact +5400 +13200 10 4 1000000000
a contact +5400 +13200 11 6 1000000000
a contact +5400 +13200 11 15 1000000000
a contact +5400 +13200 12 5 1000000000
a contact +5400 +13200 12 8 1000000000
a contact +5400 +13200 13 1 1000000000
a contact +5400 +13200 13 7 1000000000
a contact +5400 +13200 14 6 1000000000
a contact +5400 +13200 14 9 1000000000
a contact +5400 +13200 15 5 1000000000
a contact +5400 +13200 15 8 1000000000
a contact +5400 +13200 15 11 1000000000
a contact +5400 +13800 6 8 1000000000
a contact +5400 +13800 8 6 1000000000
a contact +4800 +13800 9 11 1000000000
a contact +4800 +13800 11 9 1000000000
a contact +4800 +13800 12 14 1000000000
a contact +4800 +13800 14 12 1000000000
a contact +6600 +15000 3 10 1000000000
a contact +6600 +15000 10 3 1000000000
a contact +0 +15600 1 8 1000000000
a contact +1200 +15600 1 16 1000000000
a contact +0 +15600 2 11 1000000000
a contact +0 +15600 2 16 1000000000
a contact +10800 +15600 3 16 1000000000
a contact +0 +15600 4 16 1000000000
a contact +0 +15600 5 16 1000000000
a contact +0 +15600 6 16 1000000000
a contact +0 +15600 7 16 1000000000
a contact +0 +15600 8 1 1000000000
a contact +0 +15600 8 16 1000000000
a contact +0 +15600 9 16 1000000000
a contact +0 +15600 10 16 1000000000
a contact +0 +15600 11 2 1000000000
a contact +0 +15600 11 16 1000000000
a contact +0 +15600 12 16 1000000000
a contact +0 +15600 13 16 1000000000
a contact +0 +15600 14 16 1000000000
a contact +0 +15600 15 16 1000000000
a contact +1200 +15600 16 1 1000000000
a contact +0 +15600 16 2 1000000000
a contact +10800 +15600 16 3 1000000000
a contact +0 +15600 16 4 1000000000
a contact +0 +15600 16 5 1000000000
a contact +0 +15600 16 6 1000000000
a contact +0 +15600 16 7 1000000000
a contact +0 +15600 16 8 1000000000
a contact +0 +15600 16 9 1000000000
a contact +0 +15600 16 10 1000000000
a contact +0 +15600 16 11 1000000000
a contact +0 +15600 16 12 1000000000
a contact +0 +15600 16 13 1000000000
a contact +0 +15600 16 14 1000000000
a contact +0 +15600 16 15 1000000000
a contact +7800 +16200 3 5 1000000000
a contact +7800 +16200 5 3 1000000000
a contact +9000 +16200 8 14 1000000000
a contact +9000 +16200 14 8 1000000000
a contact +9000 +16800 4 12 1000000000
a contact +9000 +16800 4 15 1000000000
a contact +9000 +16800 5 11 1000000000
a contact +9000 +16800 6 7 1000000000
a contact +9000 +16800 6 10 1000000000
a contact +9000 +16800 6 13 1000000000
a contact +9000 +16800 7 6 1000000000
a contact +9000 +16800 7 15 1000000000
a contact +9000 +16800 9 10 1000000000
a contact +9000 +16800 9 13 1000000000
a contact +9000 +16800 10 6 1000000000
a contact +9000 +16800 10 9 1000000000
a contact +8400 +16800 10 15 1000000000
a contact +9000 +16800 11 5 1000000000
a contact +9000 +16800 12 4 1000000000
a contact +9000 +16800 12 13 1000000000
a contact +9000 +16800 13 6 1000000000
a contact +9000 +16800 13 9 1000000000
a contact +9000 +16800 13 12 1000000000
a contact +9000 +16800 15 4 1000000000
a contact +9000 +16800 15 7 1000000000
a contact +8400 +16800 15 10 1000000000
a contact +9600 +17400 2 14 1000000000
a contact +0 +17400 2 17 1000000000
a contact +8400 +17400 4 9 1000000000
a contact +8400 +17400 7 12 1000000000
a contact +8400 +17400 9 4 1000000000
a contact +8400 +17400 12 7 1000000000
a contact +9600 +17400 14 2 1000000000
a contact +0 +17400 17 2 1000000000
a contact +0 +18600 3 12 1000000000
a contact +0 +18600 12 3 1000000000
a contact +0 +19200 2 9 1000000000
a contact +0 +19200 9 2 1000000000
a contact +12600 +19800 4 8 1000000000
a contact +12600 +19800 4 11 1000000000
a contact +12600 +19800 5 10 1000000000
a contact +12600 +19800 6 12 1000000000
a contact +12600 +19800 7 11 1000000000
a contact +12600 +19800 7 14 1000000000
a contact +12600 +19800 8 4 1000000000
a contact +12600 +19800 8 13 1000000000
a contact +12600 +19800 9 15 1000000000
a contact +12600 +19800 10 5 1000000000
a contact +12600 +19800 10 14 1000000000
a contact +12600 +19800 11 4 1000000000
a contact +12600 +19800 11 7 1000000000
a contact +12600 +19800 12 6 1000000000
a contact +12600 +19800 13 8 1000000000
a contact +12600 +19800 14 7 1000000000
a contact +12600 +19800 14 10 1000000000
a contact +12600 +19800 15 9 1000000000
a contact +12600 +20400 1 6 1000000000
a contact +12000 +20400 4 14 1000000000
a contact +12000 +20400 5 7 1000000000
a contact +12600 +20400 5 13 1000000000
a contact +12600 +20400 6 1 1000000000
a contact +12000 +20400 7 5 1000000000
a contact +12000 +20400 8 10 1000000000
a contact +12000 +20400 10 8 1000000000
a contact +12000 +20400 11 13 1000000000
a contact +12600 +20400 13 5 1000000000
a contact +12000 +20400 13 11 1000000000
a contact +12000 +20400 14 4 1000000000
a contact +0 +21000 15 17 1000000000
a contact +0 +21000 17 15 1000000000
a contact +0 +22200 1 10 1000000000
a contact +0 +22200 2 13 1000000000
a contact +0 +22200 10 1 1000000000
a contact +0 +22200 13 2 1000000000
a contact +15000 +23400 3 7 1000000000
a contact +16200 +23400 4 10 1000000000
a contact +16200 +23400 5 9 1000000000
a contact +16200 +23400 5 12 1000000000
a contact +16200 +23400 6 11 1000000000
a contact +15600 +23400 6 14 1000000000
a contact +15000 +23400 7 3 1000000000
a contact +16200 +23400 7 13 1000000000
a contact +16200 +23400 8 12 1000000000
a contact +16200 +23400 8 15 1000000000
a contact +16200 +23400 9 5 1000000000
a contact +16200 +23400 9 14 1000000000
a contact +16200 +23400 10 4 1000000000
a contact +16200 +23400 11 6 1000000000
a contact +16200 +23400 11 15 1000000000
a contact +16200 +23400 12 5 1000000000
a contact +16200 +23400 12 8 1000000000
a contact +16200 +23400 13 7 1000000000
a contact +15600 +23400 14 6 1000000000
a contact +16200 +23400 14 9 1000000000
a contact +16200 +23400 15 8 1000000000
a contact +16200 +23400 15 11 1000000000
a contact +15600 +24000 5 15 1000000000
a contact +15600 +24000 6 8 1000000000
a contact +15600 +24000 8 6 1000000000
a contact +15600 +24000 9 11 1000000000
a contact +15600 +24000 11 9 1000000000
a contact +15600 +24000 12 14 1000000000
a contact +15600 +24000 14 12 1000000000
a contact +15600 +24000 15 5 1000000000
a contact +16800 +24600 2 4 1000000000
a contact +16800 +24600 4 2 1000000000
a contact +0 +24600 7 17 1000000000
a contact +0 +24600 17 7 1000000000
a contact +0 +25800 3 14 1000000000
a contact +0 +25800 14 3 1000000000
a contact +17400 +26400 2 11 1000000000
a contact +17400 +26400 11 2 1000000000
a contact +1200 +27000 1 17 1000000000
a contact +19800 +27000 4 12 1000000000
a contact +19200 +27000 4 15 1000000000
a contact +19800 +27000 5 11 1000000000
a contact +19800 +27000 6 7 1000000000
a contact +19800 +27000 6 10 1000000000
a contact +19800 +27000 7 6 1000000000
a contact +19200 +27000 7 15 1000000000
a contact +19200 +27000 8 14 1000000000
a contact +19200 +27000 9 10 1000000000
a contact +19200 +27000 9 13 1000000000
a contact +19800 +27000 10 6 1000000000
a contact +19200 +27000 10 9 1000000000
a contact +19800 +27000 11 5 1000000000
a contact +19800 +27000 12 4 1000000000
a contact +19200 +27000 12 13 1000000000
a contact +19200 +27000 13 9 1000000000
a contact +19200 +27000 13 12 1000000000
a contact +19200 +27000 14 8 1000000000
a contact +19200 +27000 15 4 1000000000
a contact +19200 +27000 15 7 1000000000
a contact +1200 +27000 17 1 1000000000
a contact +19800 +27600 1 8 1000000000
a contact +19200 +27600 4 9 1000000000
a contact +19200 +27600 6 13 1000000000
a contact +19200 +27600 7 12 1000000000
a contact +19800 +27600 8 1 1000000000
a contact +19200 +27600 9 4 1000000000
a contact +18600 +27600 10 15 1000000000
a contact +19200 +27600 12 7 1000000000
a contact +19200 +27600 13 6 1000000000
a contact +18600 +27600 15 10 1000000000
a contact +0 +29400 1 15 1000000000
a contact +0 +29400 2 6 1000000000
a contact +0 +29400 6 2 1000000000
a contact +0 +29400 15 1 1000000000
a contact +22200 +30000 3 12 1000000000
a contact +22200 +30000 12 3 1000000000
a contact +22800 +30600 4 8 1000000000
a contact +22800 +30600 4 11 1000000000
a contact +22800 +30600 4 14 1000000000
a contact +22800 +30600 5 10 1000000000
a contact +22800 +30600 5 13 1000000000
a contact +22800 +30600 6 12 1000000000
a contact +22800 +30600 7 11 1000000000
a contact +22800 +30600 7 14 1000000000
a contact +22800 +30600 8 4 1000000000
a contact +22800 +30600 8 13 1000000000
a contact +22800 +30600 9 15 1000000000
a contact +22800 +30600 10 5 1000000000
a contact +22800 +30600 10 14 1000000000
a contact +22800 +30600 11 4 1000000000
a contact +22800 +30600 11 7 1000000000
a contact +22800 +30600 12 6 1000000000
a contact +22800 +30600 13 5 1000000000
a contact +22800 +30600 13 8 1000000000
a contact +22800 +30600 14 4 1000000000
a contact +22800 +30600 14 7 1000000000
a contact +22800 +30600 14 10 1000000000
a contact +22800 +30600 15 9 1000000000
a contact +22200 +31200 5 7 1000000000
a contact +22200 +31200 7 5 1000000000
a contact +22200 +31200 8 10 1000000000
a contact +22200 +31200 10 8 1000000000
a contact +22200 +31200 11 13 1000000000
a contact +22200 +31200 13 11 1000000000
a contact +24000 +32400 2 9 1000000000
a contact +24000 +32400 9 2 1000000000
a contact +25200 +33000 2 13 1000000000
a contact +0 +33000 3 4 1000000000
a contact +0 +33000 4 3 1000000000
a contact +25200 +33000 13 2 1000000000
a contact +0 +33600 1 7 1000000000
a contact +0 +33600 7 1 1000000000
a contact +26400 +33600 7 13 1000000000
a contact +26400 +33600 8 15 1000000000
a contact +26400 +33600 9 14 1000000000
a contact +26400 +33600 11 15 1000000000
a contact +26400 +33600 13 7 1000000000
a contact +26400 +33600 14 9 1000000000
a contact +26400 +33600 15 8 1000000000
a contact +26400 +33600 15 11 1000000000
a contact +26400 +34200 4 10 1000000000
a contact +26400 +34200 5 9 1000000000
a contact +26400 +34200 5 12 1000000000
a contact +25800 +34200 5 15 1000000000
a contact +26400 +34200 6 11 1000000000
a contact +26400 +34200 6 14 1000000000
a contact +26400 +34200 8 12 1000000000
a contact +26400 +34200 9 5 1000000000
a contact +25800 +34200 9 11 1000000000
a contact +26400 +34200 10 4 1000000000
a contact +26400 +34200 11 6 1000000000
a contact +25800 +34200 11 9 1000000000
a contact +26400 +34200 12 5 1000000000
a contact +26400 +34200 12 8 1000000000
a contact +25800 +34200 12 14 1000000000
a contact +26400 +34200 14 6 1000000000
a contact +25800 +34200 14 12 1000000000
a contact +25800 +34200 15 5 1000000000
a contact +27000 +34800 1 10 1000000000
a contact +25800 +34800 6 8 1000000000
a contact +25800 +34800 8 6 1000000000
a contact +27000 +34800 10 1 1000000000
a contact +0 +34800 13 17 1000000000
a contact +30000 +34800 13 18 1000000000
a contact +0 +34800 17 13 1000000000
a contact +30000 +34800 18 13 1000000000
a contact +0 +36000 2 8 1000000000
a contact +0 +36000 8 2 1000000000
a contact +0 +36600 1 5 1000000000
a contact +0 +36600 5 1 1000000000
a contact +29400 +37200 3 14 1000000000
a contact +10800 +37200 3 17 1000000000
a contact +30000 +37200 3 18 1000000000
a contact +30000 +37200 4 12 1000000000
a contact +30000 +37200 5 11 1000000000
a contact +30000 +37200 6 7 1000000000
a contact +30000 +37200 6 10 1000000000
a contact +30000 +37200 7 6 1000000000
a contact +30000 +37200 7 15 1000000000
a contact +30000 +37200 8 14 1000000000
a contact +30000 +37200 9 10 1000000000
a contact +30000 +37200 9 13 1000000000
a contact +30000 +37200 10 6 1000000000
a contact +30000 +37200 10 9 1000000000
a contact +30000 +37200 11 5 1000000000
a contact +30000 +37200 12 4 1000000000
a contact +30000 +37200 12 13 1000000000
a contact +30000 +37200 13 9 1000000000
a contact +30000 +37200 13 12 1000000000
a contact +29400 +37200 14 3 1000000000
a contact +30000 +37200 14 8 1000000000
a contact +30000 +37200 15 7 1000000000
a contact +10800 +37200 17 3 1000000000
a contact +30000 +37200 18 3 1000000000
a contact +29400 +37800 4 9 1000000000
a contact +30000 +37800 4 15 1000000000
a contact +29400 +37800 6 13 1000000000
a contact +29400 +37800 7 12 1000000000
a contact +29400 +37800 9 4 1000000000
a contact +29400 +37800 10 15 1000000000
a contact +29400 +37800 12 7 1000000000
a contact +29400 +37800 13 6 1000000000
a contact +30000 +37800 15 4 1000000000
a contact +29400 +37800 15 10 1000000000
a contact +0 +38400 8 17 1000000000
a contact +30000 +38400 8 18 1000000000
a contact +0 +38400 17 8 1000000000
a contact +30000 +38400 18 8 1000000000
a contact +0 +39600 1 12 1000000000
a contact +30600 +39600 2 11 1000000000
a contact +0 +39600 3 9 1000000000
a contact +0 +39600 9 3 1000000000
a contact +30600 +39600 11 2 1000000000
a contact +0 +39600 12 1 1000000000
a contact +32400 +40200 2 6 1000000000
a contact +32400 +40200 6 2 1000000000
a contact +33600 +40800 4 8 1000000000
a contact +33600 +40800 4 11 1000000000
a contact +33600 +40800 5 10 1000000000
a contact +33000 +40800 5 13 1000000000
a contact +33600 +40800 6 12 1000000000
a contact +33600 +40800 7 11 1000000000
a contact +33600 +40800 7 14 1000000000
a contact +33600 +40800 8 4 1000000000
a contact +33600 +40800 8 13 1000000000
a contact +33600 +40800 9 15 1000000000
a contact +33600 +40800 10 5 1000000000
a contact +33600 +40800 10 14 1000000000
a contact +33600 +40800 11 4 1000000000
a contact +33600 +40800 11 7 1000000000
a contact +33600 +40800 12 6 1000000000
a contact +33000 +40800 13 5 1000000000
a contact +33600 +40800 13 8 1000000000
a contact +33600 +40800 14 7 1000000000
a contact +33600 +40800 14 10 1000000000
a contact +33600 +40800 15 9 1000000000
a contact +33000 +41400 4 14 1000000000
a contact +33000 +41400 5 7 1000000000
a contact +33000 +41400 7 5 1000000000
a contact +33000 +41400 8 10 1000000000
a contact +33000 +41400 10 8 1000000000
a contact +33000 +41400 11 13 1000000000
a contact +33000 +41400 13 11 1000000000
a contact +33000 +41400 14 4 1000000000
a contact +33600 +42000 1 15 1000000000
a contact +33600 +42000 15 1 1000000000
a contact +21600 +42000 15 17 1000000000
a contact +30000 +42000 15 18 1000000000
a contact +21600 +42000 17 15 1000000000
a contact +30000 +42000 18 15 1000000000
a contact +30600 +42600 1 17 1000000000
a contact +21000 +42600 2 17 1000000000
a contact +40200 +42600 3 17 1000000000
a contact +0 +42600 4 17 1000000000
a contact +0 +42600 5 17 1000000000
a contact +0 +42600 6 17 1000000000
a contact +25200 +42600 7 17 1000000000
a contact +39000 +42600 8 17 1000000000
a contact +0 +42600 9 17 1000000000
a contact +0 +42600 10 17 1000000000
a contact +0 +42600 11 17 1000000000
a contact +0 +42600 12 17 1000000000
a contact +35400 +42600 13 17 1000000000
a contact +0 +42600 14 17 1000000000
a contact +30600 +42600 17 1 1000000000
a contact +21000 +42600 17 2 1000000000
a contact +40200 +42600 17 3 1000000000
a contact +0 +42600 17 4 1000000000
a contact +0 +42600 17 5 1000000000
a contact +0 +42600 17 6 1000000000
a contact +25200 +42600 17 7 1000000000
a contact +39000 +42600 17 8 1000000000
a contact +0 +42600 17 9 1000000000
a contact +0 +42600 17 10 1000000000
a contact +0 +42600 17 11 1000000000
a contact +0 +42600 17 12 1000000000
a contact +35400 +42600 17 13 1000000000
a contact +0 +42600 17 14 1000000000
a contact +34200 +43200 1 7 1000000000
a contact +0 +43200 2 10 1000000000
a contact +34200 +43200 7 1 1000000000
a contact +0 +43200 10 2 1000000000
a contact +36600 +44400 3 4 1000000000
a contact +36600 +44400 4 3 1000000000
a contact +37200 +44400 4 10 1000000000
a contact +36600 +44400 5 9 1000000000
a contact +36600 +44400 5 12 1000000000
a contact +36600 +44400 5 15 1000000000
a contact +37200 +44400 6 11 1000000000
a contact +36600 +44400 6 14 1000000000
a contact +36600 +44400 7 13 1000000000
a contact +36600 +44400 8 12 1000000000
a contact +36600 +44400 8 15 1000000000
a contact +36600 +44400 9 5 1000000000
a contact +36600 +44400 9 14 1000000000
a contact +37200 +44400 10 4 1000000000
a contact +37200 +44400 11 6 1000000000
a contact +36600 +44400 11 15 1000000000
a contact +36600 +44400 12 5 1000000000
a contact +36600 +44400 12 8 1000000000
a contact +36600 +44400 13 7 1000000000
a contact +36600 +44400 14 6 1000000000
a contact +36600 +44400 14 9 1000000000
a contact +36600 +44400 15 5 1000000000
a contact +36600 +44400 15 8 1000000000
a contact +36600 +44400 15 11 1000000000
a contact +36600 +45000 6 8 1000000000
a contact +36600 +45000 8 6 1000000000
a contact +36000 +45000 9 11 1000000000
a contact +36000 +45000 11 9 1000000000
a contact +36000 +45000 12 14 1000000000
a contact +36000 +45000 14 12 1000000000
a contact +30000 +45600 7 18 1000000000
a contact +30000 +45600 18 7 1000000000
a contact +0 +46800 1 14 1000000000
a contact +30000 +46800 2 18 1000000000
a contact +0 +46800 3 11 1000000000
a contact +0 +46800 11 3 1000000000
a contact +0 +46800 14 1 1000000000
a contact +30000 +46800 18 2 1000000000
a contact +39600 +47400 2 8 1000000000
a contact +39600 +47400 8 2 1000000000
a contact +40200 +48000 4 12 1000000000
a contact +40200 +48000 4 15 1000000000
a contact +40200 +48000 5 11 1000000000
a contact +40200 +48000 6 7 1000000000
a contact +40200 +48000 6 10 1000000000
a contact +40200 +48000 6 13 1000000000
a contact +40200 +48000 7 6 1000000000
a contact +40200 +48000 7 15 1000000000
a contact +40200 +48000 8 14 1000000000
a contact +40200 +48000 9 10 1000000000
a contact +40200 +48000 9 13 1000000000
a contact +40200 +48000 10 6 1000000000
a contact +40200 +48000 10 9 1000000000
a contact +39600 +48000 10 15 1000000000
a contact +40200 +48000 11 5 1000000000
a contact +40200 +48000 12 4 1000000000
a contact +40200 +48000 12 13 1000000000
a contact +40200 +48000 13 6 1000000000
a contact +40200 +48000 13 9 1000000000
a contact +40200 +48000 13 12 1000000000
a contact +40200 +48000 14 8 1000000000
a contact +40200 +48000 15 4 1000000000
a contact +40200 +48000 15 7 1000000000
a contact +39600 +48000 15 10 1000000000
a contact +39600 +48600 4 9 1000000000
a contact +39600 +48600 7 12 1000000000
a contact +39600 +48600 9 4 1000000000
a contact +39600 +48600 12 7 1000000000
a contact +30000 +48600 14 18 1000000000
a contact +30000 +48600 18 14 1000000000
a contact +40800 +49200 1 5 1000000000
a contact +40800 +49200 5 1 1000000000
a contact +0 +49800 2 15 1000000000
a contact +0 +49800 15 2 1000000000
a contact +42000 +50400 1 12 1000000000
a contact +42000 +50400 12 1 1000000000
a contact +43800 +51000 4 11 1000000000
a contact +43800 +51000 5 10 1000000000
a contact +43800 +51000 6 12 1000000000
a contact +43800 +51000 7 11 1000000000
a contact +43800 +51000 7 14 1000000000
a contact +43800 +51000 8 13 1000000000
a contact +43800 +51000 9 15 1000000000
a contact +43800 +51000 10 5 1000000000
a contact +43800 +51000 10 14 1000000000
a contact +43800 +51000 11 4 1000000000
a contact +43800 +51000 11 7 1000000000
a contact +43800 +51000 12 6 1000000000
a contact +43800 +51000 13 8 1000000000
a contact +43800 +51000 14 7 1000000000
a contact +43800 +51000 14 10 1000000000
a contact +43800 +51000 15 9 1000000000
a contact +43800 +51600 3 9 1000000000
a contact +43800 +51600 4 8 1000000000
a contact +43200 +51600 4 14 1000000000
a contact +43200 +51600 5 7 1000000000
a contact +43800 +51600 5 13 1000000000
a contact +43200 +51600 7 5 1000000000
a contact +43800 +51600 8 4 1000000000
a contact +43200 +51600 8 10 1000000000
a contact +43800 +51600 9 3 1000000000
a contact +43200 +51600 10 8 1000000000
a contact +43200 +51600 11 13 1000000000
a contact +43800 +51600 13 5 1000000000
a contact +43200 +51600 13 11 1000000000
a contact +43200 +51600 14 4 1000000000
a contact +30000 +52200 9 18 1000000000
a contact +30000 +52200 18 9 1000000000
a contact +0 +53400 1 4 1000000000
a contact +0 +53400 3 13 1000000000
a contact +0 +53400 4 1 1000000000
a contact +0 +53400 13 3 1000000000
a contact +46800 +54600 2 10 1000000000
a contact +47400 +54600 4 10 1000000000
a contact +47400 +54600 5 9 1000000000
a contact +47400 +54600 5 12 1000000000
a contact +47400 +54600 6 11 1000000000
a contact +47400 +54600 6 14 1000000000
a contact +47400 +54600 7 13 1000000000
a contact +47400 +54600 8 12 1000000000
a contact +47400 +54600 8 15 1000000000
a contact +47400 +54600 9 5 1000000000
a contact +47400 +54600 9 14 1000000000
a contact +46800 +54600 10 2 1000000000
a contact +47400 +54600 10 4 1000000000
a contact +47400 +54600 11 6 1000000000
a contact +47400 +54600 11 15 1000000000
a contact +47400 +54600 12 5 1000000000
a contact +47400 +54600 12 8 1000000000
a contact +47400 +54600 13 7 1000000000
a contact +47400 +54600 14 6 1000000000
a contact +47400 +54600 14 9 1000000000
a contact +47400 +54600 15 8 1000000000
a contact +47400 +54600 15 11 1000000000
a contact +46800 +55200 5 15 1000000000
a contact +46800 +55200 6 8 1000000000
a contact +46800 +55200 8 6 1000000000
a contact +46800 +55200 9 11 1000000000
a contact +46800 +55200 11 9 1000000000
a contact +46800 +55200 12 14 1000000000
a contact +46800 +55200 14 12 1000000000
a contact +46800 +55200 15 5 1000000000
a contact +52200 +55800 13 16 1000000000
a contact +35400 +55800 13 18 1000000000
a contact +52200 +55800 16 13 1000000000
a contact +35400 +55800 18 13 1000000000
a contact +48000 +56400 1 7 1000000000
a contact +52200 +56400 1 16 1000000000
a contact +30600 +56400 1 18 1000000000
a contact +48000 +56400 7 1 1000000000
a contact +52200 +56400 16 1 1000000000
a contact +30600 +56400 18 1 1000000000
a contact +0 +57000 2 5 1000000000
a contact +0 +57000 5 2 1000000000
a contact +49200 +57600 1 14 1000000000
a contact +10200 +57600 3 8 1000000000
a contact +10200 +57600 8 3 1000000000
a contact +49200 +57600 14 1 1000000000
a contact +51000 +58200 4 12 1000000000
a contact +50400 +58200 4 15 1000000000
a contact +51000 +58200 5 11 1000000000
a contact +51000 +58200 6 7 1000000000
a contact +51000 +58200 6 10 1000000000
a contact +51000 +58200 7 6 1000000000
a contact +51000 +58200 7 15 1000000000
a contact +51000 +58200 8 14 1000000000
a contact +51000 +58200 9 10 1000000000
a contact +51000 +58200 9 13 1000000000
a contact +51000 +58200 10 6 1000000000
a contact +51000 +58200 10 9 1000000000
a contact +51000 +58200 11 5 1000000000
a contact +51000 +58200 12 4 1000000000
a contact +50400 +58200 12 13 1000000000
a contact +51000 +58200 13 9 1000000000
a contact +50400 +58200 13 12 1000000000
a contact +51000 +58200 14 8 1000000000
a contact +50400 +58200 15 4 1000000000
a contact +51000 +58200 15 7 1000000000
a contact +51000 +58800 3 11 1000000000
a contact +50400 +58800 4 9 1000000000
a contact +50400 +58800 6 13 1000000000
a contact +50400 +58800 7 12 1000000000
a contact +50400 +58800 9 4 1000000000
a contact +50400 +58800 10 15 1000000000
a contact +51000 +58800 11 3 1000000000
a contact +50400 +58800 12 7 1000000000
a contact +50400 +58800 13 6 1000000000
a contact +50400 +58800 15 10 1000000000
a contact +52200 +59400 8 16 1000000000
a contact +39000 +59400 8 18 1000000000
a contact +52200 +59400 16 8 1000000000
a contact +39000 +59400 18 8 1000000000
a contact +3000 +60600 1 9 1000000000
a contact +3600 +60600 3 6 1000000000
a contact +3600 +60600 6 3 1000000000
a contact +3000 +60600 9 1 1000000000
a contact +54000 +61800 2 15 1000000000
a contact +54000 +61800 4 8 1000000000
a contact +54000 +61800 4 11 1000000000
a contact +54000 +61800 4 14 1000000000
a contact +54000 +61800 5 10 1000000000
a contact +54000 +61800 5 13 1000000000
a contact +54000 +61800 6 12 1000000000
a contact +54000 +61800 7 11 1000000000
a contact +54000 +61800 7 14 1000000000
a contact +54000 +61800 8 4 1000000000
a contact +54000 +61800 8 13 1000000000
a contact +54000 +61800 9 15 1000000000
a contact +54000 +61800 10 5 1000000000
a contact +54000 +61800 10 14 1000000000
a contact +54000 +61800 11 4 1000000000
a contact +54000 +61800 11 7 1000000000
a contact +54000 +61800 12 6 1000000000
a contact +54000 +61800 13 5 1000000000
a contact +54000 +61800 13 8 1000000000
a contact +54000 +61800 14 4 1000000000
a contact +54000 +61800 14 7 1000000000
a contact +54000 +61800 14 10 1000000000
a contact +54000 +61800 15 2 1000000000
a contact +54000 +61800 15 9 1000000000
a contact +54000 +62400 5 7 1000000000
a contact +54000 +62400 7 5 1000000000
a contact +53400 +62400 8 10 1000000000
a contact +53400 +62400 10 8 1000000000
a contact +53400 +62400 11 13 1000000000
a contact +53400 +62400 13 11 1000000000
a contact +52200 +62400 15 16 1000000000
a contact +42600 +62400 15 18 1000000000
a contact +52200 +62400 16 15 1000000000
a contact +42600 +62400 18 15 1000000000
a contact +55200 +64200 1 12 1000000000
a contact +6600 +64200 2 7 1000000000
a contact +16800 +64200 3 10 1000000000
a contact +6600 +64200 7 2 1000000000
a contact +16800 +64200 10 3 1000000000
a contact +55200 +64200 12 1 1000000000
a contact +57000 +64800 1 4 1000000000
a contact +57000 +64800 4 1 1000000000
a contact +57600 +65400 4 10 1000000000
a contact +57600 +65400 5 9 1000000000
a contact +57600 +65400 5 12 1000000000
a contact +57600 +65400 5 15 1000000000
a contact +57600 +65400 6 11 1000000000
a contact +57600 +65400 6 14 1000000000
a contact +57600 +65400 7 13 1000000000
a contact +57600 +65400 8 12 1000000000
a contact +57600 +65400 8 15 1000000000
a contact +57600 +65400 9 5 1000000000
a contact +57600 +65400 9 14 1000000000
a contact +57600 +65400 10 4 1000000000
a contact +57600 +65400 11 6 1000000000
a contact +57600 +65400 11 15 1000000000
a contact +57600 +65400 12 5 1000000000
a contact +57600 +65400 12 8 1000000000
a contact +57000 +65400 12 14 1000000000
a contact +57600 +65400 13 7 1000000000
a contact +57600 +65400 14 6 1000000000
a contact +57600 +65400 14 9 1000000000
a contact +57000 +65400 14 12 1000000000
a contact +57600 +65400 15 5 1000000000
a contact +57600 +65400 15 8 1000000000
a contact +57600 +65400 15 11 1000000000
a contact +57000 +66000 6 8 1000000000
a contact +57000 +66000 8 6 1000000000
a contact +57000 +66000 9 11 1000000000
a contact +57000 +66000 11 9 1000000000
a contact +58200 +66600 3 13 1000000000
a contact +52200 +66600 3 16 1000000000
a contact +40200 +66600 3 18 1000000000
a contact +58200 +66600 13 3 1000000000
a contact +52200 +66600 16 3 1000000000
a contact +40200 +66600 18 3 1000000000
a contact +10200 +67200 1 11 1000000000
a contact +10200 +67200 11 1 1000000000
a contact +58800 +67800 3 8 1000000000
a contact +58800 +67800 8 3 1000000000
a contact +61200 +68400 4 12 1000000000
a contact +61200 +68400 5 11 1000000000
a contact +61200 +68400 6 10 1000000000
a contact +61200 +68400 7 15 1000000000
a contact +61200 +68400 8 14 1000000000
a contact +61200 +68400 9 10 1000000000
a contact +61200 +68400 9 13 1000000000
a contact +61200 +68400 10 6 1000000000
a contact +61200 +68400 10 9 1000000000
a contact +61200 +68400 11 5 1000000000
a contact +61200 +68400 12 4 1000000000
a contact +61200 +68400 12 13 1000000000
a contact +61200 +68400 13 9 1000000000
a contact +61200 +68400 13 12 1000000000
a contact +61200 +68400 14 8 1000000000
a contact +61200 +68400 15 7 1000000000
a contact +61200 +69000 2 5 1000000000
a contact +60600 +69000 4 9 1000000000
a contact +61200 +69000 4 15 1000000000
a contact +61200 +69000 5 2 1000000000
a contact +61200 +69000 6 7 1000000000
a contact +60600 +69000 6 13 1000000000
a contact +61200 +69000 7 6 1000000000
a contact +60600 +69000 7 12 1000000000
a contact +60600 +69000 9 4 1000000000
a contact +60600 +69000 10 15 1000000000
a contact +60600 +69000 12 7 1000000000
a contact +60600 +69000 13 6 1000000000
a contact +61200 +69000 15 4 1000000000
a contact +60600 +69000 15 10 1000000000
a contact +52200 +69600 14 16 1000000000
a contact +49200 +69600 14 18 1000000000
a contact +52200 +69600 16 14 1000000000
a contact +49200 +69600 18 14 1000000000
a contact +13800 +70800 2 12 1000000000
a contact +13200 +70800 3 15 1000000000
a contact +13800 +70800 12 2 1000000000
a contact +13200 +70800 15 3 1000000000
a contact +64200 +72000 1 9 1000000000
a contact +64800 +72000 4 8 1000000000
a contact +64800 +72000 4 11 1000000000
a contact +64800 +72000 5 10 1000000000
a contact +64200 +72000 5 13 1000000000
a contact +64800 +72000 6 12 1000000000
a contact +64800 +72000 7 11 1000000000
a contact +64800 +72000 7 14 1000000000
a contact +64800 +72000 8 4 1000000000
a contact +64800 +72000 8 13 1000000000
a contact +64200 +72000 9 1 1000000000
a contact +64800 +72000 9 15 1000000000
a contact +64800 +72000 10 5 1000000000
a contact +64800 +72000 10 14 1000000000
a contact +64800 +72000 11 4 1000000000
a contact +64800 +72000 11 7 1000000000
a contact +64800 +72000 12 6 1000000000
a contact +64200 +72000 13 5 1000000000
a contact +64800 +72000 13 8 1000000000
a contact +64800 +72000 14 7 1000000000
a contact +64800 +72000 14 10 1000000000
a contact +64800 +72000 15 9 1000000000
a contact +64200 +72600 4 14 1000000000
a contact +64200 +72600 5 7 1000000000
a contact +64200 +72600 7 5 1000000000
a contact +64200 +72600 8 10 1000000000
a contact +64200 +72600 10 8 1000000000
a contact +64200 +72600 11 13 1000000000
a contact +64200 +72600 13 11 1000000000
a contact +64200 +72600 14 4 1000000000
a contact +52800 +73200 9 16 1000000000
a contact +52800 +73200 9 18 1000000000
a contact +52800 +73200 16 9 1000000000
a contact +52800 +73200 18 9 1000000000
a contact +65400 +73800 3 6 1000000000
a contact +65400 +73800 6 3 1000000000
a contact +17400 +74400 1 13 1000000000
a contact +17400 +74400 13 1 1000000000
a contact +27600 +75000 2 4 1000000000
a contact +66600 +75000 3 10 1000000000
a contact +27600 +75000 4 2 1000000000
a contact +66600 +75000 10 3 1000000000
a contact +68400 +75600 4 10 1000000000
a contact +68400 +75600 5 9 1000000000
a contact +68400 +75600 5 12 1000000000
a contact +68400 +75600 6 11 1000000000
a contact +67800 +75600 6 14 1000000000
a contact +67800 +75600 7 13 1000000000
a contact +67800 +75600 8 12 1000000000
a contact +67800 +75600 8 15 1000000000
a contact +68400 +75600 9 5 1000000000
a contact +67800 +75600 9 14 1000000000
a contact +68400 +75600 10 4 1000000000
a contact +68400 +75600 11 6 1000000000
a contact +67800 +75600 11 15 1000000000
a contact +68400 +75600 12 5 1000000000
a contact +67800 +75600 12 8 1000000000
a contact +67800 +75600 13 7 1000000000
a contact +67800 +75600 14 6 1000000000
a contact +67800 +75600 14 9 1000000000
a contact +67800 +75600 15 8 1000000000
a contact +67800 +75600 15 11 1000000000
a contact +68400 +76200 2 7 1000000000
a contact +52200 +76200 2 16 1000000000
a contact +50400 +76200 2 18 1000000000
a contact +67800 +76200 5 15 1000000000
a contact +67800 +76200 6 8 1000000000
a contact +68400 +76200 7 2 1000000000
a contact +67800 +76200 8 6 1000000000
a contact +67800 +76200 9 11 1000000000
a contact +67800 +76200 11 9 1000000000
a contact +67200 +76200 12 14 1000000000
a contact +67200 +76200 14 12 1000000000
a contact +67800 +76200 15 5 1000000000
a contact +52200 +76200 16 2 1000000000
a contact +50400 +76200 18 2 1000000000
a contact +56400 +76800 13 16 1000000000
a contact +56400 +76800 13 18 1000000000
a contact +56400 +76800 16 13 1000000000
a contact +56400 +76800 18 13 1000000000
a contact +20400 +78000 2 14 1000000000
a contact +20400 +78000 3 5 1000000000
a contact +20400 +78000 5 3 1000000000
a contact +20400 +78000 14 2 1000000000
a contact +60000 +78600 1 18 1000000000
a contact +69600 +78600 3 18 1000000000
a contact +30000 +78600 4 18 1000000000
a contact +30000 +78600 5 18 1000000000
a contact +30000 +78600 6 18 1000000000
a contact +46200 +78600 7 18 1000000000
a contact +60000 +78600 8 18 1000000000
a contact +73800 +78600 9 18 1000000000
a contact +30000 +78600 10 18 1000000000
a contact +30000 +78600 11 18 1000000000
a contact +30000 +78600 12 18 1000000000
a contact +77400 +78600 13 18 1000000000
a contact +70200 +78600 14 18 1000000000
a contact +63000 +78600 15 18 1000000000
a contact +60000 +78600 18 1 1000000000
a contact +69600 +78600 18 3 1000000000
a contact +30000 +78600 18 4 1000000000
a contact +30000 +78600 18 5 1000000000
a contact +30000 +78600 18 6 1000000000
a contact +46200 +78600 18 7 1000000000
a contact +60000 +78600 18 8 1000000000
a contact +73800 +78600 18 9 1000000000
a contact +30000 +78600 18 10 1000000000
a contact +30000 +78600 18 11 1000000000
a contact +30000 +78600 18 12 1000000000
a contact +77400 +78600 18 13 1000000000
a contact +70200 +78600 18 14 1000000000
a contact +63000 +78600 18 15 1000000000
a contact +71400 +79200 1 11 1000000000
a contact +71400 +79200 4 12 1000000000
a contact +71400 +79200 4 15 1000000000
a contact +71400 +79200 5 11 1000000000
a contact +71400 +79200 6 7 1000000000
a contact +71400 +79200 6 10 1000000000
a contact +71400 +79200 6 13 1000000000
a contact +71400 +79200 7 6 1000000000
a contact +71400 +79200 7 15 1000000000
a contact +71400 +79200 8 14 1000000000
a contact +71400 +79200 9 10 1000000000
a contact +71400 +79200 9 13 1000000000
a contact +71400 +79200 10 6 1000000000
a contact +71400 +79200 10 9 1000000000
a contact +71400 +79200 11 1 1000000000
a contact +71400 +79200 11 5 1000000000
a contact +71400 +79200 12 4 1000000000
a contact +71400 +79200 12 13 1000000000
a contact +71400 +79200 13 6 1000000000
a contact +71400 +79200 13 9 1000000000
a contact +71400 +79200 13 12 1000000000
a contact +71400 +79200 14 8 1000000000
a contact +71400 +79200 15 4 1000000000
a contact +71400 +79200 15 7 1000000000
a contact +70800 +79800 4 9 1000000000
a contact +70800 +79800 7 12 1000000000
a contact +70800 +79800 9 4 1000000000
a contact +70800 +79800 10 15 1000000000
a contact +70800 +79800 12 7 1000000000
a contact +70800 +79800 15 10 1000000000
a contact +60000 +80400 8 16 1000000000
a contact +78600 +80400 8 17 1000000000
a contact +60000 +80400 16 8 1000000000
a contact +78600 +80400 17 8 1000000000
a contact +72600 +81000 3 8 1000000000
a contact +72600 +81000 8 3 1000000000
a contact +24000 +81600 1 6 1000000000
a contact +34200 +81600 2 9 1000000000
a contact +24000 +81600 6 1 1000000000
a contact +34200 +81600 9 2 1000000000
a contact +73800 +82200 3 15 1000000000
a contact +75000 +82200 7 14 1000000000
a contact +75000 +82200 8 13 1000000000
a contact +75000 +82200 9 15 1000000000
a contact +75000 +82200 10 14 1000000000
a contact +75000 +82200 13 8 1000000000
a contact +75000 +82200 14 7 1000000000
a contact +75000 +82200 14 10 1000000000
a contact +73800 +82200 15 3 1000000000
a contact +75000 +82200 15 9 1000000000
a contact +75000 +82800 4 8 1000000000
a contact +75000 +82800 4 11 1000000000
a contact +74400 +82800 4 14 1000000000
a contact +75000 +82800 5 10 1000000000
a contact +75000 +82800 5 13 1000000000
a contact +75000 +82800 6 12 1000000000
a contact +75000 +82800 7 11 1000000000
a contact +75000 +82800 8 4 1000000000
a contact +74400 +82800 8 10 1000000000
a contact +75000 +82800 10 5 1000000000
a contact +74400 +82800 10 8 1000000000
a contact +75000 +82800 11 4 1000000000
a contact +75000 +82800 11 7 1000000000
a contact +74400 +82800 11 13 1000000000
a contact +75000 +82800 12 6 1000000000
a contact +75000 +82800 13 5 1000000000
a contact +74400 +82800 13 11 1000000000
a contact +74400 +82800 14 4 1000000000
a contact +75600 +83400 2 12 1000000000
a contact +74400 +83400 5 7 1000000000
a contact +74400 +83400 7 5 1000000000
a contact +75600 +83400 12 2 1000000000
a contact +63000 +83400 15 16 1000000000
a contact +78600 +83400 15 17 1000000000
a contact +63000 +83400 16 15 1000000000
a contact +78600 +83400 17 15 1000000000
a contact +27600 +84600 3 7 1000000000
a contact +27600 +84600 7 3 1000000000
a contact +75600 +85200 2 4 1000000000
a contact +75600 +85200 4 2 1000000000
a contact +60000 +85800 1 16 1000000000
a contact +78600 +85800 1 17 1000000000
a contact +78600 +85800 4 10 1000000000
a contact +78600 +85800 5 9 1000000000
a contact +78600 +85800 5 12 1000000000
a contact +78600 +85800 6 11 1000000000
a contact +78600 +85800 7 13 1000000000
a contact +78600 +85800 8 12 1000000000
a contact +78600 +85800 8 15 1000000000
a contact +78600 +85800 9 5 1000000000
a contact +78600 +85800 9 14 1000000000
a contact +78600 +85800 10 4 1000000000
a contact +78600 +85800 11 6 1000000000
a contact +78600 +85800 11 15 1000000000
a contact +78600 +85800 12 5 1000000000
a contact +78600 +85800 12 8 1000000000
a contact +78600 +85800 13 7 1000000000
a contact +78600 +85800 14 9 1000000000
a contact +78600 +85800 15 8 1000000000
a contact +78600 +85800 15 11 1000000000
a contact +60000 +85800 16 1 1000000000
a contact +78600 +85800 17 1 1000000000
a contact +0 +86400 1 2 1000000000
a contact +0 +86400 1 3 1000000000
a contact +69000 +86400 1 4 1000000000
a contact +51600 +86400 1 5 1000000000
a contact +85800 +86400 1 6 1000000000
a contact +58800 +86400 1 7 1000000000
a contact +31200 +86400 1 8 1000000000
a contact +76200 +86400 1 9 1000000000
a contact +37800 +86400 1 10 1000000000
a contact +83400 +86400 1 11 1000000000
a contact +64800 +86400 1 12 1000000000
a contact +78600 +86400 1 13 1000000000
a contact +61800 +86400 1 14 1000000000
a contact +45000 +86400 1 15 1000000000
a contact +0 +86400 2 1 1000000000
a contact +0 +86400 2 3 1000000000
a contact +72600 +86400 2 5 1000000000
a contact +45000 +86400 2 6 1000000000
a contact +79800 +86400 2 7 1000000000
a contact +51600 +86400 2 8 1000000000
a contact +83400 +86400 2 9 1000000000
a contact +58800 +86400 2 10 1000000000
a contact +40800 +86400 2 11 1000000000
a contact +37800 +86400 2 13 1000000000
a contact +82800 +86400 2 14 1000000000
a contact +66000 +86400 2 15 1000000000
a contact +79200 +86400 2 16 1000000000
a contact +79200 +86400 2 17 1000000000
a contact +0 +86400 3 1 1000000000
a contact +0 +86400 3 2 1000000000
a contact +48600 +86400 3 4 1000000000
a contact +81000 +86400 3 5 1000000000
a contact +76200 +86400 3 6 1000000000
a contact +82800 +86400 3 8 1000000000
a contact +55200 +86400 3 9 1000000000
a contact +79200 +86400 3 10 1000000000
a contact +62400 +86400 3 11 1000000000
a contact +34800 +86400 3 12 1000000000
a contact +69000 +86400 3 13 1000000000
a contact +41400 +86400 3 14 1000000000
a contact +69600 +86400 3 16 1000000000
a contact +78600 +86400 3 17 1000000000
a contact +69000 +86400 4 1 1000000000
a contact +48600 +86400 4 3 1000000000
a contact +0 +86400 4 5 1000000000
a contact +0 +86400 4 6 1000000000
a contact +0 +86400 4 7 1000000000
a contact +85200 +86400 4 8 1000000000
a contact +81600 +86400 4 9 1000000000
a contact +85800 +86400 4 11 1000000000
a contact +82200 +86400 4 12 1000000000
a contact +0 +86400 4 13 1000000000
a contact +85200 +86400 4 14 1000000000
a contact +81600 +86400 4 15 1000000000
a contact +52200 +86400 4 16 1000000000
a contact +78600 +86400 4 17 1000000000
a contact +51600 +86400 5 1 1000000000
a contact +72600 +86400 5 2 1000000000
a contact +81000 +86400 5 3 1000000000
a contact +0 +86400 5 4 1000000000
a contact +0 +86400 5 6 1000000000
a contact +85200 +86400 5 7 1000000000
a contact +0 +86400 5 8 1000000000
a contact +85800 +86400 5 10 1000000000
a contact +82200 +86400 5 11 1000000000
a contact +85200 +86400 5 13 1000000000
a contact +0 +86400 5 14 1000000000
a contact +78000 +86400 5 15 1000000000
a contact +52200 +86400 5 16 1000000000
a contact +78600 +86400 5 17 1000000000
a contact +85800 +86400 6 1 1000000000
a contact +45000 +86400 6 2 1000000000
a contact +76200 +86400 6 3 1000000000
a contact +0 +86400 6 4 1000000000
a contact +0 +86400 6 5 1000000000
a contact +82200 +86400 6 7 1000000000
a contact +78000 +86400 6 8 1000000000
a contact +0 +86400 6 9 1000000000
a contact +82200 +86400 6 10 1000000000
a contact +85800 +86400 6 12 1000000000
a contact +81600 +86400 6 13 1000000000
a contact +78600 +86400 6 14 1000000000
a contact +0 +86400 6 15 1000000000
a contact +52200 +86400 6 16 1000000000
a contact +78600 +86400 6 17 1000000000
a contact +58800 +86400 7 1 1000000000
a contact +79800 +86400 7 2 1000000000
a contact +0 +86400 7 4 1000000000
a contact +85200 +86400 7 5 1000000000
a contact +82200 +86400 7 6 1000000000
a contact +0 +86400 7 8 1000000000
a contact +0 +86400 7 9 1000000000
a contact +0 +86400 7 10 1000000000
a contact +85200 +86400 7 11 1000000000
a contact +81600 +86400 7 12 1000000000
a contact +85200 +86400 7 14 1000000000
a contact +82200 +86400 7 15 1000000000
a contact +52200 +86400 7 16 1000000000
a contact +78600 +86400 7 17 1000000000
a contact +31200 +86400 8 1 1000000000
a contact +51600 +86400 8 2 1000000000
a contact +82800 +86400 8 3 1000000000
a contact +85200 +86400 8 4 1000000000
a contact +0 +86400 8 5 1000000000
a contact +78000 +86400 8 6 1000000000
a contact +0 +86400 8 7 1000000000
a contact +0 +86400 8 9 1000000000
a contact +85200 +86400 8 10 1000000000
a contact +0 +86400 8 11 1000000000
a contact +85200 +86400 8 13 1000000000
a contact +82200 +86400 8 14 1000000000
a contact +81000 +86400 8 16 1000000000
a contact +81000 +86400 8 17 1000000000
a contact +76200 +86400 9 1 1000000000
a contact +83400 +86400 9 2 1000000000
a contact +55200 +86400 9 3 1000000000
a contact +81600 +86400 9 4 1000000000
a contact +0 +86400 9 6 1000000000
a contact +0 +86400 9 7 1000000000
a contact +0 +86400 9 8 1000000000
a contact +82200 +86400 9 10 1000000000
a contact +78000 +86400 9 11 1000000000
a contact +0 +86400 9 12 1000000000
a contact +82200 +86400 9 13 1000000000
a contact +85200 +86400 9 15 1000000000
a contact +73800 +86400 9 16 1000000000
a contact +78600 +86400 9 17 1000000000
a contact +37800 +86400 10 1 1000000000
a contact +58800 +86400 10 2 1000000000
a contact +79200 +86400 10 3 1000000000
a contact +85800 +86400 10 5 1000000000
a contact +82200 +86400 10 6 1000000000
a contact +0 +86400 10 7 1000000000
a contact +85200 +86400 10 8 1000000000
a contact +82200 +86400 10 9 1000000000
a contact +0 +86400 10 11 1000000000
a contact +0 +86400 10 12 1000000000
a contact +0 +86400 10 13 1000000000
a contact +85200 +86400 10 14 1000000000
a contact +81600 +86400 10 15 1000000000
a contact +52200 +86400 10 16 1000000000
a contact +78600 +86400 10 17 1000000000
a contact +83400 +86400 11 1 1000000000
a contact +40800 +86400 11 2 1000000000
a contact +62400 +86400 11 3 1000000000
a contact +85800 +86400 11 4 1000000000
a contact +82200 +86400 11 5 1000000000
a contact +85200 +86400 11 7 1000000000
a contact +0 +86400 11 8 1000000000
a contact +78000 +86400 11 9 1000000000
a contact +0 +86400 11 10 1000000000
a contact +0 +86400 11 12 1000000000
a contact +84600 +86400 11 13 1000000000
a contact +0 +86400 11 14 1000000000
a contact +52200 +86400 11 16 1000000000
a contact +78600 +86400 11 17 1000000000
a contact +64800 +86400 12 1 1000000000
a contact +34800 +86400 12 3 1000000000
a contact +82200 +86400 12 4 1000000000
a contact +85800 +86400 12 6 1000000000
a contact +81600 +86400 12 7 1000000000
a contact +0 +86400 12 9 1000000000
a contact +0 +86400 12 10 1000000000
a contact +0 +86400 12 11 1000000000
a contact +82200 +86400 12 13 1000000000
a contact +78000 +86400 12 14 1000000000
a contact +0 +86400 12 15 1000000000
a contact +52200 +86400 12 16 1000000000
a contact +78600 +86400 12 17 1000000000
a contact +78600 +86400 13 1 1000000000
a contact +37800 +86400 13 2 1000000000
a contact +69000 +86400 13 3 1000000000
a contact +0 +86400 13 4 1000000000
a contact +85200 +86400 13 5 1000000000
a contact +81600 +86400 13 6 1000000000
a contact +85200 +86400 13 8 1000000000
a contact +82200 +86400 13 9 1000000000
a contact +0 +86400 13 10 1000000000
a contact +84600 +86400 13 11 1000000000
a contact +82200 +86400 13 12 1000000000
a contact +0 +86400 13 14 1000000000
a contact +0 +86400 13 15 1000000000
a contact +77400 +86400 13 16 1000000000
a contact +78600 +86400 13 17 1000000000
a contact +61800 +86400 14 1 1000000000
a contact +82800 +86400 14 2 1000000000
a contact +41400 +86400 14 3 1000000000
a contact +85200 +86400 14 4 1000000000
a contact +0 +86400 14 5 1000000000
a contact +78600 +86400 14 6 1000000000
a contact +85200 +86400 14 7 1000000000
a contact +82200 +86400 14 8 1000000000
a contact +85200 +86400 14 10 1000000000
a contact +0 +86400 14 11 1000000000
a contact +78000 +86400 14 12 1000000000
a contact +0 +86400 14 13 1000000000
a contact +0 +86400 14 15 1000000000
a contact +70200 +86400 14 16 1000000000
a contact +78600 +86400 14 17 1000000000
a contact +45000 +86400 15 1 1000000000
a contact +66000 +86400 15 2 1000000000
a contact +81600 +86400 15 4 1000000000
a contact +78000 +86400 15 5 1000000000
a contact +0 +86400 15 6 1000000000
a contact +82200 +86400 15 7 1000000000
a contact +85200 +86400 15 9 1000000000
a contact +81600 +86400 15 10 1000000000
a contact +0 +86400 15 12 1000000000
a contact +0 +86400 15 13 1000000000
a contact +0 +86400 15 14 1000000000
a contact +84000 +86400 15 16 1000000000
a contact +84000 +86400 15 17 1000000000
a contact +79200 +86400 16 2 1000000000
a contact +69600 +86400 16 3 1000000000
a contact +52200 +86400 16 4 1000000000
a contact +52200 +86400 16 5 1000000000
a contact +52200 +86400 16 6 1000000000
a contact +52200 +86400 16 7 1000000000
a contact +81000 +86400 16 8 1000000000
a contact +73800 +86400 16 9 1000000000
a contact +52200 +86400 16 10 1000000000
a contact +52200 +86400 16 11 1000000000
a contact +52200 +86400 16 12 1000000000
a contact +77400 +86400 16 13 1000000000
a contact +70200 +86400 16 14 1000000000
a contact +84000 +86400 16 15 1000000000
a contact +79200 +86400 17 2 1000000000
a contact +78600 +86400 17 3 1000000000
a contact +78600 +86400 17 4 1000000000
a contact +78600 +86400 17 5 1000000000
a contact +78600 +86400 17 6 1000000000
a contact +78600 +86400 17 7 1000000000
a contact +81000 +86400 17 8 1000000000
a contact +78600 +86400 17 9 1000000000
a contact +78600 +86400 17 10 1000000000
a contact +78600 +86400 17 11 1000000000
a contact +78600 +86400 17 12 1000000000
a contact +78600 +86400 17 13 1000000000
a contact +78600 +86400 17 14 1000000000
a contact +84000 +86400 17 15 1000000000
a contact +0 +86400 16 19 100000000000
a contact +0 +86400 19 16 100000000000
a contact +0 +86400 17 19 100000000000
a contact +0 +86400 19 17 100000000000
a contact +0 +86400 18 19 100000000000
a contact +0 +86400 19 18 100000000000

a range +0 +600 3 6 0.0553
a range +0 +600 6 3 0.0553
a range +0 +1200 1 13 0.0544
a range +0 +1200 13 1 0.0544
a range +0 +1800 3 10 0.0550
a range +0 +1800 10 3 0.0550
a range +0 +2400 4 10 0.0469
a range +0 +2400 5 12 0.0469
a range +0 +2400 6 11 0.0469
a range +0 +2400 7 13 0.0473
a range +0 +2400 8 12 0.0468
a range +0 +2400 8 15 0.0472
a range +0 +2400 9 14 0.0472
a range +0 +2400 10 4 0.0469
a range +0 +2400 11 6 0.0469
a range +0 +2400 11 15 0.0470
a range +0 +2400 12 5 0.0469
a range +0 +2400 12 8 0.0468
a range +0 +2400 13 7 0.0473
a range +0 +2400 14 9 0.0472
a range +0 +2400 15 8 0.0472
a range +0 +2400 15 11 0.0470
a range +0 +3000 2 7 0.0549
a range +0 +3000 5 9 0.0483
a range +0 +3000 5 15 0.0473
a range +0 +3000 6 8 0.0468
a range +0 +3000 6 14 0.0480
a range +0 +3000 7 2 0.0549
a range +0 +3000 8 6 0.0468
a range +0 +3000 9 5 0.0483
a range +0 +3000 9 11 0.0469
a range +0 +3000 11 9 0.0469
a range +0 +3000 12 14 0.0470
a range +0 +3000 14 6 0.0480
a range +0 +3000 14 12 0.0470
a range +0 +3000 15 5 0.0473
a range +0 +4800 2 14 0.0544
a range +0 +4800 14 2 0.0544
a range +0 +5400 3 5 0.0550
a range +0 +5400 5 3 0.0550
a range +0 +6000 1 11 0.0555
a range +0 +6000 4 12 0.0477
a range +0 +6000 4 15 0.0468
a range +0 +6000 5 11 0.0477
a range +0 +6000 6 7 0.0470
a range +0 +6000 6 10 0.0477
a range +0 +6000 7 6 0.0470
a range +0 +6000 7 15 0.0480
a range +0 +6000 8 14 0.0481
a range +0 +6000 9 10 0.0472
a range +0 +6000 9 13 0.0480
a range +0 +6000 10 6 0.0477
a range +0 +6000 10 9 0.0472
a range +0 +6000 11 1 0.0555
a range +0 +6000 11 5 0.0477
a range +0 +6000 12 4 0.0477
a range +0 +6000 12 13 0.0473
a range +0 +6000 13 9 0.0480
a range +0 +6000 13 12 0.0473
a range +0 +6000 14 8 0.0481
a range +0 +6000 15 4 0.0468
a range +0 +6000 15 7 0.0480
a range +0 +6600 4 9 0.0470
a range +0 +6600 6 13 0.0476
a range +0 +6600 7 12 0.0471
a range +0 +6600 9 4 0.0470
a range +0 +6600 10 15 0.0472
a range +0 +6600 12 7 0.0471
a range +0 +6600 13 6 0.0476
a range +0 +6600 15 10 0.0472
a range +0 +7800 3 8 0.0548
a range +0 +7800 3 16 1102.0661
a range +0 +7800 3 17 1102.0593
a range +0 +7800 8 3 0.0548
a range +0 +7800 16 3 1102.0661
a range +0 +7800 17 3 1102.0593
a range +0 +8400 1 6 0.0546
a range +0 +8400 6 1 0.0546
a range +600 +9000 3 15 0.0556
a range +600 +9000 15 3 0.0556
a range +2400 +9600 4 8 0.0474
a range +2400 +9600 4 11 0.0484
a range +2400 +9600 5 10 0.0484
a range +1800 +9600 5 13 0.0471
a range +2400 +9600 6 12 0.0485
a range +2400 +9600 7 11 0.0475
a range +2400 +9600 7 14 0.0487
a range +2400 +9600 8 4 0.0474
a range +2400 +9600 8 13 0.0487
a range +2400 +9600 9 15 0.0488
a range +2400 +9600 10 5 0.0484
a range +1800 +9600 10 14 0.0477
a range +2400 +9600 11 4 0.0484
a range +2400 +9600 11 7 0.0475
a range +2400 +9600 12 6 0.0485
a range +1800 +9600 13 5 0.0471
a range +2400 +9600 13 8 0.0487
a range +2400 +9600 14 7 0.0487
a range +1800 +9600 14 10 0.0477
a range +2400 +9600 15 9 0.0488
a range +2400 +10200 2 12 0.0548
a range +1800 +10200 4 14 0.0478
a range +1800 +10200 5 7 0.0473
a range +1800 +10200 7 5 0.0473
a range +1800 +10200 8 10 0.0473
a range +1800 +10200 10 8 0.0473
a range +1800 +10200 11 13 0.0474
a range +2400 +10200 12 2 0.0548
a range +1800 +10200 13 11 0.0474
a range +1800 +10200 14 4 0.0478
a range +0 +12000 2 4 0.0545
a range +0 +12000 3 7 0.0549
a range +0 +12000 4 2 0.0545
a range +0 +12000 7 3 0.0549
a range +5400 +13200 1 13 0.0556
a range +5400 +13200 4 10 0.0492
a range +5400 +13200 5 9 0.0477
a range +5400 +13200 5 12 0.0491
a range +5400 +13200 5 15 0.0468
a range +5400 +13200 6 11 0.0491
a range +5400 +13200 6 14 0.0475
a range +5400 +13200 7 13 0.0494
a range +5400 +13200 8 12 0.0479
a range +5400 +13200 8 15 0.0494
a range +5400 +13200 9 5 0.0477
a range +5400 +13200 9 14 0.0494
a range +5400 +13200 10 4 0.0492
a range +5400 +13200 11 6 0.0491
a range +5400 +13200 11 15 0.0480
a range +5400 +13200 12 5 0.0491
a range +5400 +13200 12 8 0.0479
a range +5400 +13200 13 1 0.0556
a range +5400 +13200 13 7 0.0494
a range +5400 +13200 14 6 0.0475
a range +5400 +13200 14 9 0.0494
a range +5400 +13200 15 5 0.0468
a range +5400 +13200 15 8 0.0494
a range +5400 +13200 15 11 0.0480
a range +5400 +13800 6 8 0.0474
a range +5400 +13800 8 6 0.0474
a range +4800 +13800 9 11 0.0475
a range +4800 +13800 11 9 0.0475
a range +4800 +13800 12 14 0.0476
a range +4800 +13800 14 12 0.0476
a range +6600 +15000 3 10 0.0543
a range +6600 +15000 10 3 0.0543
a range +0 +15600 1 8 0.0555
a range +1200 +15600 1 16 1102.3154
a range +0 +15600 2 11 0.0543
a range +0 +15600 2 16 1102.3712
a range +10800 +15600 3 16 1102.3509
a range +0 +15600 4 16 1102.3348
a range +0 +15600 5 16 1102.3538
a range +0 +15600 6 16 1102.3488
a range +0 +15600 7 16 1102.3244
a range +0 +15600 8 1 0.0555
a range +0 +15600 8 16 1102.3646
a range +0 +15600 9 16 1102.3483
a range +0 +15600 10 16 1102.3566
a range +0 +15600 11 2 0.0543
a range +0 +15600 11 16 1102.3373
a range +0 +15600 12 16 1102.3435
a range +0 +15600 13 16 1102.3667
a range +0 +15600 14 16 1102.3263
a range +0 +15600 15 16 1102.3445
a range +1200 +15600 16 1 1102.3154
a range +0 +15600 16 2 1102.3712
a range +10800 +15600 16 3 1102.3509
a range +0 +15600 16 4 1102.3348
a range +0 +15600 16 5 1102.3538
a range +0 +15600 16 6 1102.3488
a range +0 +15600 16 7 1102.3244
a range +0 +15600 16 8 1102.3646
a range +0 +15600 16 9 1102.3483
a range +0 +15600 16 10 1102.3566
a range +0 +15600 16 11 1102.3373
a range +0 +15600 16 12 1102.3435
a range +0 +15600 16 13 1102.3667
a range +0 +15600 16 14 1102.3263
a range +0 +15600 16 15 1102.3445
a range +7800 +16200 3 5 0.0555
a range +7800 +16200 5 3 0.0555
a range +9000 +16200 8 14 0.0467
a range +9000 +16200 14 8 0.0467
a range +9000 +16800 4 12 0.0497
a range +9000 +16800 4 15 0.0478
a range +9000 +16800 5 11 0.0498
a range +9000 +16800 6 7 0.0481
a range +9000 +16800 6 10 0.0497
a range +9000 +16800 6 13 0.0471
a range +9000 +16800 7 6 0.0481
a range +9000 +16800 7 15 0.0500
a range +9000 +16800 9 10 0.0482
a range +9000 +16800 9 13 0.0500
a range +9000 +16800 10 6 0.0497
a range +9000 +16800 10 9 0.0482
a range +8400 +16800 10 15 0.0468
a range +9000 +16800 11 5 0.0498
a range +9000 +16800 12 4 0.0497
a range +9000 +16800 12 13 0.0483
a range +9000 +16800 13 6 0.0471
a range +9000 +16800 13 9 0.0500
a range +9000 +16800 13 12 0.0483
a range +9000 +16800 15 4 0.0478
a range +9000 +16800 15 7 0.0500
a range +8400 +16800 15 10 0.0468
a range +9600 +17400 2 14 0.0546
a range +0 +17400 2 17 1102.4258
a range +8400 +17400 4 9 0.0476
a range +8400 +17400 7 12 0.0476
a range +8400 +17400 9 4 0.0476
a range +8400 +17400 12 7 0.0476
a range +9600 +17400 14 2 0.0546
a range +0 +17400 17 2 1102.4258
a range +0 +18600 3 12 0.0543
a range +0 +18600 12 3 0.0543
a range +0 +19200 2 9 0.0553
a range +0 +19200 9 2 0.0553
a range +12600 +19800 4 8 0.0467
a range +12600 +19800 4 11 0.0471
a range +12600 +19800 5 10 0.0471
a range +12600 +19800 6 12 0.0472
a range +12600 +19800 7 11 0.0469
a range +12600 +19800 7 14 0.0475
a range +12600 +19800 8 4 0.0467
a range +12600 +19800 8 13 0.0475
a range +12600 +19800 9 15 0.0476
a range +12600 +19800 10 5 0.0471
a range +12600 +19800 10 14 0.0471
a range +12600 +19800 11 4 0.0471
a range +12600 +19800 11 7 0.0469
a range +12600 +19800 12 6 0.0472
a range +12600 +19800 13 8 0.0475
a range +12600 +19800 14 7 0.0475
a range +12600 +19800 14 10 0.0471
a range +12600 +19800 15 9 0.0476
a range +12600 +20400 1 6 0.0554
a range +12000 +20400 4 14 0.0474
a range +12000 +20400 5 7 0.0468
a range +12600 +20400 5 13 0.0481
a range +12600 +20400 6 1 0.0554
a range +12000 +20400 7 5 0.0468
a range +12000 +20400 8 10 0.0470
a range +12000 +20400 10 8 0.0470
a range +12000 +20400 11 13 0.0471
a range +12600 +20400 13 5 0.0481
a range +12000 +20400 13 11 0.0471
a range +12000 +20400 14 4 0.0474
a range +0 +21000 15 17 1102.5575
a range +0 +21000 17 15 1102.5575
a range +0 +22200 1 10 0.0545
a range +0 +22200 2 13 0.0543
a range +0 +22200 10 1 0.0545
a range +0 +22200 13 2 0.0543
a range +15000 +23400 3 7 0.0559
a range +16200 +23400 4 10 0.0480
a range +16200 +23400 5 9 0.0471
a range +16200 +23400 5 12 0.0479
a range +16200 +23400 6 11 0.0479
a range +15600 +23400 6 14 0.0469
a range +15000 +23400 7 3 0.0559
a range +16200 +23400 7 13 0.0483
a range +16200 +23400 8 12 0.0473
a range +16200 +23400 8 15 0.0483
a range +16200 +23400 9 5 0.0471
a range +16200 +23400 9 14 0.0483
a range +16200 +23400 10 4 0.0480
a range +16200 +23400 11 6 0.0479
a range +16200 +23400 11 15 0.0475
a range +16200 +23400 12 5 0.0479
a range +16200 +23400 12 8 0.0473
a range +16200 +23400 13 7 0.0483
a range +15600 +23400 14 6 0.0469
a range +16200 +23400 14 9 0.0483
a range +16200 +23400 15 8 0.0483
a range +16200 +23400 15 11 0.0475
a range +15600 +24000 5 15 0.0477
a range +15600 +24000 6 8 0.0471
a range +15600 +24000 8 6 0.0471
a range +15600 +24000 9 11 0.0472
a range +15600 +24000 11 9 0.0472
a range +15600 +24000 12 14 0.0473
a range +15600 +24000 14 12 0.0473
a range +15600 +24000 15 5 0.0477
a range +16800 +24600 2 4 0.0543
a range +16800 +24600 4 2 0.0543
a range +0 +24600 7 17 1102.6981
a range +0 +24600 17 7 1102.6981
a range +0 +25800 3 14 0.0553
a range +0 +25800 14 3 0.0553
a range +17400 +26400 2 11 0.0558
a range +17400 +26400 11 2 0.0558
a range +1200 +27000 1 17 1102.7998
a range +19800 +27000 4 12 0.0487
a range +19200 +27000 4 15 0.0473
a range +19800 +27000 5 11 0.0487
a range +19800 +27000 6 7 0.0475
a range +19800 +27000 6 10 0.0487
a range +19800 +27000 7 6 0.0475
a range +19200 +27000 7 15 0.0490
a range +19200 +27000 8 14 0.0490
a range +19200 +27000 9 10 0.0477
a range +19200 +27000 9 13 0.0490
a range +19800 +27000 10 6 0.0487
a range +19200 +27000 10 9 0.0477
a range +19800 +27000 11 5 0.0487
a range +19800 +27000 12 4 0.0487
a range +19200 +27000 12 13 0.0478
a range +19200 +27000 13 9 0.0490
a range +19200 +27000 13 12 0.0478
a range +19200 +27000 14 8 0.0490
a range +19200 +27000 15 4 0.0473
a range +19200 +27000 15 7 0.0490
a range +1200 +27000 17 1 1102.7998
a range +19800 +27600 1 8 0.0554
a range +19200 +27600 4 9 0.0473
a range +19200 +27600 6 13 0.0478
a range +19200 +27600 7 12 0.0474
a range +19800 +27600 8 1 0.0554
a range +19200 +27600 9 4 0.0473
a range +18600 +27600 10 15 0.0475
a range +19200 +27600 12 7 0.0474
a range +19200 +27600 13 6 0.0478
a range +18600 +27600 15 10 0.0475
a range +0 +29400 1 15 0.0553
a range +0 +29400 2 6 0.0546
a range +0 +29400 6 2 0.0546
a range +0 +29400 15 1 0.0553
a range +22200 +30000 3 12 0.0543
a range +22200 +30000 12 3 0.0543
a range +22800 +30600 4 8 0.0478
a range +22800 +30600 4 11 0.0493
a range +22800 +30600 4 14 0.0469
a range +22800 +30600 5 10 0.0493
a range +22800 +30600 5 13 0.0476
a range +22800 +30600 6 12 0.0494
a range +22800 +30600 7 11 0.0480
a range +22800 +30600 7 14 0.0496
a range +22800 +30600 8 4 0.0478
a range +22800 +30600 8 13 0.0496
a range +22800 +30600 9 15 0.0496
a range +22800 +30600 10 5 0.0493
a range +22800 +30600 10 14 0.0481
a range +22800 +30600 11 4 0.0493
a range +22800 +30600 11 7 0.0480
a range +22800 +30600 12 6 0.0494
a range +22800 +30600 13 5 0.0476
a range +22800 +30600 13 8 0.0496
a range +22800 +30600 14 4 0.0469
a range +22800 +30600 14 7 0.0496
a range +22800 +30600 14 10 0.0481
a range +22800 +30600 15 9 0.0496
a range +22200 +31200 5 7 0.0475
a range +22200 +31200 7 5 0.0475
a range +22200 +31200 8 10 0.0476
a range +22200 +31200 10 8 0.0476
a range +22200 +31200 11 13 0.0476
a range +22200 +31200 13 11 0.0476
a range +24000 +32400 2 9 0.0549
a range +24000 +32400 9 2 0.0549
a range +25200 +33000 2 13 0.0544
a range +0 +33000 3 4 0.0555
a range +0 +33000 4 3 0.0555
a range +25200 +33000 13 2 0.0544
a range +0 +33600 1 7 0.0543
a range +0 +33600 7 1 0.0543
a range +26400 +33600 7 13 0.0470
a range +26400 +33600 8 15 0.0469
a range +26400 +33600 9 14 0.0469
a range +26400 +33600 11 15 0.0468
a range +26400 +33600 13 7 0.0470
a range +26400 +33600 14 9 0.0469
a range +26400 +33600 15 8 0.0469
a range +26400 +33600 15 11 0.0468
a range +26400 +34200 4 10 0.0500
a range +26400 +34200 5 9 0.0482
a range +26400 +34200 5 12 0.0499
a range +25800 +34200 5 15 0.0472
a range +26400 +34200 6 11 0.0499
a range +26400 +34200 6 14 0.0479
a range +26400 +34200 8 12 0.0483
a range +26400 +34200 9 5 0.0482
a range +25800 +34200 9 11 0.0468
a range +26400 +34200 10 4 0.0500
a range +26400 +34200 11 6 0.0499
a range +25800 +34200 11 9 0.0468
a range +26400 +34200 12 5 0.0499
a range +26400 +34200 12 8 0.0483
a range +25800 +34200 12 14 0.0469
a range +26400 +34200 14 6 0.0479
a range +25800 +34200 14 12 0.0469
a range +25800 +34200 15 5 0.0472
a range +27000 +34800 1 10 0.0552
a range +25800 +34800 6 8 0.0476
a range +25800 +34800 8 6 0.0476
a range +27000 +34800 10 1 0.0552
a range +0 +34800 13 17 1103.1011
a range +30000 +34800 13 18 1103.1034
a range +0 +34800 17 13 1103.1011
a range +30000 +34800 18 13 1103.1034
a range +0 +36000 2 8 0.0541
a range +0 +36000 8 2 0.0541
a range +0 +36600 1 5 0.0554
a range +0 +36600 5 1 0.0554
a range +29400 +37200 3 14 0.0544
a range +10800 +37200 3 17 1103.2048
a range +30000 +37200 3 18 1103.2012
a range +30000 +37200 4 12 0.0474
a range +30000 +37200 5 11 0.0475
a range +30000 +37200 6 7 0.0468
a range +30000 +37200 6 10 0.0474
a range +30000 +37200 7 6 0.0468
a range +30000 +37200 7 15 0.0478
a range +30000 +37200 8 14 0.0478
a range +30000 +37200 9 10 0.0470
a range +30000 +37200 9 13 0.0478
a range +30000 +37200 10 6 0.0474
a range +30000 +37200 10 9 0.0470
a range +30000 +37200 11 5 0.0475
a range +30000 +37200 12 4 0.0474
a range +30000 +37200 12 13 0.0472
a range +30000 +37200 13 9 0.0478
a range +30000 +37200 13 12 0.0472
a range +29400 +37200 14 3 0.0544
a range +30000 +37200 14 8 0.0478
a range +30000 +37200 15 7 0.0478
a range +10800 +37200 17 3 1103.2048
a range +30000 +37200 18 3 1103.2012
a range +29400 +37800 4 9 0.0469
a range +30000 +37800 4 15 0.0481
a range +29400 +37800 6 13 0.0475
a range +29400 +37800 7 12 0.0470
a range +29400 +37800 9 4 0.0469
a range +29400 +37800 10 15 0.0472
a range +29400 +37800 12 7 0.0470
a range +29400 +37800 13 6 0.0475
a range +30000 +37800 15 4 0.0481
a range +29400 +37800 15 10 0.0472
a range +0 +38400 8 17 1103.2443
a range +30000 +38400 8 18 1103.2378
a range +0 +38400 17 8 1103.2443
a range +30000 +38400 18 8 1103.2378
a range +0 +39600 1 12 0.0540
a range +30600 +39600 2 11 0.0542
a range +0 +39600 3 9 0.0546
a range +0 +39600 9 3 0.0546
a range +30600 +39600 11 2 0.0542
a range +0 +39600 12 1 0.0540
a range +32400 +40200 2 6 0.0543
a range +32400 +40200 6 2 0.0543
a range +33600 +40800 4 8 0.0473
a range +33600 +40800 4 11 0.0482
a range +33600 +40800 5 10 0.0482
a range +33000 +40800 5 13 0.0470
a range +33600 +40800 6 12 0.0482
a range +33600 +40800 7 11 0.0474
a range +33600 +40800 7 14 0.0485
a range +33600 +40800 8 4 0.0473
a range +33600 +40800 8 13 0.0485
a range +33600 +40800 9 15 0.0486
a range +33600 +40800 10 5 0.0482
a range +33600 +40800 10 14 0.0476
a range +33600 +40800 11 4 0.0482
a range +33600 +40800 11 7 0.0474
a range +33600 +40800 12 6 0.0482
a range +33000 +40800 13 5 0.0470
a range +33600 +40800 13 8 0.0485
a range +33600 +40800 14 7 0.0485
a range +33600 +40800 14 10 0.0476
a range +33600 +40800 15 9 0.0486
a range +33000 +41400 4 14 0.0477
a range +33000 +41400 5 7 0.0472
a range +33000 +41400 7 5 0.0472
a range +33000 +41400 8 10 0.0473
a range +33000 +41400 10 8 0.0473
a range +33000 +41400 11 13 0.0474
a range +33000 +41400 13 11 0.0474
a range +33000 +41400 14 4 0.0477
a range +33600 +42000 1 15 0.0549
a range +33600 +42000 15 1 0.0549
a range +21600 +42000 15 17 1103.3874
a range +30000 +42000 15 18 1103.3727
a range +21600 +42000 17 15 1103.3874
a range +30000 +42000 18 15 1103.3727
a range +30600 +42600 1 17 1103.3556
a range +21000 +42600 2 17 1103.4001
a range +40200 +42600 3 17 1103.4080
a range +0 +42600 4 17 1103.3938
a range +0 +42600 5 17 1103.3933
a range +0 +42600 6 17 1103.3766
a range +25200 +42600 7 17 1103.4031
a range +39000 +42600 8 17 1103.3957
a range +0 +42600 9 17 1103.3649
a range +0 +42600 10 17 1103.3814
a range +0 +42600 11 17 1103.3832
a range +0 +42600 12 17 1103.3991
a range +35400 +42600 13 17 1103.3718
a range +0 +42600 14 17 1103.3812
a range +30600 +42600 17 1 1103.3556
a range +21000 +42600 17 2 1103.4001
a range +40200 +42600 17 3 1103.4080
a range +0 +42600 17 4 1103.3938
a range +0 +42600 17 5 1103.3933
a range +0 +42600 17 6 1103.3766
a range +25200 +42600 17 7 1103.4031
a range +39000 +42600 17 8 1103.3957
a range +0 +42600 17 9 1103.3649
a range +0 +42600 17 10 1103.3814
a range +0 +42600 17 11 1103.3832
a range +0 +42600 17 12 1103.3991
a range +35400 +42600 17 13 1103.3718
a range +0 +42600 17 14 1103.3812
a range +34200 +43200 1 7 0.0541
a range +0 +43200 2 10 0.0552
a range +34200 +43200 7 1 0.0541
a range +0 +43200 10 2 0.0552
a range +36600 +44400 3 4 0.0543
a range +36600 +44400 4 3 0.0543
a range +37200 +44400 4 10 0.0489
a range +36600 +44400 5 9 0.0476
a range +36600 +44400 5 12 0.0489
a range +36600 +44400 5 15 0.0467
a range +37200 +44400 6 11 0.0489
a range +36600 +44400 6 14 0.0474
a range +36600 +44400 7 13 0.0492
a range +36600 +44400 8 12 0.0478
a range +36600 +44400 8 15 0.0492
a range +36600 +44400 9 5 0.0476
a range +36600 +44400 9 14 0.0492
a range +37200 +44400 10 4 0.0489
a range +37200 +44400 11 6 0.0489
a range +36600 +44400 11 15 0.0479
a range +36600 +44400 12 5 0.0489
a range +36600 +44400 12 8 0.0478
a range +36600 +44400 13 7 0.0492
a range +36600 +44400 14 6 0.0474
a range +36600 +44400 14 9 0.0492
a range +36600 +44400 15 5 0.0467
a range +36600 +44400 15 8 0.0492
a range +36600 +44400 15 11 0.0479
a range +36600 +45000 6 8 0.0474
a range +36600 +45000 8 6 0.0474
a range +36000 +45000 9 11 0.0475
a range +36000 +45000 11 9 0.0475
a range +36000 +45000 12 14 0.0475
a range +36000 +45000 14 12 0.0475
a range +30000 +45600 7 18 1103.5084
a range +30000 +45600 18 7 1103.5084
a range +0 +46800 1 14 0.0550
a range +30000 +46800 2 18 1103.5617
a range +0 +46800 3 11 0.0554
a range +0 +46800 11 3 0.0554
a range +0 +46800 14 1 0.0550
a range +30000 +46800 18 2 1103.5617
a range +39600 +47400 2 8 0.0547
a range +39600 +47400 8 2 0.0547
a range +40200 +48000 4 12 0.0495
a range +40200 +48000 4 15 0.0477
a range +40200 +48000 5 11 0.0496
a range +40200 +48000 6 7 0.0480
a range +40200 +48000 6 10 0.0495
a range +40200 +48000 6 13 0.0470
a range +40200 +48000 7 6 0.0480
a range +40200 +48000 7 15 0.0498
a range +40200 +48000 8 14 0.0498
a range +40200 +48000 9 10 0.0481
a range +40200 +48000 9 13 0.0498
a range +40200 +48000 10 6 0.0495
a range +40200 +48000 10 9 0.0481
a range +39600 +48000 10 15 0.0467
a range +40200 +48000 11 5 0.0496
a range +40200 +48000 12 4 0.0495
a range +40200 +48000 12 13 0.0482
a range +40200 +48000 13 6 0.0470
a range +40200 +48000 13 9 0.0498
a range +40200 +48000 13 12 0.0482
a range +40200 +48000 14 8 0.0498
a range +40200 +48000 15 4 0.0477
a range +40200 +48000 15 7 0.0498
a range +39600 +48000 15 10 0.0467
a range +39600 +48600 4 9 0.0475
a range +39600 +48600 7 12 0.0476
a range +39600 +48600 9 4 0.0475
a range +39600 +48600 12 7 0.0476
a range +30000 +48600 14 18 1103.6222
a range +30000 +48600 18 14 1103.6222
a range +40800 +49200 1 5 0.0546
a range +40800 +49200 5 1 0.0546
a range +0 +49800 2 15 0.0543
a range +0 +49800 15 2 0.0543
a range +42000 +50400 1 12 0.0547
a range +42000 +50400 12 1 0.0547
a range +43800 +51000 4 11 0.0468
a range +43800 +51000 5 10 0.0468
a range +43800 +51000 6 12 0.0469
a range +43800 +51000 7 11 0.0468
a range +43800 +51000 7 14 0.0472
a range +43800 +51000 8 13 0.0472
a range +43800 +51000 9 15 0.0473
a range +43800 +51000 10 5 0.0468
a range +43800 +51000 10 14 0.0469
a range +43800 +51000 11 4 0.0468
a range +43800 +51000 11 7 0.0468
a range +43800 +51000 12 6 0.0469
a range +43800 +51000 13 8 0.0472
a range +43800 +51000 14 7 0.0472
a range +43800 +51000 14 10 0.0469
a range +43800 +51000 15 9 0.0473
a range +43800 +51600 3 9 0.0542
a range +43800 +51600 4 8 0.0482
a range +43200 +51600 4 14 0.0473
a range +43200 +51600 5 7 0.0467
a range +43800 +51600 5 13 0.0480
a range +43200 +51600 7 5 0.0467
a range +43800 +51600 8 4 0.0482
a range +43200 +51600 8 10 0.0469
a range +43800 +51600 9 3 0.0542
a range +43200 +51600 10 8 0.0469
a range +43200 +51600 11 13 0.0470
a range +43800 +51600 13 5 0.0480
a range +43200 +51600 13 11 0.0470
a range +43200 +51600 14 4 0.0473
a range +30000 +52200 9 18 1103.7597
a range +30000 +52200 18 9 1103.7597
a range +0 +53400 1 4 0.0540
a range +0 +53400 3 13 0.0542
a range +0 +53400 4 1 0.0540
a range +0 +53400 13 3 0.0542
a range +46800 +54600 2 10 0.0549
a range +47400 +54600 4 10 0.0477
a range +47400 +54600 5 9 0.0470
a range +47400 +54600 5 12 0.0477
a range +47400 +54600 6 11 0.0477
a range +47400 +54600 6 14 0.0468
a range +47400 +54600 7 13 0.0481
a range +47400 +54600 8 12 0.0472
a range +47400 +54600 8 15 0.0480
a range +47400 +54600 9 5 0.0470
a range +47400 +54600 9 14 0.0480
a range +46800 +54600 10 2 0.0549
a range +47400 +54600 10 4 0.0477
a range +47400 +54600 11 6 0.0477
a range +47400 +54600 11 15 0.0473
a range +47400 +54600 12 5 0.0477
a range +47400 +54600 12 8 0.0472
a range +47400 +54600 13 7 0.0481
a range +47400 +54600 14 6 0.0468
a range +47400 +54600 14 9 0.0480
a range +47400 +54600 15 8 0.0480
a range +47400 +54600 15 11 0.0473
a range +46800 +55200 5 15 0.0476
a range +46800 +55200 6 8 0.0470
a range +46800 +55200 8 6 0.0470
a range +46800 +55200 9 11 0.0471
a range +46800 +55200 11 9 0.0471
a range +46800 +55200 12 14 0.0472
a range +46800 +55200 14 12 0.0472
a range +46800 +55200 15 5 0.0476
a range +52200 +55800 13 16 1103.9146
a range +35400 +55800 13 18 1103.8986
a range +52200 +55800 16 13 1103.9146
a range +35400 +55800 18 13 1103.8986
a range +48000 +56400 1 7 0.0541
a range +52200 +56400 1 16 1103.9444
a range +30600 +56400 1 18 1103.9292
a range +48000 +56400 7 1 0.0541
a range +52200 +56400 16 1 1103.9444
a range +30600 +56400 18 1 1103.9292
a range +0 +57000 2 5 0.0546
a range +0 +57000 5 2 0.0546
a range +49200 +57600 1 14 0.0551
a range +10200 +57600 3 8 0.0544
a range +10200 +57600 8 3 0.0544
a range +49200 +57600 14 1 0.0551
a range +51000 +58200 4 12 0.0484
a range +50400 +58200 4 15 0.0471
a range +51000 +58200 5 11 0.0485
a range +51000 +58200 6 7 0.0474
a range +51000 +58200 6 10 0.0484
a range +51000 +58200 7 6 0.0474
a range +51000 +58200 7 15 0.0487
a range +51000 +58200 8 14 0.0488
a range +51000 +58200 9 10 0.0475
a range +51000 +58200 9 13 0.0487
a range +51000 +58200 10 6 0.0484
a range +51000 +58200 10 9 0.0475
a range +51000 +58200 11 5 0.0485
a range +51000 +58200 12 4 0.0484
a range +50400 +58200 12 13 0.0477
a range +51000 +58200 13 9 0.0487
a range +50400 +58200 13 12 0.0477
a range +51000 +58200 14 8 0.0488
a range +50400 +58200 15 4 0.0471
a range +51000 +58200 15 7 0.0487
a range +51000 +58800 3 11 0.0541
a range +50400 +58800 4 9 0.0472
a range +50400 +58800 6 13 0.0478
a range +50400 +58800 7 12 0.0473
a range +50400 +58800 9 4 0.0472
a range +50400 +58800 10 15 0.0474
a range +51000 +58800 11 3 0.0541
a range +50400 +58800 12 7 0.0473
a range +50400 +58800 13 6 0.0478
a range +50400 +58800 15 10 0.0474
a range +52200 +59400 8 16 1104.0488
a range +39000 +59400 8 18 1104.0385
a range +52200 +59400 16 8 1104.0488
a range +39000 +59400 18 8 1104.0385
a range +3000 +60600 1 9 0.0550
a range +3600 +60600 3 6 0.0543
a range +3600 +60600 6 3 0.0543
a range +3000 +60600 9 1 0.0550
a range +54000 +61800 2 15 0.0550
a range +54000 +61800 4 8 0.0477
a range +54000 +61800 4 11 0.0491
a range +54000 +61800 4 14 0.0468
a range +54000 +61800 5 10 0.0491
a range +54000 +61800 5 13 0.0475
a range +54000 +61800 6 12 0.0491
a range +54000 +61800 7 11 0.0479
a range +54000 +61800 7 14 0.0494
a range +54000 +61800 8 4 0.0477
a range +54000 +61800 8 13 0.0494
a range +54000 +61800 9 15 0.0494
a range +54000 +61800 10 5 0.0491
a range +54000 +61800 10 14 0.0480
a range +54000 +61800 11 4 0.0491
a range +54000 +61800 11 7 0.0479
a range +54000 +61800 12 6 0.0491
a range +54000 +61800 13 5 0.0475
a range +54000 +61800 13 8 0.0494
a range +54000 +61800 14 4 0.0468
a range +54000 +61800 14 7 0.0494
a range +54000 +61800 14 10 0.0480
a range +54000 +61800 15 2 0.0550
a range +54000 +61800 15 9 0.0494
a range +54000 +62400 5 7 0.0474
a range +54000 +62400 7 5 0.0474
a range +53400 +62400 8 10 0.0475
a range +53400 +62400 10 8 0.0475
a range +53400 +62400 11 13 0.0476
a range +53400 +62400 13 11 0.0476
a range +52200 +62400 15 16 1104.1608
a range +42600 +62400 15 18 1104.1559
a range +52200 +62400 16 15 1104.1608
a range +42600 +62400 18 15 1104.1559
a range +55200 +64200 1 12 0.0541
a range +6600 +64200 2 7 0.0555
a range +16800 +64200 3 10 0.0547
a range +6600 +64200 7 2 0.0555
a range +16800 +64200 10 3 0.0547
a range +55200 +64200 12 1 0.0541
a range +57000 +64800 1 4 0.0551
a range +57000 +64800 4 1 0.0551
a range +57600 +65400 4 10 0.0498
a range +57600 +65400 5 9 0.0481
a range +57600 +65400 5 12 0.0497
a range +57600 +65400 5 15 0.0471
a range +57600 +65400 6 11 0.0497
a range +57600 +65400 6 14 0.0478
a range +57600 +65400 7 13 0.0500
a range +57600 +65400 8 12 0.0482
a range +57600 +65400 8 15 0.0499
a range +57600 +65400 9 5 0.0481
a range +57600 +65400 9 14 0.0499
a range +57600 +65400 10 4 0.0498
a range +57600 +65400 11 6 0.0497
a range +57600 +65400 11 15 0.0483
a range +57600 +65400 12 5 0.0497
a range +57600 +65400 12 8 0.0482
a range +57000 +65400 12 14 0.0468
a range +57600 +65400 13 7 0.0500
a range +57600 +65400 14 6 0.0478
a range +57600 +65400 14 9 0.0499
a range +57000 +65400 14 12 0.0468
a range +57600 +65400 15 5 0.0471
a range +57600 +65400 15 8 0.0499
a range +57600 +65400 15 11 0.0483
a range +57000 +66000 6 8 0.0476
a range +57000 +66000 8 6 0.0476
a range +57000 +66000 9 11 0.0476
a range +57000 +66000 11 9 0.0476
a range +58200 +66600 3 13 0.0551
a range +52200 +66600 3 16 1104.3267
a range +40200 +66600 3 18 1104.3298
a range +58200 +66600 13 3 0.0551
a range +52200 +66600 16 3 1104.3267
a range +40200 +66600 18 3 1104.3298
a range +10200 +67200 1 11 0.0543
a range +10200 +67200 11 1 0.0543
a range +58800 +67800 3 8 0.0549
a range +58800 +67800 8 3 0.0549
a range +61200 +68400 4 12 0.0471
a range +61200 +68400 5 11 0.0472
a range +61200 +68400 6 10 0.0471
a range +61200 +68400 7 15 0.0475
a range +61200 +68400 8 14 0.0475
a range +61200 +68400 9 10 0.0469
a range +61200 +68400 9 13 0.0475
a range +61200 +68400 10 6 0.0471
a range +61200 +68400 10 9 0.0469
a range +61200 +68400 11 5 0.0472
a range +61200 +68400 12 4 0.0471
a range +61200 +68400 12 13 0.0471
a range +61200 +68400 13 9 0.0475
a range +61200 +68400 13 12 0.0471
a range +61200 +68400 14 8 0.0475
a range +61200 +68400 15 7 0.0475
a range +61200 +69000 2 5 0.0548
a range +60600 +69000 4 9 0.0468
a range +61200 +69000 4 15 0.0481
a range +61200 +69000 5 2 0.0548
a range +61200 +69000 6 7 0.0483
a range +60600 +69000 6 13 0.0474
a range +61200 +69000 7 6 0.0483
a range +60600 +69000 7 12 0.0470
a range +60600 +69000 9 4 0.0468
a range +60600 +69000 10 15 0.0471
a range +60600 +69000 12 7 0.0470
a range +60600 +69000 13 6 0.0474
a range +61200 +69000 15 4 0.0481
a range +60600 +69000 15 10 0.0471
a range +52200 +69600 14 16 1104.4319
a range +49200 +69600 14 18 1104.4405
a range +52200 +69600 16 14 1104.4319
a range +49200 +69600 18 14 1104.4405
a range +13800 +70800 2 12 0.0543
a range +13200 +70800 3 15 0.0545
a range +13800 +70800 12 2 0.0543
a range +13200 +70800 15 3 0.0545
a range +64200 +72000 1 9 0.0554
a range +64800 +72000 4 8 0.0471
a range +64800 +72000 4 11 0.0479
a range +64800 +72000 5 10 0.0479
a range +64200 +72000 5 13 0.0469
a range +64800 +72000 6 12 0.0480
a range +64800 +72000 7 11 0.0473
a range +64800 +72000 7 14 0.0482
a range +64800 +72000 8 4 0.0471
a range +64800 +72000 8 13 0.0482
a range +64200 +72000 9 1 0.0554
a range +64800 +72000 9 15 0.0483
a range +64800 +72000 10 5 0.0479
a range +64800 +72000 10 14 0.0475
a range +64800 +72000 11 4 0.0479
a range +64800 +72000 11 7 0.0473
a range +64800 +72000 12 6 0.0480
a range +64200 +72000 13 5 0.0469
a range +64800 +72000 13 8 0.0482
a range +64800 +72000 14 7 0.0482
a range +64800 +72000 14 10 0.0475
a range +64800 +72000 15 9 0.0483
a range +64200 +72600 4 14 0.0476
a range +64200 +72600 5 7 0.0471
a range +64200 +72600 7 5 0.0471
a range +64200 +72600 8 10 0.0472
a range +64200 +72600 10 8 0.0472
a range +64200 +72600 11 13 0.0473
a range +64200 +72600 13 11 0.0473
a range +64200 +72600 14 4 0.0476
a range +52800 +73200 9 16 1104.5688
a range +52800 +73200 9 18 1104.5835
a range +52800 +73200 16 9 1104.5688
a range +52800 +73200 18 9 1104.5835
a range +65400 +73800 3 6 0.0547
a range +65400 +73800 6 3 0.0547
a range +17400 +74400 1 13 0.0553
a range +17400 +74400 13 1 0.0553
a range +27600 +75000 2 4 0.0540
a range +66600 +75000 3 10 0.0555
a range +27600 +75000 4 2 0.0540
a range +66600 +75000 10 3 0.0555
a range +68400 +75600 4 10 0.0487
a range +68400 +75600 5 9 0.0475
a range +68400 +75600 5 12 0.0486
a range +68400 +75600 6 11 0.0486
a range +67800 +75600 6 14 0.0472
a range +67800 +75600 7 13 0.0490
a range +67800 +75600 8 12 0.0477
a range +67800 +75600 8 15 0.0489
a range +68400 +75600 9 5 0.0475
a range +67800 +75600 9 14 0.0489
a range +68400 +75600 10 4 0.0487
a range +68400 +75600 11 6 0.0486
a range +67800 +75600 11 15 0.0478
a range +68400 +75600 12 5 0.0486
a range +67800 +75600 12 8 0.0477
a range +67800 +75600 13 7 0.0490
a range +67800 +75600 14 6 0.0472
a range +67800 +75600 14 9 0.0489
a range +67800 +75600 15 8 0.0489
a range +67800 +75600 15 11 0.0478
a range +68400 +76200 2 7 0.0547
a range +52200 +76200 2 16 1104.6917
a range +50400 +76200 2 18 1104.7107
a range +67800 +76200 5 15 0.0478
a range +67800 +76200 6 8 0.0473
a range +68400 +76200 7 2 0.0547
a range +67800 +76200 8 6 0.0473
a range +67800 +76200 9 11 0.0474
a range +67800 +76200 11 9 0.0474
a range +67200 +76200 12 14 0.0475
a range +67200 +76200 14 12 0.0475
a range +67800 +76200 15 5 0.0478
a range +52200 +76200 16 2 1104.6917
a range +50400 +76200 18 2 1104.7107
a range +56400 +76800 13 16 1104.7069
a range +56400 +76800 13 18 1104.7267
a range +56400 +76800 16 13 1104.7069
a range +56400 +76800 18 13 1104.7267
a range +20400 +78000 2 14 0.0551
a range +20400 +78000 3 5 0.0548
a range +20400 +78000 5 3 0.0548
a range +20400 +78000 14 2 0.0551
a range +60000 +78600 1 18 1104.7653
a range +69600 +78600 3 18 1104.7526
a range +30000 +78600 4 18 1104.7646
a range +30000 +78600 5 18 1104.7838
a range +30000 +78600 6 18 1104.7761
a range +46200 +78600 7 18 1104.7551
a range +60000 +78600 8 18 1104.7957
a range +73800 +78600 9 18 1104.7738
a range +30000 +78600 10 18 1104.7848
a range +30000 +78600 11 18 1104.7655
a range +30000 +78600 12 18 1104.7743
a range +77400 +78600 13 18 1104.7940
a range +70200 +78600 14 18 1104.7535
a range +63000 +78600 15 18 1104.7771
a range +60000 +78600 18 1 1104.7653
a range +69600 +78600 18 3 1104.7526
a range +30000 +78600 18 4 1104.7646
a range +30000 +78600 18 5 1104.7838
a range +30000 +78600 18 6 1104.7761
a range +46200 +78600 18 7 1104.7551
a range +60000 +78600 18 8 1104.7957
a range +73800 +78600 18 9 1104.7738
a range +30000 +78600 18 10 1104.7848
a range +30000 +78600 18 11 1104.7655
a range +30000 +78600 18 12 1104.7743
a range +77400 +78600 18 13 1104.7940
a range +70200 +78600 18 14 1104.7535
a range +63000 +78600 18 15 1104.7771
a range +71400 +79200 1 11 0.0555
a range +71400 +79200 4 12 0.0493
a range +71400 +79200 4 15 0.0476
a range +71400 +79200 5 11 0.0494
a range +71400 +79200 6 7 0.0478
a range +71400 +79200 6 10 0.0493
a range +71400 +79200 6 13 0.0469
a range +71400 +79200 7 6 0.0478
a range +71400 +79200 7 15 0.0496
a range +71400 +79200 8 14 0.0496
a range +71400 +79200 9 10 0.0480
a range +71400 +79200 9 13 0.0496
a range +71400 +79200 10 6 0.0493
a range +71400 +79200 10 9 0.0480
a range +71400 +79200 11 1 0.0555
a range +71400 +79200 11 5 0.0494
a range +71400 +79200 12 4 0.0493
a range +71400 +79200 12 13 0.0481
a range +71400 +79200 13 6 0.0469
a range +71400 +79200 13 9 0.0496
a range +71400 +79200 13 12 0.0481
a range +71400 +79200 14 8 0.0496
a range +71400 +79200 15 4 0.0476
a range +71400 +79200 15 7 0.0496
a range +70800 +79800 4 9 0.0475
a range +70800 +79800 7 12 0.0475
a range +70800 +79800 9 4 0.0475
a range +70800 +79800 10 15 0.0476
a range +70800 +79800 12 7 0.0475
a range +70800 +79800 15 10 0.0476
a range +60000 +80400 8 16 1104.8463
a range +78600 +80400 8 17 1104.8645
a range +60000 +80400 16 8 1104.8463
a range +78600 +80400 17 8 1104.8645
a range +72600 +81000 3 8 0.0542
a range +72600 +81000 8 3 0.0542
a range +24000 +81600 1 6 0.0555
a range +34200 +81600 2 9 0.0543
a range +24000 +81600 6 1 0.0555
a range +34200 +81600 9 2 0.0543
a range +73800 +82200 3 15 0.0558
a range +75000 +82200 7 14 0.0469
a range +75000 +82200 8 13 0.0469
a range +75000 +82200 9 15 0.0470
a range +75000 +82200 10 14 0.0468
a range +75000 +82200 13 8 0.0469
a range +75000 +82200 14 7 0.0469
a range +75000 +82200 14 10 0.0468
a range +73800 +82200 15 3 0.0558
a range +75000 +82200 15 9 0.0470
a range +75000 +82800 4 8 0.0481
a range +75000 +82800 4 11 0.0499
a range +74400 +82800 4 14 0.0472
a range +75000 +82800 5 10 0.0499
a range +75000 +82800 5 13 0.0479
a range +75000 +82800 6 12 0.0499
a range +75000 +82800 7 11 0.0483
a range +75000 +82800 8 4 0.0481
a range +74400 +82800 8 10 0.0468
a range +75000 +82800 10 5 0.0499
a range +74400 +82800 10 8 0.0468
a range +75000 +82800 11 4 0.0499
a range +75000 +82800 11 7 0.0483
a range +74400 +82800 11 13 0.0469
a range +75000 +82800 12 6 0.0499
a range +75000 +82800 13 5 0.0479
a range +74400 +82800 13 11 0.0469
a range +74400 +82800 14 4 0.0472
a range +75600 +83400 2 12 0.0545
a range +74400 +83400 5 7 0.0476
a range +74400 +83400 7 5 0.0476
a range +75600 +83400 12 2 0.0545
a range +63000 +83400 15 16 1104.9633
a range +78600 +83400 15 17 1104.9764
a range +63000 +83400 16 15 1104.9633
a range +78600 +83400 17 15 1104.9764
a range +27600 +84600 3 7 0.0542
a range +27600 +84600 7 3 0.0542
a range +75600 +85200 2 4 0.0552
a range +75600 +85200 4 2 0.0552
a range +60000 +85800 1 16 1105.0649
a range +78600 +85800 1 17 1105.0733
a range +78600 +85800 4 10 0.0474
a range +78600 +85800 5 9 0.0468
a range +78600 +85800 5 12 0.0474
a range +78600 +85800 6 11 0.0474
a range +78600 +85800 7 13 0.0478
a range +78600 +85800 8 12 0.0470
a range +78600 +85800 8 15 0.0477
a range +78600 +85800 9 5 0.0468
a range +78600 +85800 9 14 0.0477
a range +78600 +85800 10 4 0.0474
a range +78600 +85800 11 6 0.0474
a range +78600 +85800 11 15 0.0472
a range +78600 +85800 12 5 0.0474
a range +78600 +85800 12 8 0.0470
a range +78600 +85800 13 7 0.0478
a range +78600 +85800 14 9 0.0477
a range +78600 +85800 15 8 0.0477
a range +78600 +85800 15 11 0.0472
a range +60000 +85800 16 1 1105.0649
a range +78600 +85800 17 1 1105.0733
a range +0 +86400 1 2 0.0565
a range +0 +86400 1 3 0.0565
a range +69000 +86400 1 4 0.0279
a range +51600 +86400 1 5 0.0440
a range +85800 +86400 1 6 0.0500
a range +58800 +86400 1 7 0.0201
a range +31200 +86400 1 8 0.0466
a range +76200 +86400 1 9 0.0513
a range +37800 +86400 1 10 0.0520
a range +83400 +86400 1 11 0.0388
a range +64800 +86400 1 12 0.0316
a range +78600 +86400 1 13 0.0555
a range +61800 +86400 1 14 0.0355
a range +45000 +86400 1 15 0.0296
a range +0 +86400 2 1 0.0565
a range +0 +86400 2 3 0.0565
a range +72600 +86400 2 5 0.0358
a range +45000 +86400 2 6 0.0237
a range +79800 +86400 2 7 0.0396
a range +51600 +86400 2 8 0.0413
a range +83400 +86400 2 9 0.0440
a range +58800 +86400 2 10 0.0097
a range +40800 +86400 2 11 0.0474
a range +37800 +86400 2 13 0.0437
a range +82800 +86400 2 14 0.0419
a range +66000 +86400 2 15 0.0393
a range +79200 +86400 2 16 1105.0472
a range +79200 +86400 2 17 1105.0544
a range +0 +86400 3 1 0.0565
a range +0 +86400 3 2 0.0565
a range +48600 +86400 3 4 0.0327
a range +81000 +86400 3 5 0.0447
a range +76200 +86400 3 6 0.0464
a range +82800 +86400 3 8 0.0365
a range +55200 +86400 3 9 0.0253
a range +79200 +86400 3 10 0.0491
a range +62400 +86400 3 11 0.0382
a range +34800 +86400 3 12 0.0366
a range +69000 +86400 3 13 0.0149
a range +41400 +86400 3 14 0.0468
a range +69600 +86400 3 16 1105.0361
a range +78600 +86400 3 17 1105.0433
a range +69000 +86400 4 1 0.0279
a range +48600 +86400 4 3 0.0327
a range +0 +86400 4 5 0.0449
a range +0 +86400 4 6 0.0449
a range +0 +86400 4 7 0.0356
a range +85200 +86400 4 8 0.0416
a range +81600 +86400 4 9 0.0322
a range +85800 +86400 4 11 0.0358
a range +82200 +86400 4 12 0.0147
a range +0 +86400 4 13 0.0357
a range +85200 +86400 4 14 0.0401
a range +81600 +86400 4 15 0.0340
a range +52200 +86400 4 16 1105.0680
a range +78600 +86400 4 17 1105.0752
a range +51600 +86400 5 1 0.0440
a range +72600 +86400 5 2 0.0358
a range +81000 +86400 5 3 0.0447
a range +0 +86400 5 4 0.0449
a range +0 +86400 5 6 0.0449
a range +85200 +86400 5 7 0.0399
a range +0 +86400 5 8 0.0103
a range +85800 +86400 5 10 0.0358
a range +82200 +86400 5 11 0.0149
a range +85200 +86400 5 13 0.0409
a range +0 +86400 5 14 0.0107
a range +78000 +86400 5 15 0.0475
a range +52200 +86400 5 16 1105.0560
a range +78600 +86400 5 17 1105.0632
a range +85800 +86400 6 1 0.0500
a range +45000 +86400 6 2 0.0237
a range +76200 +86400 6 3 0.0464
a range +0 +86400 6 4 0.0449
a range +0 +86400 6 5 0.0449
a range +82200 +86400 6 7 0.0344
a range +78000 +86400 6 8 0.0469
a range +0 +86400 6 9 0.0256
a range +82200 +86400 6 10 0.0147
a range +85800 +86400 6 12 0.0358
a range +81600 +86400 6 13 0.0331
a range +78600 +86400 6 14 0.0481
a range +0 +86400 6 15 0.0251
a range +52200 +86400 6 16 1105.0488
a range +78600 +86400 6 17 1105.0560
a range +58800 +86400 7 1 0.0201
a range +79800 +86400 7 2 0.0396
a range +0 +86400 7 4 0.0356
a range +85200 +86400 7 5 0.0399
a range +82200 +86400 7 6 0.0344
a range +0 +86400 7 8 0.0449
a range +0 +86400 7 9 0.0449
a range +0 +86400 7 10 0.0358
a range +85200 +86400 7 11 0.0413
a range +81600 +86400 7 12 0.0324
a range +85200 +86400 7 14 0.0351
a range +82200 +86400 7 15 0.0156
a range +52200 +86400 7 16 1105.0805
a range +78600 +86400 7 17 1105.0877
a range +31200 +86400 8 1 0.0466
a range +51600 +86400 8 2 0.0413
a range +82800 +86400 8 3 0.0365
a range +85200 +86400 8 4 0.0416
a range +0 +86400 8 5 0.0103
a range +78000 +86400 8 6 0.0469
a range +0 +86400 8 7 0.0449
a range +0 +86400 8 9 0.0449
a range +85200 +86400 8 10 0.0396
a range +0 +86400 8 11 0.0109
a range +85200 +86400 8 13 0.0351
a range +82200 +86400 8 14 0.0157
a range +81000 +86400 8 16 1105.0506
a range +81000 +86400 8 17 1105.0578
a range +76200 +86400 9 1 0.0513
a range +83400 +86400 9 2 0.0440
a range +55200 +86400 9 3 0.0253
a range +81600 +86400 9 4 0.0322
a range +0 +86400 9 6 0.0256
a range +0 +86400 9 7 0.0449
a range +0 +86400 9 8 0.0449
a range +82200 +86400 9 10 0.0346
a range +78000 +86400 9 11 0.0470
a range +0 +86400 9 12 0.0251
a range +82200 +86400 9 13 0.0155
a range +85200 +86400 9 15 0.0352
a range +73800 +86400 9 16 1105.0417
a range +78600 +86400 9 17 1105.0489
a range +37800 +86400 10 1 0.0520
a range +58800 +86400 10 2 0.0097
a range +79200 +86400 10 3 0.0491
a range +85800 +86400 10 5 0.0358
a range +82200 +86400 10 6 0.0147
a range +0 +86400 10 7 0.0358
a range +85200 +86400 10 8 0.0396
a range +82200 +86400 10 9 0.0346
a range +0 +86400 10 11 0.0449
a range +0 +86400 10 12 0.0449
a range +0 +86400 10 13 0.0359
a range +85200 +86400 10 14 0.0411
a range +81600 +86400 10 15 0.0326
a range +52200 +86400 10 16 1105.0470
a range +78600 +86400 10 17 1105.0542
a range +83400 +86400 11 1 0.0388
a range +40800 +86400 11 2 0.0474
a range +62400 +86400 11 3 0.0382
a range +85800 +86400 11 4 0.0358
a range +82200 +86400 11 5 0.0149
a range +85200 +86400 11 7 0.0413
a range +0 +86400 11 8 0.0109
a range +78000 +86400 11 9 0.0470
a range +0 +86400 11 10 0.0449
a range +0 +86400 11 12 0.0449
a range +84600 +86400 11 13 0.0393
a range +0 +86400 11 14 0.0115
a range +52200 +86400 11 16 1105.0599
a range +78600 +86400 11 17 1105.0671
a range +64800 +86400 12 1 0.0316
a range +34800 +86400 12 3 0.0366
a range +82200 +86400 12 4 0.0147
a range +85800 +86400 12 6 0.0358
a range +81600 +86400 12 7 0.0324
a range +0 +86400 12 9 0.0251
a range +0 +86400 12 10 0.0449
a range +0 +86400 12 11 0.0449
a range +82200 +86400 12 13 0.0348
a range +78000 +86400 12 14 0.0471
a range +0 +86400 12 15 0.0247
a range +52200 +86400 12 16 1105.0659
a range +78600 +86400 12 17 1105.0731
a range +78600 +86400 13 1 0.0555
a range +37800 +86400 13 2 0.0437
a range +69000 +86400 13 3 0.0149
a range +0 +86400 13 4 0.0357
a range +85200 +86400 13 5 0.0409
a range +81600 +86400 13 6 0.0331
a range +85200 +86400 13 8 0.0351
a range +82200 +86400 13 9 0.0155
a range +0 +86400 13 10 0.0359
a range +84600 +86400 13 11 0.0393
a range +82200 +86400 13 12 0.0348
a range +0 +86400 13 14 0.0449
a range +0 +86400 13 15 0.0449
a range +77400 +86400 13 16 1105.0345
a range +78600 +86400 13 17 1105.0417
a range +61800 +86400 14 1 0.0355
a range +82800 +86400 14 2 0.0419
a range +41400 +86400 14 3 0.0468
a range +85200 +86400 14 4 0.0401
a range +0 +86400 14 5 0.0107
a range +78600 +86400 14 6 0.0481
a range +85200 +86400 14 7 0.0351
a range +82200 +86400 14 8 0.0157
a range +85200 +86400 14 10 0.0411
a range +0 +86400 14 11 0.0115
a range +78000 +86400 14 12 0.0471
a range +0 +86400 14 13 0.0449
a range +0 +86400 14 15 0.0449
a range +70200 +86400 14 16 1105.0657
a range +78600 +86400 14 17 1105.0730
a range +45000 +86400 15 1 0.0296
a range +66000 +86400 15 2 0.0393
a range +81600 +86400 15 4 0.0340
a range +78000 +86400 15 5 0.0475
a range +0 +86400 15 6 0.0251
a range +82200 +86400 15 7 0.0156
a range +85200 +86400 15 9 0.0352
a range +81600 +86400 15 10 0.0326
a range +0 +86400 15 12 0.0247
a range +0 +86400 15 13 0.0449
a range +0 +86400 15 14 0.0449
a range +84000 +86400 15 16 1105.0726
a range +84000 +86400 15 17 1105.0798
a range +79200 +86400 16 2 1105.0472
a range +69600 +86400 16 3 1105.0361
a range +52200 +86400 16 4 1105.0680
a range +52200 +86400 16 5 1105.0560
a range +52200 +86400 16 6 1105.0488
a range +52200 +86400 16 7 1105.0805
a range +81000 +86400 16 8 1105.0506
a range +73800 +86400 16 9 1105.0417
a range +52200 +86400 16 10 1105.0470
a range +52200 +86400 16 11 1105.0599
a range +52200 +86400 16 12 1105.0659
a range +77400 +86400 16 13 1105.0345
a range +70200 +86400 16 14 1105.0657
a range +84000 +86400 16 15 1105.0726
a range +79200 +86400 17 2 1105.0544
a range +78600 +86400 17 3 1105.0433
a range +78600 +86400 17 4 1105.0752
a range +78600 +86400 17 5 1105.0632
a range +78600 +86400 17 6 1105.0560
a range +78600 +86400 17 7 1105.0877
a range +81000 +86400 17 8 1105.0578
a range +78600 +86400 17 9 1105.0489
a range +78600 +86400 17 10 1105.0542
a range +78600 +86400 17 11 1105.0671
a range +78600 +86400 17 12 1105.0731
a range +78600 +86400 17 13 1105.0417
a range +78600 +86400 17 14 1105.0730
a range +84000 +86400 17 15 1105.0798
a range +0 +86400 16 19 0.0
a range +0 +86400 19 16 0.0
a range +0 +86400 17 19 0.0
a range +0 +86400 19 17 0.0
a range +0 +86400 18 19 0.0
a range +0 +86400 19 18 0.0
