a contact +3600 +4200 2007 1002 50
a contact +3600 +4200 2012 1003 50
a contact +5400 +6000 2005 1003 50
a contact +6000 +6600 2010 1001 50
a contact +7200 +7800 2004 1002 50
a contact +7200 +7800 2006 1003 50
a contact +10800 +11400 2001 9001 50
a contact +10800 +11400 2008 1001 50
a contact +12000 +12600 2007 1002 50
a contact +20400 +21000 2001 9002 50
a contact +21600 +22200 2008 1001 50
a contact +24000 +24600 2009 1003 50
a contact +28200 +28800 2004 1003 50
a contact +28200 +28800 2009 1001 50
a contact +28800 +29400 2009 1002 50
a contact +30000 +30600 2010 1002 50
a contact +30600 +31200 2003 9003 50
a contact +31800 +32400 2005 1002 50
a contact +31800 +32400 2008 1003 50
a contact +33000 +33600 2005 1002 50
a contact +33000 +33600 2008 1003 50
a contact +34200 +34800 2005 1002 50
a contact +34200 +34800 2008 1003 50
a contact +36000 +36600 2005 1003 50
a contact +36600 +37200 2004 1002 50
a contact +36600 +37200 2006 1003 50
a contact +37200 +37800 2008 1002 50
a contact +38400 +39000 2009 1003 50
a contact +41400 +42000 2004 1001 50
a contact +42600 +43200 2001 9003 50
a contact +43200 +43800 2008 1001 50
a contact +43800 +44400 2010 1001 50
a contact +45000 +45600 2006 1003 50
a contact +45600 +46200 2005 1003 50
a contact +47400 +48000 2012 1002 50
a contact +49200 +49800 2008 1002 50
a contact +49800 +50400 2003 9003 50
a contact +52200 +52800 2003 9001 50
a contact +54600 +55200 2011 1002 50
a contact +56400 +57000 2008 1003 50
a contact +57600 +58200 2008 1003 50
a contact +61200 +61800 2004 1002 50
a contact +61800 +62400 2006 1002 50
a contact +63000 +63600 2009 1003 50
a contact +63600 +64200 2007 1002 50
a contact +65400 +66000 2011 1003 50
a contact +70200 +70800 2006 1003 50
a contact +71400 +72000 2011 1002 50
a contact +73200 +73800 1002 9003 1200
a contact +75600 +76200 2005 1003 50
a contact +76200 +76800 2005 1003 50
a contact +76200 +76800 2011 1001 50
a contact +77400 +78000 2005 1003 50
a contact +77400 +78000 2011 1001 50
a contact +78600 +79200 2005 1003 50
a contact +78600 +79200 2011 1001 50
a contact +80400 +81000 2005 1003 50
a contact +81600 +82200 2008 1002 50
a contact +84600 +85200 2001 9002 50
a contact +85200 +85800 2007 1002 50

a range +3600 +4200 2007 1002 0.0552
a range +3600 +4200 2012 1003 0.0556
a range +5400 +6000 2005 1003 0.0548
a range +6000 +6600 2010 1001 0.0556
a range +7200 +7800 2004 1002 0.0555
a range +7200 +7800 2006 1003 0.0546
a range +10800 +11400 2001 9001 1102.3348
a range +10800 +11400 2008 1001 0.0543
a range +12000 +12600 2007 1002 0.0552
a range +20400 +21000 2001 9002 1103.3938
a range +21600 +22200 2008 1001 0.0543
a range +24000 +24600 2009 1003 0.0543
a range +28200 +28800 2004 1003 0.0542
a range +28200 +28800 2009 1001 0.054
a range +28800 +29400 2009 1002 0.0543
a range +30000 +30600 2010 1002 0.0544
a range +30600 +31200 2003 9003 1104.7761
a range +31800 +32400 2005 1002 0.0541
a range +31800 +32400 2008 1003 0.0554
a range +33000 +33600 2005 1002 0.0541
a range +33000 +33600 2008 1003 0.0554
a range +34200 +34800 2005 1002 0.0541
a range +34200 +34800 2008 1003 0.0554
a range +36000 +36600 2005 1003 0.0544
a range +36600 +37200 2004 1002 0.0555
a range +36600 +37200 2006 1003 0.0546
a range +37200 +37800 2008 1002 0.0542
a range +38400 +39000 2009 1003 0.0366
a range +41400 +42000 2004 1001 0.0541
a range +42600 +43200 2001 9003 1104.7646
a range +43200 +43800 2008 1001 0.0543
a range +43800 +44400 2010 1001 0.0553
a range +45000 +45600 2006 1003 0.0542
a range +45600 +46200 2005 1003 0.0544
a range +47400 +48000 2012 1002 0.0543
a range +49200 +49800 2008 1002 0.0474
a range +49800 +50400 2003 9003 1104.7761
a range +52200 +52800 2003 9001 1105.0488
a range +54600 +55200 2011 1002 0.0551
a range +56400 +57000 2008 1003 0.0541
a range +57600 +58200 2008 1003 0.0541
a range +61200 +61800 2004 1002 0.0555
a range +61800 +62400 2006 1002 0.0543
a range +63000 +63600 2009 1003 0.0366
a range +63600 +64200 2007 1002 0.0097
a range +65400 +66000 2011 1003 0.0468
a range +70200 +70800 2006 1003 0.0253
a range +71400 +72000 2011 1002 0.0551
a range +73200 +73800 1002 9003 1104.7107
a range +75600 +76200 2005 1003 0.0542
a range +76200 +76800 2005 1003 0.0542
a range +76200 +76800 2011 1001 0.0355
a range +77400 +78000 2005 1003 0.0542
a range +77400 +78000 2011 1001 0.0355
a range +78600 +79200 2005 1003 0.0542
a range +78600 +79200 2011 1001 0.0355
a range +80400 +81000 2005 1003 0.0542
a range +81600 +82200 2008 1002 0.0474
a range +84600 +85200 2001 9002 1105.0752
a range +85200 +85800 2007 1002 0.0097

a position +3600 +4200 2007 1002 7267648.13146835 2366603.87958568 234071330.413932 7283433.78309984 2371515.36755163 234071702.435618
a position +3600 +4200 2012 1003 8070114.92947653 2391473.9168625 233966130.982272 8074548.99122509 2395273.36331914 233981730.495232
a position +5400 +6000 2005 1003 8098321.09780867 2395028.01644999 233961716.903864 8104599.46904653 2396106.45289839 233976870.278595
a position +6000 +6600 2010 1001 7972603.20409408 2394588.81537308 233992573.973447 7966994.89561362 2392357.26897508 233977031.251788
a position +7200 +7800 2004 1002 6784713.19466312 2352207.41135404 234136132.525961 6782968.44717796 2356912.90262175 234120279.427235
a position +7200 +7800 2006 1003 7357261.40656314 2379259.10500975 234055132.541182 7359310.13020744 2374017.56427624 234070490.676787
a position +10800 +11400 2001 9001 7909360.51239695 2387807.81549379 233991927.89036 -135989153.766107 3750.98291015625 -63495968.3965652
a position +10800 +11400 2008 1001 6720131.80638458 2360264.40930005 234137980.921828 6704804.21115517 2354825.95832954 234138611.844235
a position +12000 +12600 2007 1002 7267648.13146835 2366603.87958568 234071330.413932 7283433.78309984 2371515.36755163 234071702.435618
a position +20400 +21000 2001 9002 7292485.42446016 2365845.65056225 234069056.350202 -135660364.297881 4196.68310546875 -64226690.0348886
a position +21600 +22200 2008 1001 6720131.80638458 2360264.40930005 234137980.921828 6704804.21115517 2354825.95832954 234138611.844235
a position +24000 +24600 2009 1003 7574251.03809271 2377120.0110334 234033710.172834 7588849.29191242 2380688.53358604 234027480.432493
a position +28200 +28800 2004 1003 6309492.34775002 2337251.62342573 234191637.790708 6309432.4901847 2342717.37271001 234176333.63427
a position +28200 +28800 2009 1001 7363368.22910284 2379158.24283597 234060604.52607 7348320.75058251 2374017.56427624 234057601.919731
a position +28800 +29400 2009 1002 6624947.60649045 2347101.58036424 234148498.314805 6640015.31250528 2352321.33633721 234145221.599552
a position +30000 +30600 2010 1002 7511509.37082176 2383003.96505386 234048505.214595 7506186.78826339 2378604.09895463 234033745.54222
a position +30600 +31200 2003 9003 6448911.47962278 2354661.50561399 234170101.823701 -135215148.854473 -3748.65649414063 -65198444.2041454
a position +31800 +32400 2005 1002 7441682.28020602 2371059.99127587 234056177.535237 7442317.40204645 2376519.44307684 234040908.006286
a position +31800 +32400 2008 1003 7196025.74985683 2373687.79543011 234080995.743215 7180253.71293705 2369012.85326875 234083301.827672
a position +33000 +33600 2005 1002 7441682.28020602 2371059.99127587 234056177.535237 7442317.40204645 2376519.44307684 234040908.006286
a position +33000 +33600 2008 1003 7196025.74985683 2373687.79543011 234080995.743215 7180253.71293705 2369012.85326875 234083301.827672
a position +34200 +34800 2005 1002 7441682.28020602 2371059.99127587 234056177.535237 7442317.40204645 2376519.44307684 234040908.006286
a position +34200 +34800 2008 1003 7196025.74985683 2373687.79543011 234080995.743215 7180253.71293705 2369012.85326875 234083301.827672
a position +36000 +36600 2005 1003 6938433.04776073 2357462.23822337 234118199.464472 6943149.12236517 2361503.40872756 234103109.304454
a position +36600 +37200 2004 1002 6784713.19466312 2352207.41135404 234136132.525961 6782968.44717796 2356912.90262175 234120279.427235
a position +36600 +37200 2006 1003 7357261.40656314 2379259.10500975 234055132.541182 7359310.13020744 2374017.56427624 234070490.676787
a position +37200 +37800 2008 1002 7350161.97370564 2376491.07152776 234060744.306595 7364977.43142895 2374017.56427624 234054529.216332
a position +38400 +39000 2009 1003 6272535.94956748 2335746.75981513 234191317.27253 6271153.34133758 2341464.34189563 234182042.830685
a position +41400 +42000 2004 1001 7273937.92628105 2366499.58736784 234077013.189818 7269340.794344 2371515.36755163 234062307.001039
a position +42600 +43200 2001 9003 6442294.8453471 2342940.52674502 234169487.553228 -135215148.854473 -3748.65649414063 -65198444.2041454
a position +43200 +43800 2008 1001 6720131.80638458 2360264.40930005 234137980.921828 6704804.21115517 2354825.95832954 234138611.844235
a position +43800 +44400 2010 1001 6547095.96293322 2354705.02363973 234164197.788765 6546201.48720882 2349816.39958988 234148394.100799
a position +45000 +45600 2006 1003 7078101.18264463 2363659.57994327 234102261.42925 7071287.57158604 2365675.67421078 234087633.338072
a position +45600 +46200 2005 1003 6938433.04776073 2357462.23822337 234118199.464472 6943149.12236517 2361503.40872756 234103109.304454
a position +47400 +48000 2012 1002 7119643.71256703 2361516.1620761 234084108.402996 7120844.50730539 2366927.18238416 234099425.805757
a position +49200 +49800 2008 1002 6269595.0950494 2348877.50020657 234190629.119586 6257555.63117834 2341464.34189563 234192141.781196
a position +49800 +50400 2003 9003 6448911.47962278 2354661.50561399 234170101.823701 -135215148.854473 -3748.65649414063 -65198444.2041454
a position +52200 +52800 2003 9001 6261807.04816339 2335933.77683364 234190727.782118 -135117043.787059 3750.98291015625 -65403216.9563235
a position +54600 +55200 2011 1002 6462726.00790936 2342659.77219066 234161817.990685 6466250.15204615 2347311.14845328 234177260.790995
a position +56400 +57000 2008 1003 6902596.19552674 2359372.36678712 234114974.787916 6917177.75509219 2360668.85021153 234107988.909372
a position +57600 +58200 2008 1003 6902596.19552674 2359372.36678712 234114974.787916 6917177.75509219 2360668.85021153 234107988.909372
a position +61200 +61800 2004 1002 6784713.19466312 2352207.41135404 234136132.525961 6782968.44717796 2356912.90262175 234120279.427235
a position +61800 +62400 2006 1002 6378856.39739143 2349433.31999134 234171665.197536 6375037.05607594 2344805.58329271 234186808.750253
a position +63000 +63600 2009 1003 6272535.94956748 2335746.75981513 234191317.27253 6271153.34133758 2341464.34189563 234182042.830685
a position +63600 +64200 2007 1002 6259678.36185123 2339768.76566514 234191106.488135 6257555.63117834 2341464.34189563 234192141.781196
a position +65400 +66000 2011 1003 6267656.12625352 2348835.8448062 234193472.120493 6271153.34133758 2341464.34189563 234182042.830685
a position +70200 +70800 2006 1003 6267564.59226036 2335839.41162018 234185652.358892 6271153.34133758 2341464.34189563 234182042.830685
a position +71400 +72000 2011 1002 6462726.00790936 2342659.77219066 234161817.990685 6466250.15204615 2347311.14845328 234177260.790995
a position +73200 +73800 1002 9003 6511406.48874369 2348563.81329742 234170408.893521 -135244496.140835 -3748.65649414063 -65133003.430842
a position +75600 +76200 2005 1003 6392985.41763557 2346979.49625952 234183848.864273 6386431.36994879 2345223.19927783 234169097.834704
a position +76200 +76800 2005 1003 6392985.41763557 2346979.49625952 234183848.864273 6386431.36994879 2345223.19927783 234169097.834704
a position +76200 +76800 2011 1001 6267656.12625352 2348835.8448062 234193472.120493 6273100.43395212 2341464.34189563 234198868.268371
a position +77400 +78000 2005 1003 6392985.41763557 2346979.49625952 234183848.864273 6386431.36994879 2345223.19927783 234169097.834704
a position +77400 +78000 2011 1001 6267656.12625352 2348835.8448062 234193472.120493 6273100.43395212 2341464.34189563 234198868.268371
a position +78600 +79200 2005 1003 6392985.41763557 2346979.49625952 234183848.864273 6386431.36994879 2345223.19927783 234169097.834704
a position +78600 +79200 2011 1001 6267656.12625352 2348835.8448062 234193472.120493 6273100.43395212 2341464.34189563 234198868.268371
a position +80400 +81000 2005 1003 6392985.41763557 2346979.49625952 234183848.864273 6386431.36994879 2345223.19927783 234169097.834704
a position +81600 +82200 2008 1002 6269595.0950494 2348877.50020657 234190629.119586 6257555.63117834 2341464.34189563 234192141.781196
a position +84600 +85200 2001 9002 6274797.36199516 2339505.22420611 234190914.953743 -135125392.026805 4196.68310546875 -65401677.5151614
a position +85200 +85800 2007 1002 6259678.36185123 2339768.76566514 234191106.488135 6257555.63117834 2341464.34189563 234192141.781196
