a contact +0 +600 4 2 6250000
a contact +0 +600 5 2 6250000
a contact +0 +600 8 3 6250000
a contact +0 +600 11 1 6250000
a contact +0 +600 13 3 6250000
a contact +0 +600 15 1 6250000
a contact +600 +1200 11 17 6250000
a contact +600 +1200 15 16 6250000
a contact +1200 +1800 5 2 6250000
a contact +1200 +1800 6 1 6250000
a contact +1200 +1800 7 1 6250000
a contact +1200 +1800 11 3 6250000
a contact +1200 +1800 14 3 6250000
a contact +1200 +1800 15 2 6250000
a contact +1800 +2400 5 17 6250000
a contact +1800 +2400 8 16 6250000
a contact +2400 +3000 5 2 6250000
a contact +2400 +3000 9 3 6250000
a contact +2400 +3000 10 1 6250000
a contact +2400 +3000 12 1 6250000
a contact +2400 +3000 14 2 6250000
a contact +2400 +3000 15 3 6250000
a contact +3000 +3600 13 16 6250000
a contact +3000 +3600 15 17 6250000
a contact +3600 +4200 7 1 6250000
a contact +3600 +4200 9 3 6250000
a contact +3600 +4200 10 1 6250000
a contact +3600 +4200 12 2 6250000
a contact +3600 +4200 14 2 6250000
a contact +3600 +4200 15 3 6250000
a contact +4200 +4800 12 17 6250000
a contact +4200 +4800 15 16 6250000
a contact +4800 +5400 5 1 6250000
a contact +4800 +5400 7 1 6250000
a contact +4800 +5400 8 2 6250000
a contact +4800 +5400 9 3 6250000
a contact +4800 +5400 13 3 6250000
a contact +4800 +5400 15 2 6250000
a contact +5400 +6000 2 17 150000000
a contact +5400 +6000 10 16 6250000
a contact +6000 +6600 8 2 6250000
a contact +6000 +6600 10 1 6250000
a contact +6000 +6600 11 2 6250000
a contact +6000 +6600 13 3 6250000
a contact +6000 +6600 14 1 6250000
a contact +6000 +6600 15 3 6250000
a contact +6600 +7200 2 16 150000000
a contact +6600 +7200 15 17 6250000
a contact +7200 +7800 6 2 6250000
a contact +7200 +7800 8 3 6250000
a contact +7200 +7800 9 1 6250000
a contact +7200 +7800 10 3 6250000
a contact +7200 +7800 14 1 6250000
a contact +7200 +7800 15 2 6250000
a contact +7800 +8400 4 16 6250000
a contact +7800 +8400 14 17 6250000
a contact +8400 +9000 4 1 6250000
a contact +8400 +9000 6 3 6250000
a contact +8400 +9000 8 2 6250000
a contact +8400 +9000 9 3 6250000
a contact +8400 +9000 12 1 6250000
a contact +8400 +9000 13 2 6250000
a contact +9000 +9600 2 17 150000000
a contact +9000 +9600 12 16 6250000
a contact +9600 +10200 5 1 6250000
a contact +9600 +10200 7 3 6250000
a contact +9600 +10200 11 2 6250000
a contact +9600 +10200 12 2 6250000
a contact +9600 +10200 14 3 6250000
a contact +9600 +10200 15 1 6250000
a contact +10200 +10800 5 16 6250000
a contact +10200 +10800 10 17 6250000
a contact +10800 +11400 4 2 6250000
a contact +10800 +11400 7 3 6250000
a contact +10800 +11400 8 1 6250000
a contact +10800 +11400 9 3 6250000
a contact +10800 +11400 13 1 6250000
a contact +10800 +11400 14 2 6250000
a contact +11400 +12000 3 16 150000000
a contact +11400 +12000 13 17 6250000
a contact +12000 +12600 4 3 6250000
a contact +12000 +12600 5 1 6250000
a contact +12000 +12600 8 2 6250000
a contact +12000 +12600 9 2 6250000
a contact +12000 +12600 10 1 6250000
a contact +12000 +12600 13 3 6250000
a contact +12600 +13200 10 17 6250000
a contact +12600 +13200 13 16 6250000
a contact +13200 +13800 7 2 6250000
a contact +13200 +13800 8 2 6250000
a contact +13200 +13800 9 1 6250000
a contact +13200 +13800 10 3 6250000
a contact +13200 +13800 12 3 6250000
a contact +13200 +13800 14 1 6250000
a contact +13800 +14400 1 17 150000000
a contact +13800 +14400 12 16 6250000
a contact +14400 +15000 5 1 6250000
a contact +14400 +15000 6 1 6250000
a contact +14400 +15000 7 2 6250000
a contact +14400 +15000 8 2 6250000
a contact +14400 +15000 10 3 6250000
a contact +14400 +15000 11 3 6250000
a contact +15000 +15600 3 17 150000000
a contact +15000 +15600 15 16 6250000
a contact +15600 +16200 6 2 6250000
a contact +15600 +16200 7 1 6250000
a contact +15600 +16200 9 3 6250000
a contact +15600 +16200 11 1 6250000
a contact +15600 +16200 13 2 6250000
a contact +15600 +16200 15 3 6250000
a contact +16200 +16800 6 17 6250000
a contact +16800 +17400 4 2 6250000
a contact +16800 +17400 10 2 6250000
a contact +16800 +17400 11 3 6250000
a contact +16800 +17400 12 1 6250000
a contact +16800 +17400 13 3 6250000
a contact +16800 +17400 15 1 6250000
a contact +17400 +18000 9 17 6250000
a contact +18000 +18600 7 2 6250000
a contact +18000 +18600 8 3 6250000
a contact +18000 +18600 12 3 6250000
a contact +18000 +18600 13 2 6250000
a contact +18000 +18600 14 1 6250000
a contact +18000 +18600 15 1 6250000
a contact +18600 +19200 9 17 6250000
a contact +19200 +19800 6 3 6250000
a contact +19200 +19800 8 2 6250000
a contact +19200 +19800 10 3 6250000
a contact +19200 +19800 11 1 6250000
a contact +19200 +19800 13 1 6250000
a contact +19200 +19800 15 2 6250000
a contact +19800 +20400 10 17 6250000
a contact +20400 +21000 4 2 6250000
a contact +20400 +21000 5 2 6250000
a contact +20400 +21000 9 1 6250000
a contact +20400 +21000 11 1 6250000
a contact +20400 +21000 13 3 6250000
a contact +20400 +21000 15 3 6250000
a contact +21000 +21600 13 17 6250000
a contact +21600 +22200 4 1 6250000
a contact +21600 +22200 6 2 6250000
a contact +21600 +22200 7 3 6250000
a contact +21600 +22200 9 3 6250000
a contact +21600 +22200 10 2 6250000
a contact +21600 +22200 13 1 6250000
a contact +22200 +22800 8 17 6250000
a contact +22800 +23400 4 3 6250000
a contact +22800 +23400 5 2 6250000
a contact +22800 +23400 12 1 6250000
a contact +22800 +23400 13 1 6250000
a contact +22800 +23400 14 2 6250000
a contact +22800 +23400 15 3 6250000
a contact +23400 +24000 4 17 6250000
a contact +24000 +24600 5 3 6250000
a contact +24000 +24600 6 2 6250000
a contact +24000 +24600 7 1 6250000
a contact +24000 +24600 11 2 6250000
a contact +24000 +24600 12 1 6250000
a contact +24000 +24600 14 3 6250000
a contact +24600 +25200 8 17 6250000
a contact +25200 +25800 4 3 6250000
a contact +25200 +25800 6 1 6250000
a contact +25200 +25800 11 2 6250000
a contact +25200 +25800 13 2 6250000
a contact +25200 +25800 14 1 6250000
a contact +25200 +25800 15 3 6250000
a contact +25800 +26400 2 17 150000000
a contact +26400 +27000 8 2 6250000
a contact +26400 +27000 9 1 6250000
a contact +26400 +27000 12 2 6250000
a contact +26400 +27000 13 3 6250000
a contact +26400 +27000 14 1 6250000
a contact +26400 +27000 15 3 6250000
a contact +27000 +27600 15 17 6250000
a contact +27600 +28200 5 3 6250000
a contact +27600 +28200 7 1 6250000
a contact +27600 +28200 8 2 6250000
a contact +27600 +28200 10 3 6250000
a contact +27600 +28200 12 1 6250000
a contact +27600 +28200 15 2 6250000
a contact +28200 +28800 15 17 6250000
a contact +28800 +29400 5 1 6250000
a contact +28800 +29400 8 2 6250000
a contact +28800 +29400 9 3 6250000
a contact +28800 +29400 10 3 6250000
a contact +28800 +29400 12 1 6250000
a contact +28800 +29400 13 2 6250000
a contact +29400 +30000 11 17 6250000
a contact +30000 +30600 7 2 6250000
a contact +30000 +30600 8 2 6250000
a contact +30000 +30600 10 3 6250000
a contact +30000 +30600 11 1 6250000
a contact +30000 +30600 13 3 6250000
a contact +30000 +30600 14 1 6250000
a contact +30600 +31200 1 18 150000000
a contact +30600 +31200 2 17 150000000
a contact +31200 +31800 4 1 6250000
a contact +31200 +31800 8 2 6250000
a contact +31200 +31800 9 3 6250000
a contact +31200 +31800 11 1 6250000
a contact +31200 +31800 13 2 6250000
a contact +31200 +31800 15 3 6250000
a contact +31800 +32400 6 18 6250000
a contact +31800 +32400 11 17 6250000
a contact +32400 +33000 5 3 6250000
a contact +32400 +33000 7 3 6250000
a contact +32400 +33000 8 2 6250000
a contact +32400 +33000 9 1 6250000
a contact +32400 +33000 12 1 6250000
a contact +32400 +33000 15 2 6250000
a contact +33000 +33600 11 17 6250000
a contact +33000 +33600 15 18 6250000
a contact +33600 +34200 4 2 6250000
a contact +33600 +34200 5 1 6250000
a contact +33600 +34200 9 3 6250000
a contact +33600 +34200 10 2 6250000
a contact +33600 +34200 11 3 6250000
a contact +33600 +34200 14 1 6250000
a contact +34200 +34800 9 17 6250000
a contact +34200 +34800 11 18 6250000
a contact +34800 +35400 8 3 6250000
a contact +34800 +35400 10 3 6250000
a contact +34800 +35400 12 1 6250000
a contact +34800 +35400 13 1 6250000
a contact +34800 +35400 14 2 6250000
a contact +34800 +35400 15 2 6250000
a contact +35400 +36000 1 18 150000000
a contact +35400 +36000 7 17 6250000
a contact +36000 +36600 7 1 6250000
a contact +36000 +36600 8 3 6250000
a contact +36000 +36600 9 3 6250000
a contact +36000 +36600 10 2 6250000
a contact +36000 +36600 12 2 6250000
a contact +36000 +36600 15 1 6250000
a contact +36600 +37200 3 17 150000000
a contact +36600 +37200 11 18 6250000
a contact +37200 +37800 4 1 6250000
a contact +37200 +37800 8 3 6250000
a contact +37200 +37800 11 2 6250000
a contact +37200 +37800 12 2 6250000
a contact +37200 +37800 13 1 6250000
a contact +37200 +37800 15 3 6250000
a contact +37800 +38400 13 18 6250000
a contact +37800 +38400 14 17 6250000
a contact +38400 +39000 6 2 6250000
a contact +38400 +39000 8 3 6250000
a contact +38400 +39000 9 1 6250000
a contact +38400 +39000 10 2 6250000
a contact +38400 +39000 11 3 6250000
a contact +38400 +39000 12 1 6250000
a contact +39000 +39600 1 17 150000000
a contact +39000 +39600 11 18 6250000
a contact +39600 +40200 6 1 6250000
a contact +39600 +40200 8 2 6250000
a contact +39600 +40200 10 2 6250000
a contact +39600 +40200 11 3 6250000
a contact +39600 +40200 13 1 6250000
a contact +39600 +40200 15 3 6250000
a contact +40200 +40800 5 17 6250000
a contact +40200 +40800 15 18 6250000
a contact +40800 +41400 5 2 6250000
a contact +40800 +41400 8 3 6250000
a contact +40800 +41400 9 2 6250000
a contact +40800 +41400 13 3 6250000
a contact +40800 +41400 14 1 6250000
a contact +40800 +41400 15 1 6250000
a contact +41400 +42000 3 17 150000000
a contact +41400 +42000 9 18 6250000
a contact +42000 +42600 4 2 6250000
a contact +42000 +42600 5 1 6250000
a contact +42000 +42600 6 3 6250000
a contact +42000 +42600 12 2 6250000
a contact +42000 +42600 13 1 6250000
a contact +42000 +42600 14 3 6250000
a contact +42600 +43200 2 18 150000000
a contact +43200 +43800 5 2 6250000
a contact +43200 +43800 8 1 6250000
a contact +43200 +43800 11 3 6250000
a contact +43200 +43800 12 3 6250000
a contact +43200 +43800 13 1 6250000
a contact +43200 +43800 14 2 6250000
a contact +43800 +44400 15 18 6250000
a contact +44400 +45000 4 1 6250000
a contact +44400 +45000 8 3 6250000
a contact +44400 +45000 10 1 6250000
a contact +44400 +45000 11 2 6250000
a contact +44400 +45000 12 2 6250000
a contact +44400 +45000 14 3 6250000
a contact +45000 +45600 15 18 6250000
a contact +45600 +46200 7 3 6250000
a contact +45600 +46200 8 2 6250000
a contact +45600 +46200 10 1 6250000
a contact +45600 +46200 11 3 6250000
a contact +45600 +46200 12 1 6250000
a contact +45600 +46200 13 2 6250000
a contact +46200 +46800 7 18 6250000
a contact +46800 +47400 8 2 6250000
a contact +46800 +47400 9 3 6250000
a contact +46800 +47400 10 1 6250000
a contact +46800 +47400 11 1 6250000
a contact +46800 +47400 12 2 6250000
a contact +46800 +47400 13 3 6250000
a contact +47400 +48000 15 18 6250000
a contact +48000 +48600 6 3 6250000
a contact +48000 +48600 9 1 6250000
a contact +48000 +48600 11 2 6250000
a contact +48000 +48600 13 3 6250000
a contact +48000 +48600 14 2 6250000
a contact +48000 +48600 15 1 6250000
a contact +48600 +49200 8 18 6250000
a contact +49200 +49800 7 3 6250000
a contact +49200 +49800 9 3 6250000
a contact +49200 +49800 10 1 6250000
a contact +49200 +49800 11 1 6250000
a contact +49200 +49800 12 2 6250000
a contact +49200 +49800 14 2 6250000
a contact +49800 +50400 8 18 6250000
a contact +50400 +51000 4 3 6250000
a contact +50400 +51000 7 1 6250000
a contact +50400 +51000 10 2 6250000
a contact +50400 +51000 11 1 6250000
a contact +50400 +51000 14 2 6250000
a contact +50400 +51000 15 3 6250000
a contact +51000 +51600 14 18 6250000
a contact +51600 +52200 5 2 6250000
a contact +51600 +52200 9 1 6250000
a contact +51600 +52200 11 3 6250000
a contact +51600 +52200 12 3 6250000
a contact +51600 +52200 13 1 6250000
a contact +51600 +52200 14 2 6250000
a contact +52200 +52800 12 18 6250000
a contact +52200 +52800 15 16 6250000
a contact +52800 +53400 4 3 6250000
a contact +52800 +53400 6 2 6250000
a contact +52800 +53400 8 1 6250000
a contact +52800 +53400 12 3 6250000
a contact +52800 +53400 14 2 6250000
a contact +52800 +53400 15 1 6250000
a contact +53400 +54000 6 16 6250000
a contact +53400 +54000 14 18 6250000
a contact +54000 +54600 4 2 6250000
a contact +54000 +54600 5 2 6250000
a contact +54000 +54600 6 3 6250000
a contact +54000 +54600 7 1 6250000
a contact +54000 +54600 10 1 6250000
a contact +54000 +54600 14 3 6250000
a contact +54600 +55200 4 18 6250000
a contact +54600 +55200 11 16 6250000
a contact +55200 +55800 4 3 6250000
a contact +55200 +55800 6 2 6250000
a contact +55200 +55800 7 1 6250000
a contact +55200 +55800 10 3 6250000
a contact +55200 +55800 12 2 6250000
a contact +55200 +55800 15 1 6250000
a contact +55800 +56400 4 18 6250000
a contact +55800 +56400 8 16 6250000
a contact +56400 +57000 4 2 6250000
a contact +56400 +57000 5 3 6250000
a contact +56400 +57000 7 3 6250000
a contact +56400 +57000 8 1 6250000
a contact +56400 +57000 12 2 6250000
a contact +56400 +57000 15 1 6250000
a contact +57000 +57600 6 16 6250000
a contact +57000 +57600 9 18 6250000
a contact +57600 +58200 5 1 6250000
a contact +57600 +58200 9 3 6250000
a contact +57600 +58200 11 1 6250000
a contact +57600 +58200 12 3 6250000
a contact +57600 +58200 13 2 6250000
a contact +57600 +58200 15 2 6250000
a contact +58200 +58800 6 18 6250000
a contact +58200 +58800 14 16 6250000
a contact +58800 +59400 8 3 6250000
a contact +58800 +59400 9 2 6250000
a contact +58800 +59400 10 1 6250000
a contact +58800 +59400 12 3 6250000
a contact +58800 +59400 13 2 6250000
a contact +58800 +59400 15 1 6250000
a contact +59400 +60000 5 18 6250000
a contact +59400 +60000 11 16 6250000
a contact +60000 +60600 4 3 6250000
a contact +60000 +60600 8 3 6250000
a contact +60000 +60600 9 1 6250000
a contact +60000 +60600 10 1 6250000
a contact +60000 +60600 13 2 6250000
a contact +60000 +60600 15 2 6250000
a contact +60600 +61200 5 18 6250000
a contact +60600 +61200 8 16 6250000
a contact +61200 +61800 4 3 6250000
a contact +61200 +61800 9 2 6250000
a contact +61200 +61800 10 1 6250000
a contact +61200 +61800 11 2 6250000
a contact +61200 +61800 12 1 6250000
a contact +61200 +61800 14 3 6250000
a contact +61800 +62400 4 18 6250000
a contact +61800 +62400 11 16 6250000
a contact +62400 +63000 4 1 6250000
a contact +62400 +63000 6 2 6250000
a contact +62400 +63000 8 1 6250000
a contact +62400 +63000 9 3 6250000
a contact +62400 +63000 10 2 6250000
a contact +62400 +63000 13 3 6250000
a contact +63000 +63600 3 18 150000000
a contact +63000 +63600 13 16 6250000
a contact +63600 +64200 4 2 6250000
a contact +63600 +64200 6 1 6250000
a contact +63600 +64200 7 3 6250000
a contact +63600 +64200 8 1 6250000
a contact +63600 +64200 14 2 6250000
a contact +63600 +64200 15 3 6250000
a contact +64200 +64800 10 18 6250000
a contact +64200 +64800 15 16 6250000
a contact +64800 +65400 5 1 6250000
a contact +64800 +65400 6 2 6250000
a contact +64800 +65400 8 3 6250000
a contact +64800 +65400 11 3 6250000
a contact +64800 +65400 13 2 6250000
a contact +64800 +65400 15 1 6250000
a contact +65400 +66000 14 18 6250000
a contact +65400 +66000 15 16 6250000
a contact +66000 +66600 8 1 6250000
a contact +66000 +66600 11 1 6250000
a contact +66000 +66600 12 3 6250000
a contact +66000 +66600 13 2 6250000
a contact +66000 +66600 14 3 6250000
a contact +66000 +66600 15 2 6250000
a contact +66600 +67200 2 16 150000000
a contact +66600 +67200 8 18 6250000
a contact +67200 +67800 5 3 6250000
a contact +67200 +67800 6 1 6250000
a contact +67200 +67800 9 2 6250000
a contact +67200 +67800 10 3 6250000
a contact +67200 +67800 12 1 6250000
a contact +67200 +67800 15 2 6250000
a contact +67800 +68400 9 18 6250000
a contact +67800 +68400 13 16 6250000
a contact +68400 +69000 7 2 6250000
a contact +68400 +69000 8 1 6250000
a contact +68400 +69000 9 3 6250000
a contact +68400 +69000 10 3 6250000
a contact +68400 +69000 12 2 6250000
a contact +68400 +69000 13 1 6250000
a contact +69000 +69600 2 16 150000000
a contact +69000 +69600 15 18 6250000
a contact +69600 +70200 7 3 6250000
a contact +69600 +70200 9 1 6250000
a contact +69600 +70200 10 3 6250000
a contact +69600 +70200 12 2 6250000
a contact +69600 +70200 14 2 6250000
a contact +69600 +70200 15 1 6250000
a contact +70200 +70800 3 18 150000000
a contact +70200 +70800 11 16 6250000
a contact +70800 +71400 5 3 6250000
a contact +70800 +71400 8 2 6250000
a contact +70800 +71400 9 1 6250000
a contact +70800 +71400 12 1 6250000
a contact +70800 +71400 13 3 6250000
a contact +70800 +71400 14 2 6250000
a contact +71400 +72000 7 18 6250000
a contact +71400 +72000 15 16 6250000
a contact +72000 +72600 6 1 6250000
a contact +72000 +72600 9 3 6250000
a contact +72000 +72600 10 2 6250000
a contact +72000 +72600 12 3 6250000
a contact +72000 +72600 14 1 6250000
a contact +72000 +72600 15 2 6250000
a contact +72600 +73200 4 16 6250000
a contact +72600 +73200 11 18 6250000
a contact +73200 +73800 4 2 6250000
a contact +73200 +73800 8 1 6250000
a contact +73200 +73800 10 2 6250000
a contact +73200 +73800 12 3 6250000
a contact +73200 +73800 14 3 6250000
a contact +73200 +73800 15 1 6250000
a contact +73800 +74400 2 16 150000000
a contact +73800 +74400 4 18 6250000
a contact +74400 +75000 4 1 6250000
a contact +74400 +75000 5 2 6250000
a contact +74400 +75000 6 2 6250000
a contact +74400 +75000 10 3 6250000
a contact +74400 +75000 13 3 6250000
a contact +74400 +75000 15 1 6250000
a contact +75000 +75600 3 18 150000000
a contact +75000 +75600 8 16 6250000
a contact +75600 +76200 5 1 6250000
a contact +75600 +76200 6 2 6250000
a contact +75600 +76200 7 3 6250000
a contact +75600 +76200 8 1 6250000
a contact +75600 +76200 12 3 6250000
a contact +75600 +76200 13 2 6250000
a contact +76200 +76800 1 18 150000000
a contact +76200 +76800 5 16 6250000
a contact +76800 +77400 4 3 6250000
a contact +76800 +77400 9 1 6250000
a contact +76800 +77400 10 2 6250000
a contact +76800 +77400 11 2 6250000
a contact +76800 +77400 14 1 6250000
a contact +76800 +77400 15 3 6250000
a contact +77400 +78000 4 18 6250000
a contact +77400 +78000 15 16 6250000
a contact +78000 +78600 4 2 6250000
a contact +78000 +78600 5 2 6250000
a contact +78000 +78600 8 3 6250000
a contact +78000 +78600 9 3 6250000
a contact +78000 +78600 12 1 6250000
a contact +78000 +78600 15 1 6250000
a contact +78600 +79200 14 17 6250000
a contact +78600 +79200 15 16 6250000
a contact +79200 +79800 4 3 6250000
a contact +79200 +79800 5 1 6250000
a contact +79200 +79800 9 2 6250000
a contact +79200 +79800 10 2 6250000
a contact +79200 +79800 13 3 6250000
a contact +79200 +79800 15 1 6250000
a contact +79800 +80400 8 17 6250000
a contact +79800 +80400 9 16 6250000
a contact +80400 +81000 4 3 6250000
a contact +80400 +81000 5 1 6250000
a contact +80400 +81000 7 2 6250000
a contact +80400 +81000 11 2 6250000
a contact +80400 +81000 12 3 6250000
a contact +80400 +81000 13 1 6250000
a contact +81000 +81600 1 17 150000000
a contact +81000 +81600 2 16 150000000
a contact +81600 +82200 5 1 6250000
a contact +81600 +82200 7 2 6250000
a contact +81600 +82200 9 1 6250000
a contact +81600 +82200 11 2 6250000
a contact +81600 +82200 12 3 6250000
a contact +81600 +82200 15 3 6250000
a contact +82200 +82800 5 16 6250000
a contact +82200 +82800 13 17 6250000
a contact +82800 +83400 7 2 6250000
a contact +82800 +83400 8 1 6250000
a contact +82800 +83400 9 1 6250000
a contact +82800 +83400 10 3 6250000
a contact +82800 +83400 13 3 6250000
a contact +82800 +83400 14 2 6250000
a contact +83400 +84000 5 17 6250000
a contact +83400 +84000 11 16 6250000
a contact +84000 +84600 6 3 6250000
a contact +84000 +84600 7 1 6250000
a contact +84000 +84600 8 2 6250000
a contact +84000 +84600 9 1 6250000
a contact +84000 +84600 13 2 6250000
a contact +84000 +84600 14 3 6250000
a contact +84600 +85200 9 17 6250000
a contact +84600 +85200 10 16 6250000
a contact +85200 +85800 4 1 6250000
a contact +85200 +85800 6 2 6250000
a contact +85200 +85800 7 1 6250000
a contact +85200 +85800 8 2 6250000
a contact +85200 +85800 12 3 6250000
a contact +85200 +85800 13 3 6250000
a contact +85800 +86400 11 17 6250000
a contact +85800 +86400 14 16 6250000
a contact +0 +86400 16 19 100000000000
a contact +0 +86400 19 16 100000000000
a contact +0 +86400 17 19 100000000000
a contact +0 +86400 19 17 100000000000
a contact +0 +86400 18 19 100000000000
a contact +0 +86400 19 18 100000000000

a range +0 +600 4 2 0.0545
a range +0 +600 5 2 0.0546
a range +0 +600 8 3 0.0548
a range +0 +600 11 1 0.0555
a range +0 +600 13 3 0.0542
a range +0 +600 15 1 0.0553
a range +600 +1200 11 17 1103.3832
a range +600 +1200 15 16 1102.3445
a range +1200 +1800 5 2 0.0546
a range +1200 +1800 6 1 0.0546
a range +1200 +1800 7 1 0.0543
a range +1200 +1800 11 3 0.0554
a range +1200 +1800 14 3 0.0553
a range +1200 +1800 15 2 0.0543
a range +1800 +2400 5 17 1103.3933
a range +1800 +2400 8 16 1102.3646
a range +2400 +3000 5 2 0.0546
a range +2400 +3000 9 3 0.0546
a range +2400 +3000 10 1 0.0545
a range +2400 +3000 12 1 0.054
a range +2400 +3000 14 2 0.0544
a range +2400 +3000 15 3 0.0556
a range +3000 +3600 13 16 1102.3667
a range +3000 +3600 15 17 1102.5575
a range +3600 +4200 7 1 0.0543
a range +3600 +4200 9 3 0.0546
a range +3600 +4200 10 1 0.0545
a range +3600 +4200 12 2 0.0548
a range +3600 +4200 14 2 0.0544
a range +3600 +4200 15 3 0.0556
a range +4200 +4800 12 17 1103.3991
a range +4200 +4800 15 16 1102.3445
a range +4800 +5400 5 1 0.0554
a range +4800 +5400 7 1 0.0543
a range +4800 +5400 8 2 0.0541
a range +4800 +5400 9 3 0.0546
a range +4800 +5400 13 3 0.0542
a range +4800 +5400 15 2 0.0543
a range +5400 +6000 2 17 1102.4258
a range +5400 +6000 10 16 1102.3566
a range +6000 +6600 8 2 0.0541
a range +6000 +6600 10 1 0.0545
a range +6000 +6600 11 2 0.0543
a range +6000 +6600 13 3 0.0542
a range +6000 +6600 14 1 0.055
a range +6000 +6600 15 3 0.0556
a range +6600 +7200 2 16 1102.3712
a range +6600 +7200 15 17 1102.5575
a range +7200 +7800 6 2 0.0546
a range +7200 +7800 8 3 0.0548
a range +7200 +7800 9 1 0.055
a range +7200 +7800 10 3 0.0543
a range +7200 +7800 14 1 0.055
a range +7200 +7800 15 2 0.0543
a range +7800 +8400 4 16 1102.3348
a range +7800 +8400 14 17 1103.3812
a range +8400 +9000 4 1 0.054
a range +8400 +9000 6 3 0.0543
a range +8400 +9000 8 2 0.0541
a range +8400 +9000 9 3 0.0546
a range +8400 +9000 12 1 0.054
a range +8400 +9000 13 2 0.0543
a range +9000 +9600 2 17 1102.4258
a range +9000 +9600 12 16 1102.3435
a range +9600 +10200 5 1 0.0554
a range +9600 +10200 7 3 0.0549
a range +9600 +10200 11 2 0.0543
a range +9600 +10200 12 2 0.0548
a range +9600 +10200 14 3 0.0553
a range +9600 +10200 15 1 0.0553
a range +10200 +10800 5 16 1102.3538
a range +10200 +10800 10 17 1103.3814
a range +10800 +11400 4 2 0.0545
a range +10800 +11400 7 3 0.0549
a range +10800 +11400 8 1 0.0555
a range +10800 +11400 9 3 0.0546
a range +10800 +11400 13 1 0.0556
a range +10800 +11400 14 2 0.0546
a range +11400 +12000 3 16 1102.3509
a range +11400 +12000 13 17 1103.1011
a range +12000 +12600 4 3 0.0555
a range +12000 +12600 5 1 0.0554
a range +12000 +12600 8 2 0.0541
a range +12000 +12600 9 2 0.0553
a range +12000 +12600 10 1 0.0545
a range +12000 +12600 13 3 0.0542
a range +12600 +13200 10 17 1103.3814
a range +12600 +13200 13 16 1102.3667
a range +13200 +13800 7 2 0.0555
a range +13200 +13800 8 2 0.0541
a range +13200 +13800 9 1 0.055
a range +13200 +13800 10 3 0.0543
a range +13200 +13800 12 3 0.0543
a range +13200 +13800 14 1 0.055
a range +13800 +14400 1 17 1102.7998
a range +13800 +14400 12 16 1102.3435
a range +14400 +15000 5 1 0.0554
a range +14400 +15000 6 1 0.0554
a range +14400 +15000 7 2 0.0555
a range +14400 +15000 8 2 0.0541
a range +14400 +15000 10 3 0.0543
a range +14400 +15000 11 3 0.0554
a range +15000 +15600 3 17 1103.2048
a range +15000 +15600 15 16 1102.3445
a range +15600 +16200 6 2 0.0546
a range +15600 +16200 7 1 0.0543
a range +15600 +16200 9 3 0.0546
a range +15600 +16200 11 1 0.0543
a range +15600 +16200 13 2 0.0543
a range +15600 +16200 15 3 0.0545
a range +16200 +16800 6 17 1103.3766
a range +16800 +17400 4 2 0.0543
a range +16800 +17400 10 2 0.0552
a range +16800 +17400 11 3 0.0554
a range +16800 +17400 12 1 0.054
a range +16800 +17400 13 3 0.0542
a range +16800 +17400 15 1 0.0553
a range +17400 +18000 9 17 1103.3649
a range +18000 +18600 7 2 0.0555
a range +18000 +18600 8 3 0.0544
a range +18000 +18600 12 3 0.0543
a range +18000 +18600 13 2 0.0543
a range +18000 +18600 14 1 0.055
a range +18000 +18600 15 1 0.0553
a range +18600 +19200 9 17 1103.3649
a range +19200 +19800 6 3 0.0543
a range +19200 +19800 8 2 0.0541
a range +19200 +19800 10 3 0.0547
a range +19200 +19800 11 1 0.0543
a range +19200 +19800 13 1 0.0553
a range +19200 +19800 15 2 0.0543
a range +19800 +20400 10 17 1103.3814
a range +20400 +21000 4 2 0.0543
a range +20400 +21000 5 2 0.0546
a range +20400 +21000 9 1 0.055
a range +20400 +21000 11 1 0.0543
a range +20400 +21000 13 3 0.0542
a range +20400 +21000 15 3 0.0545
a range +21000 +21600 13 17 1103.1011
a range +21600 +22200 4 1 0.054
a range +21600 +22200 6 2 0.0546
a range +21600 +22200 7 3 0.0559
a range +21600 +22200 9 3 0.0546
a range +21600 +22200 10 2 0.0552
a range +21600 +22200 13 1 0.0553
a range +22200 +22800 8 17 1103.2443
a range +22800 +23400 4 3 0.0555
a range +22800 +23400 5 2 0.0546
a range +22800 +23400 12 1 0.054
a range +22800 +23400 13 1 0.0553
a range +22800 +23400 14 2 0.0551
a range +22800 +23400 15 3 0.0545
a range +23400 +24000 4 17 1103.3938
a range +24000 +24600 5 3 0.0548
a range +24000 +24600 6 2 0.0546
a range +24000 +24600 7 1 0.0543
a range +24000 +24600 11 2 0.0558
a range +24000 +24600 12 1 0.054
a range +24000 +24600 14 3 0.0553
a range +24600 +25200 8 17 1103.2443
a range +25200 +25800 4 3 0.0555
a range +25200 +25800 6 1 0.0555
a range +25200 +25800 11 2 0.0558
a range +25200 +25800 13 2 0.0544
a range +25200 +25800 14 1 0.055
a range +25200 +25800 15 3 0.0545
a range +25800 +26400 2 17 1103.4001
a range +26400 +27000 8 2 0.0541
a range +26400 +27000 9 1 0.055
a range +26400 +27000 12 2 0.0543
a range +26400 +27000 13 3 0.0542
a range +26400 +27000 14 1 0.055
a range +26400 +27000 15 3 0.0545
a range +27000 +27600 15 17 1103.3874
a range +27600 +28200 5 3 0.0548
a range +27600 +28200 7 1 0.0543
a range +27600 +28200 8 2 0.0541
a range +27600 +28200 10 3 0.0547
a range +27600 +28200 12 1 0.054
a range +27600 +28200 15 2 0.0543
a range +28200 +28800 15 17 1103.3874
a range +28800 +29400 5 1 0.0554
a range +28800 +29400 8 2 0.0541
a range +28800 +29400 9 3 0.0546
a range +28800 +29400 10 3 0.0547
a range +28800 +29400 12 1 0.054
a range +28800 +29400 13 2 0.0544
a range +29400 +30000 11 17 1103.3832
a range +30000 +30600 7 2 0.0555
a range +30000 +30600 8 2 0.0541
a range +30000 +30600 10 3 0.0547
a range +30000 +30600 11 1 0.0543
a range +30000 +30600 13 3 0.0542
a range +30000 +30600 14 1 0.055
a range +30600 +31200 1 18 1103.9292
a range +30600 +31200 2 17 1103.4001
a range +31200 +31800 4 1 0.054
a range +31200 +31800 8 2 0.0541
a range +31200 +31800 9 3 0.0546
a range +31200 +31800 11 1 0.0543
a range +31200 +31800 13 2 0.0544
a range +31200 +31800 15 3 0.0545
a range +31800 +32400 6 18 1104.7761
a range +31800 +32400 11 17 1103.3832
a range +32400 +33000 5 3 0.0548
a range +32400 +33000 7 3 0.0542
a range +32400 +33000 8 2 0.0541
a range +32400 +33000 9 1 0.055
a range +32400 +33000 12 1 0.054
a range +32400 +33000 15 2 0.0543
a range +33000 +33600 11 17 1103.3832
a range +33000 +33600 15 18 1103.3727
a range +33600 +34200 4 2 0.054
a range +33600 +34200 5 1 0.0554
a range +33600 +34200 9 3 0.0546
a range +33600 +34200 10 2 0.0552
a range +33600 +34200 11 3 0.0554
a range +33600 +34200 14 1 0.055
a range +34200 +34800 9 17 1103.3649
a range +34200 +34800 11 18 1104.7655
a range +34800 +35400 8 3 0.0544
a range +34800 +35400 10 3 0.0547
a range +34800 +35400 12 1 0.054
a range +34800 +35400 13 1 0.0553
a range +34800 +35400 14 2 0.0551
a range +34800 +35400 15 2 0.0543
a range +35400 +36000 1 18 1103.9292
a range +35400 +36000 7 17 1103.4031
a range +36000 +36600 7 1 0.0541
a range +36000 +36600 8 3 0.0544
a range +36000 +36600 9 3 0.0546
a range +36000 +36600 10 2 0.0552
a range +36000 +36600 12 2 0.0543
a range +36000 +36600 15 1 0.0549
a range +36600 +37200 3 17 1103.2048
a range +36600 +37200 11 18 1104.7655
a range +37200 +37800 4 1 0.054
a range +37200 +37800 8 3 0.0544
a range +37200 +37800 11 2 0.0542
a range +37200 +37800 12 2 0.0543
a range +37200 +37800 13 1 0.0553
a range +37200 +37800 15 3 0.0545
a range +37800 +38400 13 18 1103.8986
a range +37800 +38400 14 17 1103.3812
a range +38400 +39000 6 2 0.0543
a range +38400 +39000 8 3 0.0544
a range +38400 +39000 9 1 0.055
a range +38400 +39000 10 2 0.0552
a range +38400 +39000 11 3 0.0554
a range +38400 +39000 12 1 0.054
a range +39000 +39600 1 17 1103.3556
a range +39000 +39600 11 18 1104.7655
a range +39600 +40200 6 1 0.0555
a range +39600 +40200 8 2 0.0547
a range +39600 +40200 10 2 0.0552
a range +39600 +40200 11 3 0.0554
a range +39600 +40200 13 1 0.0553
a range +39600 +40200 15 3 0.0545
a range +40200 +40800 5 17 1103.3933
a range +40200 +40800 15 18 1103.3727
a range +40800 +41400 5 2 0.0546
a range +40800 +41400 8 3 0.0544
a range +40800 +41400 9 2 0.0543
a range +40800 +41400 13 3 0.0542
a range +40800 +41400 14 1 0.055
a range +40800 +41400 15 1 0.0549
a range +41400 +42000 3 17 1103.408
a range +41400 +42000 9 18 1103.7597
a range +42000 +42600 4 2 0.054
a range +42000 +42600 5 1 0.0546
a range +42000 +42600 6 3 0.0543
a range +42000 +42600 12 2 0.0543
a range +42000 +42600 13 1 0.0553
a range +42000 +42600 14 3 0.0468
a range +42600 +43200 2 18 1103.5617
a range +43200 +43800 5 2 0.0546
a range +43200 +43800 8 1 0.0466
a range +43200 +43800 11 3 0.0554
a range +43200 +43800 12 3 0.0366
a range +43200 +43800 13 1 0.0553
a range +43200 +43800 14 2 0.0551
a range +43800 +44400 15 18 1104.1559
a range +44400 +45000 4 1 0.054
a range +44400 +45000 8 3 0.0544
a range +44400 +45000 10 1 0.052
a range +44400 +45000 11 2 0.0474
a range +44400 +45000 12 2 0.0543
a range +44400 +45000 14 3 0.0468
a range +45000 +45600 15 18 1104.1559
a range +45600 +46200 7 3 0.0542
a range +45600 +46200 8 2 0.0547
a range +45600 +46200 10 1 0.052
a range +45600 +46200 11 3 0.0554
a range +45600 +46200 12 1 0.0547
a range +45600 +46200 13 2 0.0437
a range +46200 +46800 7 18 1104.7551
a range +46800 +47400 8 2 0.0547
a range +46800 +47400 9 3 0.0542
a range +46800 +47400 10 1 0.052
a range +46800 +47400 11 1 0.0543
a range +46800 +47400 12 2 0.0543
a range +46800 +47400 13 3 0.0542
a range +47400 +48000 15 18 1104.1559
a range +48000 +48600 6 3 0.0543
a range +48000 +48600 9 1 0.055
a range +48000 +48600 11 2 0.0474
a range +48000 +48600 13 3 0.0542
a range +48000 +48600 14 2 0.0551
a range +48000 +48600 15 1 0.0296
a range +48600 +49200 8 18 1104.0385
a range +49200 +49800 7 3 0.0542
a range +49200 +49800 9 3 0.0542
a range +49200 +49800 10 1 0.052
a range +49200 +49800 11 1 0.0543
a range +49200 +49800 12 2 0.0543
a range +49200 +49800 14 2 0.0551
a range +49800 +50400 8 18 1104.0385
a range +50400 +51000 4 3 0.0327
a range +50400 +51000 7 1 0.0541
a range +50400 +51000 10 2 0.0549
a range +50400 +51000 11 1 0.0543
a range +50400 +51000 14 2 0.0551
a range +50400 +51000 15 3 0.0545
a range +51000 +51600 14 18 1104.4405
a range +51600 +52200 5 2 0.0546
a range +51600 +52200 9 1 0.055
a range +51600 +52200 11 3 0.0541
a range +51600 +52200 12 3 0.0366
a range +51600 +52200 13 1 0.0553
a range +51600 +52200 14 2 0.0551
a range +52200 +52800 12 18 1104.7743
a range +52200 +52800 15 16 1104.1608
a range +52800 +53400 4 3 0.0327
a range +52800 +53400 6 2 0.0237
a range +52800 +53400 8 1 0.0466
a range +52800 +53400 12 3 0.0366
a range +52800 +53400 14 2 0.0551
a range +52800 +53400 15 1 0.0296
a range +53400 +54000 6 16 1105.0488
a range +53400 +54000 14 18 1104.4405
a range +54000 +54600 4 2 0.054
a range +54000 +54600 5 2 0.0546
a range +54000 +54600 6 3 0.0543
a range +54000 +54600 7 1 0.0541
a range +54000 +54600 10 1 0.052
a range +54000 +54600 14 3 0.0468
a range +54600 +55200 4 18 1104.7646
a range +54600 +55200 11 16 1105.0599
a range +55200 +55800 4 3 0.0327
a range +55200 +55800 6 2 0.0237
a range +55200 +55800 7 1 0.0541
a range +55200 +55800 10 3 0.0547
a range +55200 +55800 12 2 0.0543
a range +55200 +55800 15 1 0.0296
a range +55800 +56400 4 18 1104.7646
a range +55800 +56400 8 16 1104.0488
a range +56400 +57000 4 2 0.054
a range +56400 +57000 5 3 0.0548
a range +56400 +57000 7 3 0.0542
a range +56400 +57000 8 1 0.0466
a range +56400 +57000 12 2 0.0543
a range +56400 +57000 15 1 0.0296
a range +57000 +57600 6 16 1105.0488
a range +57000 +57600 9 18 1104.5835
a range +57600 +58200 5 1 0.044
a range +57600 +58200 9 3 0.0253
a range +57600 +58200 11 1 0.0543
a range +57600 +58200 12 3 0.0366
a range +57600 +58200 13 2 0.0437
a range +57600 +58200 15 2 0.055
a range +58200 +58800 6 18 1104.7761
a range +58200 +58800 14 16 1104.4319
a range +58800 +59400 8 3 0.0549
a range +58800 +59400 9 2 0.0543
a range +58800 +59400 10 1 0.052
a range +58800 +59400 12 3 0.0366
a range +58800 +59400 13 2 0.0437
a range +58800 +59400 15 1 0.0296
a range +59400 +60000 5 18 1104.7838
a range +59400 +60000 11 16 1105.0599
a range +60000 +60600 4 3 0.0327
a range +60000 +60600 8 3 0.0549
a range +60000 +60600 9 1 0.055
a range +60000 +60600 10 1 0.052
a range +60000 +60600 13 2 0.0437
a range +60000 +60600 15 2 0.055
a range +60600 +61200 5 18 1104.7838
a range +60600 +61200 8 16 1104.8463
a range +61200 +61800 4 3 0.0327
a range +61200 +61800 9 2 0.0543
a range +61200 +61800 10 1 0.052
a range +61200 +61800 11 2 0.0474
a range +61200 +61800 12 1 0.0541
a range +61200 +61800 14 3 0.0468
a range +61800 +62400 4 18 1104.7646
a range +61800 +62400 11 16 1105.0599
a range +62400 +63000 4 1 0.0551
a range +62400 +63000 6 2 0.0237
a range +62400 +63000 8 1 0.0466
a range +62400 +63000 9 3 0.0253
a range +62400 +63000 10 2 0.0097
a range +62400 +63000 13 3 0.0551
a range +63000 +63600 3 18 1104.3298
a range +63000 +63600 13 16 1104.7069
a range +63600 +64200 4 2 0.054
a range +63600 +64200 6 1 0.0555
a range +63600 +64200 7 3 0.0542
a range +63600 +64200 8 1 0.0466
a range +63600 +64200 14 2 0.0551
a range +63600 +64200 15 3 0.0545
a range +64200 +64800 10 18 1104.7848
a range +64200 +64800 15 16 1104.9633
a range +64800 +65400 5 1 0.044
a range +64800 +65400 6 2 0.0237
a range +64800 +65400 8 3 0.0549
a range +64800 +65400 11 3 0.0382
a range +64800 +65400 13 2 0.0437
a range +64800 +65400 15 1 0.0296
a range +65400 +66000 14 18 1104.4405
a range +65400 +66000 15 16 1104.9633
a range +66000 +66600 8 1 0.0466
a range +66000 +66600 11 1 0.0543
a range +66000 +66600 12 3 0.0366
a range +66000 +66600 13 2 0.0437
a range +66000 +66600 14 3 0.0468
a range +66000 +66600 15 2 0.0393
a range +66600 +67200 2 16 1104.6917
a range +66600 +67200 8 18 1104.7957
a range +67200 +67800 5 3 0.0548
a range +67200 +67800 6 1 0.0555
a range +67200 +67800 9 2 0.0543
a range +67200 +67800 10 3 0.0555
a range +67200 +67800 12 1 0.0316
a range +67200 +67800 15 2 0.0393
a range +67800 +68400 9 18 1104.5835
a range +67800 +68400 13 16 1104.7069
a range +68400 +69000 7 2 0.0547
a range +68400 +69000 8 1 0.0466
a range +68400 +69000 9 3 0.0253
a range +68400 +69000 10 3 0.0555
a range +68400 +69000 12 2 0.0543
a range +68400 +69000 13 1 0.0553
a range +69000 +69600 2 16 1104.6917
a range +69000 +69600 15 18 1104.7771
a range +69600 +70200 7 3 0.0542
a range +69600 +70200 9 1 0.0554
a range +69600 +70200 10 3 0.0555
a range +69600 +70200 12 2 0.0543
a range +69600 +70200 14 2 0.0551
a range +69600 +70200 15 1 0.0296
a range +70200 +70800 3 18 1104.7526
a range +70200 +70800 11 16 1105.0599
a range +70800 +71400 5 3 0.0548
a range +70800 +71400 8 2 0.0413
a range +70800 +71400 9 1 0.0554
a range +70800 +71400 12 1 0.0316
a range +70800 +71400 13 3 0.0149
a range +70800 +71400 14 2 0.0551
a range +71400 +72000 7 18 1104.7551
a range +71400 +72000 15 16 1104.9633
a range +72000 +72600 6 1 0.0555
a range +72000 +72600 9 3 0.0253
a range +72000 +72600 10 2 0.0097
a range +72000 +72600 12 3 0.0366
a range +72000 +72600 14 1 0.0355
a range +72000 +72600 15 2 0.0393
a range +72600 +73200 4 16 1105.068
a range +72600 +73200 11 18 1104.7655
a range +73200 +73800 4 2 0.054
a range +73200 +73800 8 1 0.0466
a range +73200 +73800 10 2 0.0097
a range +73200 +73800 12 3 0.0366
a range +73200 +73800 14 3 0.0468
a range +73200 +73800 15 1 0.0296
a range +73800 +74400 2 16 1104.6917
a range +73800 +74400 4 18 1104.7646
a range +74400 +75000 4 1 0.0279
a range +74400 +75000 5 2 0.0358
a range +74400 +75000 6 2 0.0237
a range +74400 +75000 10 3 0.0555
a range +74400 +75000 13 3 0.0149
a range +74400 +75000 15 1 0.0296
a range +75000 +75600 3 18 1104.7526
a range +75000 +75600 8 16 1104.8463
a range +75600 +76200 5 1 0.044
a range +75600 +76200 6 2 0.0237
a range +75600 +76200 7 3 0.0542
a range +75600 +76200 8 1 0.0466
a range +75600 +76200 12 3 0.0366
a range +75600 +76200 13 2 0.0437
a range +76200 +76800 1 18 1104.7653
a range +76200 +76800 5 16 1105.056
a range +76800 +77400 4 3 0.0327
a range +76800 +77400 9 1 0.0513
a range +76800 +77400 10 2 0.0097
a range +76800 +77400 11 2 0.0474
a range +76800 +77400 14 1 0.0355
a range +76800 +77400 15 3 0.0558
a range +77400 +78000 4 18 1104.7646
a range +77400 +78000 15 16 1104.9633
a range +78000 +78600 4 2 0.0552
a range +78000 +78600 5 2 0.0358
a range +78000 +78600 8 3 0.0542
a range +78000 +78600 9 3 0.0253
a range +78000 +78600 12 1 0.0316
a range +78000 +78600 15 1 0.0296
a range +78600 +79200 14 17 1105.073
a range +78600 +79200 15 16 1104.9633
a range +79200 +79800 4 3 0.0327
a range +79200 +79800 5 1 0.044
a range +79200 +79800 9 2 0.0543
a range +79200 +79800 10 2 0.0097
a range +79200 +79800 13 3 0.0149
a range +79200 +79800 15 1 0.0296
a range +79800 +80400 8 17 1104.8645
a range +79800 +80400 9 16 1105.0417
a range +80400 +81000 4 3 0.0327
a range +80400 +81000 5 1 0.044
a range +80400 +81000 7 2 0.0396
a range +80400 +81000 11 2 0.0474
a range +80400 +81000 12 3 0.0366
a range +80400 +81000 13 1 0.0555
a range +81000 +81600 1 17 1105.0733
a range +81000 +81600 2 16 1105.0472
a range +81600 +82200 5 1 0.044
a range +81600 +82200 7 2 0.0396
a range +81600 +82200 9 1 0.0513
a range +81600 +82200 11 2 0.0474
a range +81600 +82200 12 3 0.0366
a range +81600 +82200 15 3 0.0558
a range +82200 +82800 5 16 1105.056
a range +82200 +82800 13 17 1105.0417
a range +82800 +83400 7 2 0.0396
a range +82800 +83400 8 1 0.0466
a range +82800 +83400 9 1 0.0513
a range +82800 +83400 10 3 0.0491
a range +82800 +83400 13 3 0.0149
a range +82800 +83400 14 2 0.0419
a range +83400 +84000 5 17 1105.0632
a range +83400 +84000 11 16 1105.0599
a range +84000 +84600 6 3 0.0464
a range +84000 +84600 7 1 0.0201
a range +84000 +84600 8 2 0.0413
a range +84000 +84600 9 1 0.0513
a range +84000 +84600 13 2 0.0437
a range +84000 +84600 14 3 0.0468
a range +84600 +85200 9 17 1105.0489
a range +84600 +85200 10 16 1105.047
a range +85200 +85800 4 1 0.0279
a range +85200 +85800 6 2 0.0237
a range +85200 +85800 7 1 0.0201
a range +85200 +85800 8 2 0.0413
a range +85200 +85800 12 3 0.0366
a range +85200 +85800 13 3 0.0149
a range +85800 +86400 11 17 1105.0671
a range +85800 +86400 14 16 1105.0657
a range +0 +86400 16 19 0.0
a range +0 +86400 19 16 0.0
a range +0 +86400 17 19 0.0
a range +0 +86400 19 17 0.0
a range +0 +86400 18 19 0.0
a range +0 +86400 19 18 0.0
