a contact +0 +600 2001 2004 1000
a contact +0 +600 2002 2003 1000
a contact +0 +600 2003 2002 1000
a contact +0 +600 2004 2001 1000
a contact +600 +1200 2003 3001 1000
a contact +600 +1200 3001 2003 1000
a contact +1200 +1800 2002 3001 1000
a contact +1200 +1800 3001 2002 1000
a contact +1800 +2400 1001 3001 1000
a contact +1800 +2400 3001 1001 1000
a contact +1200 +2900 2001 2004 1000
a contact +1200 +2900 2004 2001 1000
a contact +2400 +3200 2002 2003 1000
a contact +2400 +3200 2003 2002 1000
a contact +2900 +3800 1001 3001 1000
a contact +3200 +3800 2002 2004 1000
a contact +3200 +3800 2004 2002 1000
a contact +2900 +3800 3001 1001 1000
a contact +3800 +4400 2002 3001 1000
a contact +3800 +4400 3001 2002 1000
a contact +3200 +5000 2001 2003 1000
a contact +3200 +5000 2003 2001 1000
a contact +4400 +5000 2004 3001 1000
a contact +4400 +5000 3001 2004 1000
a contact +5000 +5600 1001 3001 1000
a contact +5000 +5600 2002 2004 1000
a contact +5000 +5600 2004 2002 1000
a contact +5000 +5600 3001 1001 1000
a contact +5600 +6200 2001 2003 1000
a contact +5600 +6200 2003 2001 1000
a contact +6200 +6800 2002 2003 1000
a contact +6200 +6800 2003 2002 1000
a contact +5600 +6800 2004 3001 1000
a contact +5600 +6800 3001 2004 1000
a contact +6800 +7200 2001 2003 1000
a contact +6800 +7200 2002 3001 1000
a contact +6800 +7200 2003 2001 1000
a contact +6800 +7200 3001 2002 1000
a contact +7200 +7800 2003 3001 1000
a contact +7200 +7800 3001 2003 1000
a contact +7800 +8300 1001 3001 1000
a contact +7200 +8300 2002 2004 1000
a contact +7200 +8300 2004 2002 1000
a contact +7800 +8300 3001 1001 1000
a contact +8300 +8900 2001 2004 1000
a contact +8300 +8900 2003 3001 1000
a contact +8300 +8900 2004 2001 1000
a contact +8300 +8900 3001 2003 1000
a contact +8900 +9500 1001 3001 1000
a contact +8900 +9500 2002 2003 1000
a contact +8900 +9500 2003 2002 1000
a contact +8900 +9500 3001 1001 1000
a contact +9500 +10000 2002 3001 1000
a contact +9500 +10000 3001 2002 1000
a contact +10000 +10600 2003 3001 1000
a contact +10000 +10600 3001 2003 1000
a contact +10600 +11200 2002 3001 1000
a contact +10600 +11200 3001 2002 1000
a contact +11200 +11800 2003 3001 1000
a contact +11200 +11800 3001 2003 1000
a contact +11800 +12400 2002 3001 1000
a contact +11800 +12400 3001 2002 1000
a contact +9500 +12600 2001 2004 1000
a contact +12400 +12600 2002 2003 1000
a contact +12400 +12600 2003 2002 1000
a contact +9500 +12600 2004 2001 1000
a contact +12400 +13100 1001 3001 1000
a contact +12600 +13100 2001 2003 1000
a contact +12600 +13100 2002 2004 1000
a contact +12600 +13100 2003 2001 1000
a contact +12600 +13100 2004 2002 1000
a contact +12400 +13100 3001 1001 1000
a contact +13100 +13500 2004 3001 1000
a contact +13100 +13500 3001 2004 1000
a contact +13500 +14100 2001 3001 1000
a contact +13100 +14100 2002 2003 1000
a contact +13100 +14100 2003 2002 1000
a contact +13500 +14100 3001 2001 1000
a contact +14100 +14700 2002 2004 1000
a contact +14100 +14700 2003 3001 1000
a contact +14100 +14700 2004 2002 1000
a contact +14100 +14700 3001 2003 1000
a contact +14700 +15300 2002 2003 1000
a contact +14700 +15300 2003 2002 1000
a contact +14700 +15300 2004 3001 1000
a contact +14700 +15300 3001 2004 1000
a contact +15300 +15700 2002 2004 1000
a contact +15300 +15700 2004 2002 1000
a contact +15300 +16300 2001 3001 1000
a contact +15700 +16300 2002 2003 1000
a contact +15700 +16300 2003 2002 1000
a contact +15300 +16300 3001 2001 1000
a contact +16300 +16900 1001 3001 1000
a contact +16300 +16900 2002 2004 1000
a contact +16300 +16900 2004 2002 1000
a contact +16300 +16900 3001 1001 1000
a contact +16900 +17500 2001 2003 1000
a contact +16900 +17500 2003 2001 1000
a contact +16900 +17500 2004 3001 1000
a contact +16900 +17500 3001 2004 1000
a contact +17500 +17800 2001 3001 1000
a contact +17500 +17800 3001 2001 1000
a contact +17800 +18400 2004 3001 1000
a contact +17800 +18400 3001 2004 1000
a contact +18400 +19600 2001 3001 1000
a contact +17500 +19600 2002 2003 1000
a contact +17500 +19600 2003 2002 1000
a contact +18400 +19600 3001 2001 1000
a contact +19600 +20200 2001 2004 1000
a contact +19600 +20200 2002 3001 1000
a contact +19600 +20200 2004 2001 1000
a contact +19600 +20200 3001 2002 1000
a contact +20200 +20500 2002 2003 1000
a contact +20200 +20500 2003 2002 1000
a contact +20200 +20500 2004 3001 1000
a contact +20200 +20500 3001 2004 1000
a contact +20500 +21100 2001 2004 1000
a contact +20500 +21100 2003 3001 1000
a contact +20500 +21100 2004 2001 1000
a contact +20500 +21100 3001 2003 1000
a contact +21100 +21700 1001 3001 1000
a contact +21100 +21700 2002 2003 1000
a contact +21100 +21700 2003 2002 1000
a contact +21100 +21700 3001 1001 1000
a contact +21700 +22000 2001 2004 1000
a contact +21700 +22000 2002 3001 1000
a contact +21700 +22000 2004 2001 1000
a contact +21700 +22000 3001 2002 1000
a contact +22000 +22600 2003 3001 1000
a contact +22000 +22600 3001 2003 1000
a contact +22600 +23200 2001 3001 1000
a contact +22000 +23200 2002 2004 1000
a contact +22000 +23200 2004 2002 1000
a contact +22600 +23200 3001 2001 1000
a contact +23200 +23800 2002 3001 1000
a contact +23200 +23800 3001 2002 1000
a contact +23200 +24400 2001 2003 1000
a contact +23200 +24400 2003 2001 1000
a contact +23800 +24400 2004 3001 1000
a contact +23800 +24400 3001 2004 1000
a contact +24400 +25000 2001 3001 1000
a contact +24400 +25000 2002 2004 1000
a contact +24400 +25000 2004 2002 1000
a contact +24400 +25000 3001 2001 1000
a contact +25000 +25600 2001 2003 1000
a contact +25000 +25600 2002 3001 1000
a contact +25000 +25600 2003 2001 1000
a contact +25000 +25600 3001 2002 1000
a contact +25600 +25800 2002 2004 1000
a contact +25600 +25800 2003 3001 1000
a contact +25600 +25800 2004 2002 1000
a contact +25600 +25800 3001 2003 1000
a contact +25800 +26400 2001 2003 1000
a contact +25800 +26400 2003 2001 1000
a contact +25800 +26400 2004 3001 1000
a contact +25800 +26400 3001 2004 1000
a contact +26400 +27000 1001 3001 1000
a contact +26400 +27000 3001 1001 1000
a contact +26400 +27200 2002 2004 1000
a contact +26400 +27200 2004 2002 1000
a contact +27000 +27800 2001 3001 1000
a contact +27200 +27800 2002 2003 1000
a contact +27200 +27800 2003 2002 1000
a contact +27000 +27800 3001 2001 1000
a contact +27800 +28400 2002 3001 1000
a contact +27800 +28400 3001 2002 1000
a contact +27800 +29000 2001 2004 1000
a contact +28400 +29000 2003 3001 1000
a contact +27800 +29000 2004 2001 1000
a contact +28400 +29000 3001 2003 1000
a contact +29000 +29600 2002 2003 1000
a contact +29000 +29600 2003 2002 1000
a contact +29000 +29600 2004 3001 1000
a contact +29000 +29600 3001 2004 1000
a contact +29600 +30200 1001 3001 1000
a contact +29600 +30200 2001 2004 1000
a contact +29600 +30200 2004 2001 1000
a contact +29600 +30200 3001 1001 1000
a contact +30200 +30800 2001 3001 1000
a contact +30200 +30800 2002 2003 1000
a contact +30200 +30800 2003 2002 1000
a contact +30200 +30800 3001 2001 1000
a contact +30800 +31100 2001 2004 1000
a contact +30800 +31100 2003 3001 1000
a contact +30800 +31100 2004 2001 1000
a contact +30800 +31100 3001 2003 1000
a contact +31100 +31500 1001 3001 1000
a contact +31100 +31500 2002 2003 1000
a contact +31100 +31500 2003 2002 1000
a contact +31100 +31500 3001 1001 1000
a contact +31500 +32100 2001 2003 1000
a contact +31500 +32100 2002 3001 1000
a contact +31500 +32100 2003 2001 1000
a contact +31500 +32100 3001 2002 1000
a contact +32100 +32700 2003 3001 1000
a contact +32100 +32700 3001 2003 1000
a contact +32700 +33300 2001 3001 1000
a contact +32100 +33300 2002 2004 1000
a contact +32100 +33300 2004 2002 1000
a contact +32700 +33300 3001 2001 1000
a contact +33300 +33900 2004 3001 1000
a contact +33300 +33900 3001 2004 1000
a contact +33300 +34500 2001 2003 1000
a contact +33900 +34500 2002 3001 1000
a contact +33300 +34500 2003 2001 1000
a contact +33900 +34500 3001 2002 1000
a contact +34500 +35100 2002 2004 1000
a contact +34500 +35100 2003 3001 1000
a contact +34500 +35100 2004 2002 1000
a contact +34500 +35100 3001 2003 1000
a contact +35100 +35700 2001 2003 1000
a contact +35100 +35700 2003 2001 1000
a contact +35100 +35700 2004 3001 1000
a contact +35100 +35700 3001 2004 1000
a contact +35700 +35900 2001 3001 1000
a contact +35700 +35900 2002 2004 1000
a contact +35700 +35900 2004 2002 1000
a contact +35700 +35900 3001 2001 1000
a contact +35900 +36400 1001 3001 1000
a contact +35900 +36400 2001 2003 1000
a contact +35900 +36400 2003 2001 1000
a contact +35900 +36400 3001 1001 1000
a contact +36400 +36600 2002 2004 1000
a contact +36400 +36600 2004 2002 1000
a contact +36400 +37200 2001 3001 1000
a contact +36400 +37200 3001 2001 1000
a contact +37200 +37800 1001 3001 1000
a contact +37200 +37800 3001 1001 1000
a contact +37800 +38400 2004 3001 1000
a contact +37800 +38400 3001 2004 1000
a contact +38400 +38900 2001 3001 1000
a contact +36600 +38900 2002 2003 1000
a contact +36600 +38900 2003 2002 1000
a contact +38400 +38900 3001 2001 1000
a contact +38900 +39500 1001 3001 1000
a contact +38900 +39500 3001 1001 1000
a contact +39500 +40100 2003 3001 1000
a contact +39500 +40100 3001 2003 1000
a contact +40100 +40200 1001 3001 1000
a contact +40100 +40200 3001 1001 1000
a contact +40200 +40800 2002 3001 1000
a contact +40200 +40800 3001 2002 1000
a contact +38900 +40900 2001 2004 1000
a contact +40800 +40900 2003 3001 1000
a contact +38900 +40900 2004 2001 1000
a contact +40800 +40900 3001 2003 1000
a contact +40900 +41500 2001 2003 1000
a contact +40900 +41500 2003 2001 1000
a contact +40900 +41500 2004 3001 1000
a contact +40900 +41500 3001 2004 1000
a contact +41500 +41700 2001 3001 1000
a contact +41500 +41700 3001 2001 1000
a contact +41500 +42300 2002 2004 1000
a contact +41700 +42300 2003 3001 1000
a contact +41500 +42300 2004 2002 1000
a contact +41700 +42300 3001 2003 1000
a contact +42300 +42900 2001 2003 1000
a contact +42300 +42900 2002 3001 1000
a contact +42300 +42900 2003 2001 1000
a contact +42300 +42900 3001 2002 1000
a contact +42900 +43400 2001 3001 1000
a contact +42900 +43400 2002 2004 1000
a contact +42900 +43400 2004 2002 1000
a contact +42900 +43400 3001 2001 1000
a contact +43400 +43600 2004 3001 1000
a contact +43400 +43600 3001 2004 1000
a contact +43600 +44200 1001 3001 1000
a contact +43400 +44200 2001 2003 1000
a contact +43400 +44200 2003 2001 1000
a contact +43600 +44200 3001 1001 1000
a contact +44200 +44800 2003 3001 1000
a contact +44200 +44800 3001 2003 1000
a contact +44800 +45400 2001 3001 1000
a contact +44200 +45400 2002 2004 1000
a contact +44200 +45400 2004 2002 1000
a contact +44800 +45400 3001 2001 1000
a contact +45400 +46000 2001 2003 1000
a contact +45400 +46000 2003 2001 1000
a contact +45400 +46000 2004 3001 1000
a contact +45400 +46000 3001 2004 1000
a contact +46000 +46100 2001 2004 1000
a contact +46000 +46100 2003 3001 1000
a contact +46000 +46100 2004 2001 1000
a contact +46000 +46100 3001 2003 1000
a contact +46100 +46700 1001 3001 1000
a contact +46100 +46700 3001 1001 1000
a contact +46700 +47300 2001 3001 1000
a contact +46700 +47300 3001 2001 1000
a contact +47300 +47900 2004 3001 1000
a contact +47300 +47900 3001 2004 1000
a contact +47900 +48500 2001 3001 1000
a contact +47900 +48500 3001 2001 1000
a contact +48500 +49100 1001 3001 1000
a contact +48500 +49100 3001 1001 1000
a contact +46100 +49400 2002 2003 1000
a contact +46100 +49400 2003 2002 1000
a contact +49100 +49400 2004 3001 1000
a contact +49100 +49400 3001 2004 1000
a contact +49400 +50000 2003 3001 1000
a contact +49400 +50000 3001 2003 1000
a contact +50000 +50300 1001 3001 1000
a contact +49400 +50300 2001 2004 1000
a contact +49400 +50300 2004 2001 1000
a contact +50000 +50300 3001 1001 1000
a contact +50300 +50900 2001 3001 1000
a contact +50300 +50900 3001 2001 1000
a contact +50300 +51500 2002 2004 1000
a contact +50900 +51500 2003 3001 1000
a contact +50300 +51500 2004 2002 1000
a contact +50900 +51500 3001 2003 1000
a contact +51500 +52100 2001 2003 1000
a contact +51500 +52100 2003 2001 1000
a contact +51500 +52100 2004 3001 1000
a contact +51500 +52100 3001 2004 1000
a contact +52100 +52700 1001 3001 1000
a contact +52100 +52700 2001 2004 1000
a contact +52100 +52700 2004 2001 1000
a contact +52100 +52700 3001 1001 1000
a contact +52700 +53300 2002 2004 1000
a contact +52700 +53300 2003 3001 1000
a contact +52700 +53300 2004 2002 1000
a contact +52700 +53300 3001 2003 1000
a contact +53300 +53700 2001 2004 1000
a contact +53300 +53700 2004 2001 1000
a contact +53300 +54300 1001 3001 1000
a contact +53300 +54300 3001 1001 1000
a contact +53700 +54900 2001 2003 1000
a contact +53700 +54900 2003 2001 1000
a contact +54300 +54900 2004 3001 1000
a contact +54300 +54900 3001 2004 1000
a contact +54900 +55400 2001 3001 1000
a contact +54900 +55400 2002 2004 1000
a contact +54900 +55400 2004 2002 1000
a contact +54900 +55400 3001 2001 1000
a contact +55400 +56000 2003 3001 1000
a contact +55400 +56000 3001 2003 1000
a contact +56000 +56500 1001 3001 1000
a contact +55400 +56500 2001 2004 1000
a contact +55400 +56500 2004 2001 1000
a contact +56000 +56500 3001 1001 1000
a contact +56500 +57100 2001 3001 1000
a contact +56500 +57100 3001 2001 1000
a contact +57100 +57700 2004 3001 1000
a contact +57100 +57700 3001 2004 1000
a contact +57700 +58300 2001 3001 1000
a contact +57700 +58300 3001 2001 1000
a contact +58300 +58900 2004 3001 1000
a contact +58300 +58900 3001 2004 1000
a contact +58900 +59500 2001 3001 1000
a contact +58900 +59500 3001 2001 1000
a contact +56500 +59700 2002 2003 1000
a contact +56500 +59700 2003 2002 1000
a contact +59500 +59700 2004 3001 1000
a contact +59500 +59700 3001 2004 1000
a contact +59700 +59800 2001 2004 1000
a contact +59700 +59800 2004 2001 1000
a contact +59800 +60400 2002 2004 1000
a contact +59700 +60400 2003 3001 1000
a contact +59800 +60400 2004 2002 1000
a contact +59700 +60400 3001 2003 1000
a contact +60400 +61000 1001 3001 1000
a contact +60400 +61000 3001 1001 1000
a contact +60400 +61600 2001 2003 1000
a contact +60400 +61600 2003 2001 1000
a contact +61000 +61600 2004 3001 1000
a contact +61000 +61600 3001 2004 1000
a contact +61600 +62100 2001 3001 1000
a contact +61600 +62100 2002 2004 1000
a contact +61600 +62100 2004 2002 1000
a contact +61600 +62100 3001 2001 1000
a contact +62100 +63000 2001 2004 1000
a contact +62100 +63000 2003 3001 1000
a contact +62100 +63000 2004 2001 1000
a contact +62100 +63000 3001 2003 1000
a contact +63000 +63600 2001 2003 1000
a contact +63000 +63600 2003 2001 1000
a contact +63600 +64100 2001 2004 1000
a contact +63000 +64100 2002 3001 1000
a contact +63600 +64100 2004 2001 1000
a contact +63000 +64100 3001 2002 1000
a contact +64100 +64700 1001 3001 1000
a contact +64100 +64700 2001 2003 1000
a contact +64100 +64700 2003 2001 1000
a contact +64100 +64700 3001 1001 1000
a contact +64700 +64900 2003 3001 1000
a contact +64700 +64900 3001 2003 1000
a contact +64900 +65500 2002 3001 1000
a contact +64900 +65500 3001 2002 1000
a contact +65500 +65900 2003 3001 1000
a contact +65500 +65900 3001 2003 1000
a contact +65900 +66500 1001 3001 1000
a contact +64700 +66500 2001 2004 1000
a contact +64700 +66500 2004 2001 1000
a contact +65900 +66500 3001 1001 1000
a contact +66500 +66900 2004 3001 1000
a contact +66500 +66900 3001 2004 1000
a contact +66900 +67500 2001 3001 1000
a contact +66900 +67500 3001 2001 1000
a contact +67500 +68100 2004 3001 1000
a contact +67500 +68100 3001 2004 1000
a contact +68100 +68700 2001 3001 1000
a contact +68100 +68700 3001 2001 1000
a contact +66500 +69200 2002 2003 1000
a contact +66500 +69200 2003 2002 1000
a contact +68700 +69200 2004 3001 1000
a contact +68700 +69200 3001 2004 1000
a contact +69200 +69800 2002 3001 1000
a contact +69200 +69800 3001 2002 1000
a contact +69800 +70500 1001 3001 1000
a contact +69200 +70500 2001 2003 1000
a contact +69200 +70500 2003 2001 1000
a contact +69800 +70500 3001 1001 1000
a contact +70500 +71100 2001 2004 1000
a contact +70500 +71100 2003 3001 1000
a contact +70500 +71100 2004 2001 1000
a contact +70500 +71100 3001 2003 1000
a contact +71100 +71700 2001 2003 1000
a contact +71100 +71700 2002 3001 1000
a contact +71100 +71700 2003 2001 1000
a contact +71100 +71700 3001 2002 1000
a contact +71700 +72300 2002 2004 1000
a contact +71700 +72300 2003 3001 1000
a contact +71700 +72300 2004 2002 1000
a contact +71700 +72300 3001 2003 1000
a contact +72300 +72500 2001 2004 1000
a contact +72300 +72500 2004 2001 1000
a contact +72300 +73100 2002 3001 1000
a contact +72300 +73100 3001 2002 1000
a contact +73100 +73700 1001 3001 1000
a contact +72500 +73700 2001 2003 1000
a contact +72500 +73700 2003 2001 1000
a contact +73100 +73700 3001 1001 1000
a contact +73700 +74300 2001 3001 1000
a contact +73700 +74300 2002 2004 1000
a contact +73700 +74300 2004 2002 1000
a contact +73700 +74300 3001 2001 1000
a contact +74300 +74700 2003 3001 1000
a contact +74300 +74700 3001 2003 1000
a contact +74700 +75300 2002 3001 1000
a contact +74700 +75300 3001 2002 1000
a contact +75300 +75900 2003 3001 1000
a contact +75300 +75900 3001 2003 1000
a contact +75900 +76500 2002 3001 1000
a contact +75900 +76500 3001 2002 1000
a contact +76500 +77100 1001 3001 1000
a contact +76500 +77100 3001 1001 1000
a contact +74300 +77400 2001 2004 1000
a contact +77100 +77400 2002 3001 1000
a contact +74300 +77400 2004 2001 1000
a contact +77100 +77400 3001 2002 1000
a contact +77400 +78000 2002 2003 1000
a contact +77400 +78000 2003 2002 1000
a contact +77400 +78000 2004 3001 1000
a contact +77400 +78000 3001 2004 1000
a contact +78000 +78600 2001 2004 1000
a contact +78000 +78600 2002 3001 1000
a contact +78000 +78600 2004 2001 1000
a contact +78000 +78600 3001 2002 1000
a contact +78600 +79200 2001 2003 1000
a contact +78600 +79200 2003 2001 1000
a contact +78600 +79200 2004 3001 1000
a contact +78600 +79200 3001 2004 1000
a contact +79200 +79800 1001 3001 1000
a contact +79200 +79800 2002 2004 1000
a contact +79200 +79800 2004 2002 1000
a contact +79200 +79800 3001 1001 1000
a contact +79800 +80000 2001 2003 1000
a contact +79800 +80000 2002 3001 1000
a contact +79800 +80000 2003 2001 1000
a contact +79800 +80000 3001 2002 1000
a contact +80000 +80600 2001 3001 1000
a contact +80000 +80600 3001 2001 1000
a contact +80000 +81200 2002 2004 1000
a contact +80600 +81200 2003 3001 1000
a contact +80000 +81200 2004 2002 1000
a contact +80600 +81200 3001 2003 1000
a contact +81200 +81800 2002 3001 1000
a contact +81200 +81800 3001 2002 1000
a contact +81200 +82400 2001 2003 1000
a contact +81200 +82400 2003 2001 1000
a contact +81800 +82400 2004 3001 1000
a contact +81800 +82400 3001 2004 1000
a contact +82400 +82600 2001 3001 1000
a contact +82400 +82600 3001 2001 1000
a contact +82600 +83200 2003 3001 1000
a contact +82600 +83200 3001 2003 1000
a contact +83200 +83700 2001 3001 1000
a contact +82400 +83700 2002 2004 1000
a contact +82400 +83700 2004 2002 1000
a contact +83200 +83700 3001 2001 1000
a contact +83700 +84300 1001 3001 1000
a contact +83700 +84300 3001 1001 1000
a contact +84300 +84900 2002 3001 1000
a contact +84300 +84900 3001 2002 1000
a contact +83700 +85300 2001 2004 1000
a contact +84900 +85300 2003 3001 1000
a contact +83700 +85300 2004 2001 1000
a contact +84900 +85300 3001 2003 1000
a contact +85300 +85900 2001 3001 1000
a contact +85300 +85900 3001 2001 1000
a contact +85300 +86400 2002 2003 1000
a contact +85300 +86400 2003 2002 1000
a contact +85900 +86400 2004 3001 1000
a contact +85900 +86400 3001 2004 1000

a range +0 +600 2001 2004 0.0065
a range +0 +600 2002 2003 0.0065
a range +0 +600 2003 2002 0.0065
a range +0 +600 2004 2001 0.0065
a range +600 +1200 2003 3001 0.0469
a range +600 +1200 3001 2003 0.0469
a range +1200 +1800 2002 3001 0.0467
a range +1200 +1800 3001 2002 0.0467
a range +1800 +2400 1001 3001 1105.0556
a range +1800 +2400 3001 1001 1105.0556
a range +1200 +2900 2001 2004 0.0065
a range +1200 +2900 2004 2001 0.0065
a range +2400 +3200 2002 2003 0.0065
a range +2400 +3200 2003 2002 0.0065
a range +2900 +3800 1001 3001 1105.0556
a range +3200 +3800 2002 2004 0.0432
a range +3200 +3800 2004 2002 0.0432
a range +2900 +3800 3001 1001 1105.0556
a range +3800 +4400 2002 3001 0.0467
a range +3800 +4400 3001 2002 0.0467
a range +3200 +5000 2001 2003 0.0432
a range +3200 +5000 2003 2001 0.0432
a range +4400 +5000 2004 3001 0.0469
a range +4400 +5000 3001 2004 0.0469
a range +5000 +5600 1001 3001 1105.0556
a range +5000 +5600 2002 2004 0.0432
a range +5000 +5600 2004 2002 0.0432
a range +5000 +5600 3001 1001 1105.0556
a range +5600 +6200 2001 2003 0.0432
a range +5600 +6200 2003 2001 0.0432
a range +6200 +6800 2002 2003 0.0065
a range +6200 +6800 2003 2002 0.0065
a range +5600 +6800 2004 3001 0.0469
a range +5600 +6800 3001 2004 0.0469
a range +6800 +7200 2001 2003 0.0432
a range +6800 +7200 2002 3001 0.0467
a range +6800 +7200 2003 2001 0.0432
a range +6800 +7200 3001 2002 0.0467
a range +7200 +7800 2003 3001 0.0468
a range +7200 +7800 3001 2003 0.0468
a range +7800 +8300 1001 3001 1105.0556
a range +7200 +8300 2002 2004 0.0432
a range +7200 +8300 2004 2002 0.0432
a range +7800 +8300 3001 1001 1105.0556
a range +8300 +8900 2001 2004 0.0065
a range +8300 +8900 2003 3001 0.0468
a range +8300 +8900 2004 2001 0.0065
a range +8300 +8900 3001 2003 0.0468
a range +8900 +9500 1001 3001 1105.0556
a range +8900 +9500 2002 2003 0.0065
a range +8900 +9500 2003 2002 0.0065
a range +8900 +9500 3001 1001 1105.0556
a range +9500 +10000 2002 3001 0.0467
a range +9500 +10000 3001 2002 0.0467
a range +10000 +10600 2003 3001 0.0468
a range +10000 +10600 3001 2003 0.0468
a range +10600 +11200 2002 3001 0.0467
a range +10600 +11200 3001 2002 0.0467
a range +11200 +11800 2003 3001 0.0468
a range +11200 +11800 3001 2003 0.0468
a range +11800 +12400 2002 3001 0.0467
a range +11800 +12400 3001 2002 0.0467
a range +9500 +12600 2001 2004 0.0065
a range +12400 +12600 2002 2003 0.0065
a range +12400 +12600 2003 2002 0.0065
a range +9500 +12600 2004 2001 0.0065
a range +12400 +13100 1001 3001 1105.0556
a range +12600 +13100 2001 2003 0.0431
a range +12600 +13100 2002 2004 0.0431
a range +12600 +13100 2003 2001 0.0431
a range +12600 +13100 2004 2002 0.0431
a range +12400 +13100 3001 1001 1105.0556
a range +13100 +13500 2004 3001 0.0468
a range +13100 +13500 3001 2004 0.0468
a range +13500 +14100 2001 3001 0.0426
a range +13100 +14100 2002 2003 0.0065
a range +13100 +14100 2003 2002 0.0065
a range +13500 +14100 3001 2001 0.0426
a range +14100 +14700 2002 2004 0.0431
a range +14100 +14700 2003 3001 0.0468
a range +14100 +14700 2004 2002 0.0431
a range +14100 +14700 3001 2003 0.0468
a range +14700 +15300 2002 2003 0.0065
a range +14700 +15300 2003 2002 0.0065
a range +14700 +15300 2004 3001 0.0468
a range +14700 +15300 3001 2004 0.0468
a range +15300 +15700 2002 2004 0.0431
a range +15300 +15700 2004 2002 0.0431
a range +15300 +16300 2001 3001 0.0426
a range +15700 +16300 2002 2003 0.0065
a range +15700 +16300 2003 2002 0.0065
a range +15300 +16300 3001 2001 0.0426
a range +16300 +16900 1001 3001 1105.0556
a range +16300 +16900 2002 2004 0.0431
a range +16300 +16900 2004 2002 0.0431
a range +16300 +16900 3001 1001 1105.0556
a range +16900 +17500 2001 2003 0.0431
a range +16900 +17500 2003 2001 0.0431
a range +16900 +17500 2004 3001 0.0468
a range +16900 +17500 3001 2004 0.0468
a range +17500 +17800 2001 3001 0.0426
a range +17500 +17800 3001 2001 0.0426
a range +17800 +18400 2004 3001 0.0468
a range +17800 +18400 3001 2004 0.0468
a range +18400 +19600 2001 3001 0.0426
a range +17500 +19600 2002 2003 0.0065
a range +17500 +19600 2003 2002 0.0065
a range +18400 +19600 3001 2001 0.0426
a range +19600 +20200 2001 2004 0.0065
a range +19600 +20200 2002 3001 0.0467
a range +19600 +20200 2004 2001 0.0065
a range +19600 +20200 3001 2002 0.0467
a range +20200 +20500 2002 2003 0.0065
a range +20200 +20500 2003 2002 0.0065
a range +20200 +20500 2004 3001 0.0468
a range +20200 +20500 3001 2004 0.0468
a range +20500 +21100 2001 2004 0.0065
a range +20500 +21100 2003 3001 0.0469
a range +20500 +21100 2004 2001 0.0065
a range +20500 +21100 3001 2003 0.0469
a range +21100 +21700 1001 3001 1105.0556
a range +21100 +21700 2002 2003 0.0065
a range +21100 +21700 2003 2002 0.0065
a range +21100 +21700 3001 1001 1105.0556
a range +21700 +22000 2001 2004 0.0065
a range +21700 +22000 2002 3001 0.0467
a range +21700 +22000 2004 2001 0.0065
a range +21700 +22000 3001 2002 0.0467
a range +22000 +22600 2003 3001 0.0469
a range +22000 +22600 3001 2003 0.0469
a range +22600 +23200 2001 3001 0.0426
a range +22000 +23200 2002 2004 0.0434
a range +22000 +23200 2004 2002 0.0434
a range +22600 +23200 3001 2001 0.0426
a range +23200 +23800 2002 3001 0.0467
a range +23200 +23800 3001 2002 0.0467
a range +23200 +24400 2001 2003 0.0434
a range +23200 +24400 2003 2001 0.0434
a range +23800 +24400 2004 3001 0.0468
a range +23800 +24400 3001 2004 0.0468
a range +24400 +25000 2001 3001 0.0426
a range +24400 +25000 2002 2004 0.0434
a range +24400 +25000 2004 2002 0.0434
a range +24400 +25000 3001 2001 0.0426
a range +25000 +25600 2001 2003 0.0434
a range +25000 +25600 2002 3001 0.0467
a range +25000 +25600 2003 2001 0.0434
a range +25000 +25600 3001 2002 0.0467
a range +25600 +25800 2002 2004 0.0434
a range +25600 +25800 2003 3001 0.0469
a range +25600 +25800 2004 2002 0.0434
a range +25600 +25800 3001 2003 0.0469
a range +25800 +26400 2001 2003 0.0434
a range +25800 +26400 2003 2001 0.0434
a range +25800 +26400 2004 3001 0.0468
a range +25800 +26400 3001 2004 0.0468
a range +26400 +27000 1001 3001 1105.0556
a range +26400 +27000 3001 1001 1105.0556
a range +26400 +27200 2002 2004 0.0434
a range +26400 +27200 2004 2002 0.0434
a range +27000 +27800 2001 3001 0.0426
a range +27200 +27800 2002 2003 0.0065
a range +27200 +27800 2003 2002 0.0065
a range +27000 +27800 3001 2001 0.0426
a range +27800 +28400 2002 3001 0.0467
a range +27800 +28400 3001 2002 0.0467
a range +27800 +29000 2001 2004 0.0065
a range +28400 +29000 2003 3001 0.0468
a range +27800 +29000 2004 2001 0.0065
a range +28400 +29000 3001 2003 0.0468
a range +29000 +29600 2002 2003 0.0065
a range +29000 +29600 2003 2002 0.0065
a range +29000 +29600 2004 3001 0.0468
a range +29000 +29600 3001 2004 0.0468
a range +29600 +30200 1001 3001 1105.0556
a range +29600 +30200 2001 2004 0.0065
a range +29600 +30200 2004 2001 0.0065
a range +29600 +30200 3001 1001 1105.0556
a range +30200 +30800 2001 3001 0.0426
a range +30200 +30800 2002 2003 0.0065
a range +30200 +30800 2003 2002 0.0065
a range +30200 +30800 3001 2001 0.0426
a range +30800 +31100 2001 2004 0.0065
a range +30800 +31100 2003 3001 0.0468
a range +30800 +31100 2004 2001 0.0065
a range +30800 +31100 3001 2003 0.0468
a range +31100 +31500 1001 3001 1105.0556
a range +31100 +31500 2002 2003 0.0065
a range +31100 +31500 2003 2002 0.0065
a range +31100 +31500 3001 1001 1105.0556
a range +31500 +32100 2001 2003 0.0433
a range +31500 +32100 2002 3001 0.0467
a range +31500 +32100 2003 2001 0.0433
a range +31500 +32100 3001 2002 0.0467
a range +32100 +32700 2003 3001 0.0468
a range +32100 +32700 3001 2003 0.0468
a range +32700 +33300 2001 3001 0.0426
a range +32100 +33300 2002 2004 0.0433
a range +32100 +33300 2004 2002 0.0433
a range +32700 +33300 3001 2001 0.0426
a range +33300 +33900 2004 3001 0.0469
a range +33300 +33900 3001 2004 0.0469
a range +33300 +34500 2001 2003 0.0433
a range +33900 +34500 2002 3001 0.0467
a range +33300 +34500 2003 2001 0.0433
a range +33900 +34500 3001 2002 0.0467
a range +34500 +35100 2002 2004 0.0433
a range +34500 +35100 2003 3001 0.0468
a range +34500 +35100 2004 2002 0.0433
a range +34500 +35100 3001 2003 0.0468
a range +35100 +35700 2001 2003 0.0433
a range +35100 +35700 2003 2001 0.0433
a range +35100 +35700 2004 3001 0.0469
a range +35100 +35700 3001 2004 0.0469
a range +35700 +35900 2001 3001 0.0426
a range +35700 +35900 2002 2004 0.0433
a range +35700 +35900 2004 2002 0.0433
a range +35700 +35900 3001 2001 0.0426
a range +35900 +36400 1001 3001 1105.0556
a range +35900 +36400 2001 2003 0.0433
a range +35900 +36400 2003 2001 0.0433
a range +35900 +36400 3001 1001 1105.0556
a range +36400 +36600 2002 2004 0.0433
a range +36400 +36600 2004 2002 0.0433
a range +36400 +37200 2001 3001 0.0426
a range +36400 +37200 3001 2001 0.0426
a range +37200 +37800 1001 3001 1105.0556
a range +37200 +37800 3001 1001 1105.0556
a range +37800 +38400 2004 3001 0.0469
a range +37800 +38400 3001 2004 0.0469
a range +38400 +38900 2001 3001 0.0426
a range +36600 +38900 2002 2003 0.0065
a range +36600 +38900 2003 2002 0.0065
a range +38400 +38900 3001 2001 0.0426
a range +38900 +39500 1001 3001 1105.0556
a range +38900 +39500 3001 1001 1105.0556
a range +39500 +40100 2003 3001 0.0467
a range +39500 +40100 3001 2003 0.0467
a range +40100 +40200 1001 3001 1105.0556
a range +40100 +40200 3001 1001 1105.0556
a range +40200 +40800 2002 3001 0.0468
a range +40200 +40800 3001 2002 0.0468
a range +38900 +40900 2001 2004 0.0065
a range +40800 +40900 2003 3001 0.0467
a range +38900 +40900 2004 2001 0.0065
a range +40800 +40900 3001 2003 0.0467
a range +40900 +41500 2001 2003 0.0431
a range +40900 +41500 2003 2001 0.0431
a range +40900 +41500 2004 3001 0.0469
a range +40900 +41500 3001 2004 0.0469
a range +41500 +41700 2001 3001 0.0426
a range +41500 +41700 3001 2001 0.0426
a range +41500 +42300 2002 2004 0.0431
a range +41700 +42300 2003 3001 0.0467
a range +41500 +42300 2004 2002 0.0431
a range +41700 +42300 3001 2003 0.0467
a range +42300 +42900 2001 2003 0.0431
a range +42300 +42900 2002 3001 0.0468
a range +42300 +42900 2003 2001 0.0431
a range +42300 +42900 3001 2002 0.0468
a range +42900 +43400 2001 3001 0.0426
a range +42900 +43400 2002 2004 0.0431
a range +42900 +43400 2004 2002 0.0431
a range +42900 +43400 3001 2001 0.0426
a range +43400 +43600 2004 3001 0.0467
a range +43400 +43600 3001 2004 0.0467
a range +43600 +44200 1001 3001 1105.0556
a range +43400 +44200 2001 2003 0.0431
a range +43400 +44200 2003 2001 0.0431
a range +43600 +44200 3001 1001 1105.0556
a range +44200 +44800 2003 3001 0.0467
a range +44200 +44800 3001 2003 0.0467
a range +44800 +45400 2001 3001 0.0426
a range +44200 +45400 2002 2004 0.0431
a range +44200 +45400 2004 2002 0.0431
a range +44800 +45400 3001 2001 0.0426
a range +45400 +46000 2001 2003 0.0431
a range +45400 +46000 2003 2001 0.0431
a range +45400 +46000 2004 3001 0.0467
a range +45400 +46000 3001 2004 0.0467
a range +46000 +46100 2001 2004 0.0065
a range +46000 +46100 2003 3001 0.0467
a range +46000 +46100 2004 2001 0.0065
a range +46000 +46100 3001 2003 0.0467
a range +46100 +46700 1001 3001 1105.0556
a range +46100 +46700 3001 1001 1105.0556
a range +46700 +47300 2001 3001 0.0426
a range +46700 +47300 3001 2001 0.0426
a range +47300 +47900 2004 3001 0.0467
a range +47300 +47900 3001 2004 0.0467
a range +47900 +48500 2001 3001 0.0426
a range +47900 +48500 3001 2001 0.0426
a range +48500 +49100 1001 3001 1105.0556
a range +48500 +49100 3001 1001 1105.0556
a range +46100 +49400 2002 2003 0.0065
a range +46100 +49400 2003 2002 0.0065
a range +49100 +49400 2004 3001 0.0467
a range +49100 +49400 3001 2004 0.0467
a range +49400 +50000 2003 3001 0.0472
a range +49400 +50000 3001 2003 0.0472
a range +50000 +50300 1001 3001 1105.0556
a range +49400 +50300 2001 2004 0.0065
a range +49400 +50300 2004 2001 0.0065
a range +50000 +50300 3001 1001 1105.0556
a range +50300 +50900 2001 3001 0.0426
a range +50300 +50900 3001 2001 0.0426
a range +50300 +51500 2002 2004 0.043
a range +50900 +51500 2003 3001 0.0472
a range +50300 +51500 2004 2002 0.043
a range +50900 +51500 3001 2003 0.0472
a range +51500 +52100 2001 2003 0.043
a range +51500 +52100 2003 2001 0.043
a range +51500 +52100 2004 3001 0.0467
a range +51500 +52100 3001 2004 0.0467
a range +52100 +52700 1001 3001 1105.0556
a range +52100 +52700 2001 2004 0.0065
a range +52100 +52700 2004 2001 0.0065
a range +52100 +52700 3001 1001 1105.0556
a range +52700 +53300 2002 2004 0.043
a range +52700 +53300 2003 3001 0.0472
a range +52700 +53300 2004 2002 0.043
a range +52700 +53300 3001 2003 0.0472
a range +53300 +53700 2001 2004 0.0065
a range +53300 +53700 2004 2001 0.0065
a range +53300 +54300 1001 3001 1105.0556
a range +53300 +54300 3001 1001 1105.0556
a range +53700 +54900 2001 2003 0.043
a range +53700 +54900 2003 2001 0.043
a range +54300 +54900 2004 3001 0.0469
a range +54300 +54900 3001 2004 0.0469
a range +54900 +55400 2001 3001 0.0426
a range +54900 +55400 2002 2004 0.043
a range +54900 +55400 2004 2002 0.043
a range +54900 +55400 3001 2001 0.0426
a range +55400 +56000 2003 3001 0.0472
a range +55400 +56000 3001 2003 0.0472
a range +56000 +56500 1001 3001 1105.0556
a range +55400 +56500 2001 2004 0.0065
a range +55400 +56500 2004 2001 0.0065
a range +56000 +56500 3001 1001 1105.0556
a range +56500 +57100 2001 3001 0.0426
a range +56500 +57100 3001 2001 0.0426
a range +57100 +57700 2004 3001 0.0469
a range +57100 +57700 3001 2004 0.0469
a range +57700 +58300 2001 3001 0.0426
a range +57700 +58300 3001 2001 0.0426
a range +58300 +58900 2004 3001 0.0469
a range +58300 +58900 3001 2004 0.0469
a range +58900 +59500 2001 3001 0.0426
a range +58900 +59500 3001 2001 0.0426
a range +56500 +59700 2002 2003 0.0065
a range +56500 +59700 2003 2002 0.0065
a range +59500 +59700 2004 3001 0.0469
a range +59500 +59700 3001 2004 0.0469
a range +59700 +59800 2001 2004 0.0065
a range +59700 +59800 2004 2001 0.0065
a range +59800 +60400 2002 2004 0.0433
a range +59700 +60400 2003 3001 0.047
a range +59800 +60400 2004 2002 0.0433
a range +59700 +60400 3001 2003 0.047
a range +60400 +61000 1001 3001 1105.0556
a range +60400 +61000 3001 1001 1105.0556
a range +60400 +61600 2001 2003 0.0433
a range +60400 +61600 2003 2001 0.0433
a range +61000 +61600 2004 3001 0.0469
a range +61000 +61600 3001 2004 0.0469
a range +61600 +62100 2001 3001 0.0426
a range +61600 +62100 2002 2004 0.0433
a range +61600 +62100 2004 2002 0.0433
a range +61600 +62100 3001 2001 0.0426
a range +62100 +63000 2001 2004 0.0065
a range +62100 +63000 2003 3001 0.047
a range +62100 +63000 2004 2001 0.0065
a range +62100 +63000 3001 2003 0.047
a range +63000 +63600 2001 2003 0.0433
a range +63000 +63600 2003 2001 0.0433
a range +63600 +64100 2001 2004 0.0065
a range +63000 +64100 2002 3001 0.0467
a range +63600 +64100 2004 2001 0.0065
a range +63000 +64100 3001 2002 0.0467
a range +64100 +64700 1001 3001 1105.0556
a range +64100 +64700 2001 2003 0.0433
a range +64100 +64700 2003 2001 0.0433
a range +64100 +64700 3001 1001 1105.0556
a range +64700 +64900 2003 3001 0.047
a range +64700 +64900 3001 2003 0.047
a range +64900 +65500 2002 3001 0.0467
a range +64900 +65500 3001 2002 0.0467
a range +65500 +65900 2003 3001 0.047
a range +65500 +65900 3001 2003 0.047
a range +65900 +66500 1001 3001 1105.0556
a range +64700 +66500 2001 2004 0.0065
a range +64700 +66500 2004 2001 0.0065
a range +65900 +66500 3001 1001 1105.0556
a range +66500 +66900 2004 3001 0.0469
a range +66500 +66900 3001 2004 0.0469
a range +66900 +67500 2001 3001 0.0426
a range +66900 +67500 3001 2001 0.0426
a range +67500 +68100 2004 3001 0.0469
a range +67500 +68100 3001 2004 0.0469
a range +68100 +68700 2001 3001 0.0426
a range +68100 +68700 3001 2001 0.0426
a range +66500 +69200 2002 2003 0.0065
a range +66500 +69200 2003 2002 0.0065
a range +68700 +69200 2004 3001 0.0469
a range +68700 +69200 3001 2004 0.0469
a range +69200 +69800 2002 3001 0.0299
a range +69200 +69800 3001 2002 0.0299
a range +69800 +70500 1001 3001 1105.0556
a range +69200 +70500 2001 2003 0.0432
a range +69200 +70500 2003 2001 0.0432
a range +69800 +70500 3001 1001 1105.0556
a range +70500 +71100 2001 2004 0.0065
a range +70500 +71100 2003 3001 0.0467
a range +70500 +71100 2004 2001 0.0065
a range +70500 +71100 3001 2003 0.0467
a range +71100 +71700 2001 2003 0.0432
a range +71100 +71700 2002 3001 0.0299
a range +71100 +71700 2003 2001 0.0432
a range +71100 +71700 3001 2002 0.0299
a range +71700 +72300 2002 2004 0.0432
a range +71700 +72300 2003 3001 0.0467
a range +71700 +72300 2004 2002 0.0432
a range +71700 +72300 3001 2003 0.0467
a range +72300 +72500 2001 2004 0.0065
a range +72300 +72500 2004 2001 0.0065
a range +72300 +73100 2002 3001 0.0299
a range +72300 +73100 3001 2002 0.0299
a range +73100 +73700 1001 3001 1105.0556
a range +72500 +73700 2001 2003 0.0432
a range +72500 +73700 2003 2001 0.0432
a range +73100 +73700 3001 1001 1105.0556
a range +73700 +74300 2001 3001 0.0426
a range +73700 +74300 2002 2004 0.0432
a range +73700 +74300 2004 2002 0.0432
a range +73700 +74300 3001 2001 0.0426
a range +74300 +74700 2003 3001 0.0467
a range +74300 +74700 3001 2003 0.0467
a range +74700 +75300 2002 3001 0.0299
a range +74700 +75300 3001 2002 0.0299
a range +75300 +75900 2003 3001 0.0467
a range +75300 +75900 3001 2003 0.0467
a range +75900 +76500 2002 3001 0.0299
a range +75900 +76500 3001 2002 0.0299
a range +76500 +77100 1001 3001 1105.0556
a range +76500 +77100 3001 1001 1105.0556
a range +74300 +77400 2001 2004 0.0065
a range +77100 +77400 2002 3001 0.0299
a range +74300 +77400 2004 2001 0.0065
a range +77100 +77400 3001 2002 0.0299
a range +77400 +78000 2002 2003 0.0065
a range +77400 +78000 2003 2002 0.0065
a range +77400 +78000 2004 3001 0.047
a range +77400 +78000 3001 2004 0.047
a range +78000 +78600 2001 2004 0.0065
a range +78000 +78600 2002 3001 0.0299
a range +78000 +78600 2004 2001 0.0065
a range +78000 +78600 3001 2002 0.0299
a range +78600 +79200 2001 2003 0.0431
a range +78600 +79200 2003 2001 0.0431
a range +78600 +79200 2004 3001 0.047
a range +78600 +79200 3001 2004 0.047
a range +79200 +79800 1001 3001 1105.0556
a range +79200 +79800 2002 2004 0.0431
a range +79200 +79800 2004 2002 0.0431
a range +79200 +79800 3001 1001 1105.0556
a range +79800 +80000 2001 2003 0.0431
a range +79800 +80000 2002 3001 0.0299
a range +79800 +80000 2003 2001 0.0431
a range +79800 +80000 3001 2002 0.0299
a range +80000 +80600 2001 3001 0.0426
a range +80000 +80600 3001 2001 0.0426
a range +80000 +81200 2002 2004 0.0431
a range +80600 +81200 2003 3001 0.0352
a range +80000 +81200 2004 2002 0.0431
a range +80600 +81200 3001 2003 0.0352
a range +81200 +81800 2002 3001 0.0299
a range +81200 +81800 3001 2002 0.0299
a range +81200 +82400 2001 2003 0.0431
a range +81200 +82400 2003 2001 0.0431
a range +81800 +82400 2004 3001 0.047
a range +81800 +82400 3001 2004 0.047
a range +82400 +82600 2001 3001 0.0426
a range +82400 +82600 3001 2001 0.0426
a range +82600 +83200 2003 3001 0.0352
a range +82600 +83200 3001 2003 0.0352
a range +83200 +83700 2001 3001 0.0426
a range +82400 +83700 2002 2004 0.0431
a range +82400 +83700 2004 2002 0.0431
a range +83200 +83700 3001 2001 0.0426
a range +83700 +84300 1001 3001 1105.0556
a range +83700 +84300 3001 1001 1105.0556
a range +84300 +84900 2002 3001 0.0299
a range +84300 +84900 3001 2002 0.0299
a range +83700 +85300 2001 2004 0.0065
a range +84900 +85300 2003 3001 0.0352
a range +83700 +85300 2004 2001 0.0065
a range +84900 +85300 3001 2003 0.0352
a range +85300 +85900 2001 3001 0.0426
a range +85300 +85900 3001 2001 0.0426
a range +85300 +86400 2002 2003 0.0065
a range +85300 +86400 2003 2002 0.0065
a range +85900 +86400 2004 3001 0.0382
a range +85900 +86400 3001 2004 0.0382
