a contact +0 +200 1001 9003 100000
a contact +200 +500 1001 9003 100000
a contact +500 +1100 1001 9003 100000
a contact +1100 +1600 1001 9003 100000
a contact +1600 +2100 1001 9003 100000
a contact +2100 +2400 1001 9003 100000
a contact +2400 +3000 2006 1001 10000
a contact +2400 +3000 2007 1001 10000
a contact +2400 +3000 2008 1001 10000
a contact +3000 +3600 2006 1001 10000
a contact +3000 +3600 2007 1001 10000
a contact +3000 +3600 2008 1001 10000
a contact +3600 +4200 2006 1001 10000
a contact +3600 +4200 2007 1001 10000
a contact +3600 +4200 2008 1001 10000
a contact +4200 +4800 2006 1001 10000
a contact +4200 +4800 2007 1001 10000
a contact +4200 +4800 2008 1001 10000
a contact +4800 +5400 2006 1001 10000
a contact +4800 +5400 2007 1001 10000
a contact +4800 +5400 2008 1001 10000
a contact +5400 +6000 2006 1001 10000
a contact +5400 +6000 2007 1001 10000
a contact +5400 +6000 2008 1001 10000
a contact +6000 +6600 2006 1001 10000
a contact +6000 +6600 2007 1001 10000
a contact +6000 +6600 2008 1001 10000
a contact +6600 +7200 2006 1001 10000
a contact +6600 +7200 2007 1001 10000
a contact +6600 +7200 2008 1001 10000
a contact +7200 +7300 2003 1001 10000
a contact +7200 +7300 2004 1001 10000
a contact +7200 +7300 2005 1001 10000
a contact +7300 +7900 1001 9001 100000
a contact +7300 +7900 2001 1001 10000
a contact +7300 +7900 2005 1001 10000
a contact +7900 +8500 1001 9001 100000
a contact +7900 +8500 2001 1001 10000
a contact +7900 +8500 2005 1001 10000
a contact +8500 +9100 1001 9001 100000
a contact +8500 +9100 2005 1001 10000
a contact +8500 +9400 2001 1001 10000
a contact +9100 +9400 2002 1001 10000
a contact +9100 +9400 2005 1001 10000
a contact +9400 +9600 2001 1001 10000
a contact +9400 +9600 2002 1001 10000
a contact +9400 +9600 2005 1001 10000
a contact +9600 +9900 2001 1001 10000
a contact +9600 +9900 2002 1001 10000
a contact +9600 +9900 2005 1001 10000
a contact +9900 +10000 2002 1001 10000
a contact +9900 +10000 2005 1001 10000
a contact +9900 +10600 2001 1001 10000
a contact +10000 +10600 2002 1001 10000
a contact +10000 +10600 2005 1001 10000
a contact +10600 +11000 2001 1001 10000
a contact +10600 +11000 2002 1001 10000
a contact +10600 +11000 2005 1001 10000
a contact +11000 +11600 2001 1001 10000
a contact +11000 +11600 2002 1001 10000
a contact +11000 +11600 2005 1001 10000
a contact +11600 +12000 1001 9001 100000
a contact +11600 +12000 1001 9002 100000
a contact +11600 +12000 2003 1001 10000
a contact +12000 +12600 1001 9002 100000
a contact +12000 +12600 2003 1001 10000
a contact +12000 +12600 2004 1001 10000
a contact +12600 +13000 1001 9002 100000
a contact +12600 +13000 2003 1001 10000
a contact +12600 +13000 2004 1001 10000
a contact +13000 +13600 1001 9002 100000
a contact +13000 +13600 2003 1001 10000
a contact +13000 +13600 2004 1001 10000
a contact +13600 +14200 1001 9002 100000
a contact +13600 +14200 2003 1001 10000
a contact +13600 +14200 2004 1001 10000
a contact +14200 +14800 1001 9002 100000
a contact +14200 +14800 2003 1001 10000
a contact +14200 +14800 2004 1001 10000
a contact +14800 +15300 2002 1001 10000
a contact +14800 +15300 2003 1001 10000
a contact +14800 +15300 2004 1001 10000
a contact +15300 +15900 2002 1001 10000
a contact +15300 +15900 2003 1001 10000
a contact +15300 +15900 2004 1001 10000
a contact +15900 +16500 2002 1001 10000
a contact +15900 +16500 2003 1001 10000
a contact +15900 +16500 2004 1001 10000
a contact +16500 +16800 2002 1001 10000
a contact +16500 +16800 2003 1001 10000
a contact +16800 +17300 2002 1001 10000
a contact +16800 +17300 2003 1001 10000
a contact +16500 +17300 2004 1001 10000
a contact +17300 +17700 2002 1001 10000
a contact +17300 +17700 2003 1001 10000
a contact +17300 +17700 2004 1001 10000
a contact +17700 +18400 2002 1001 10000
a contact +17700 +18400 2003 1001 10000
a contact +17700 +18400 2004 1001 10000
a contact +18400 +18800 2002 1001 10000
a contact +18400 +18800 2003 1001 10000
a contact +18400 +18800 2004 1001 10000
a contact +18800 +19400 1001 9003 100000
a contact +18800 +19400 2002 1001 10000
a contact +18800 +19400 2004 1001 10000
a contact +19400 +20000 1001 9003 100000
a contact +19400 +20000 2002 1001 10000
a contact +19400 +20000 2004 1001 10000
a contact +20000 +20500 1001 9003 100000
a contact +20000 +20500 2002 1001 10000
a contact +20000 +20500 2004 1001 10000
a contact +20500 +21000 2002 1001 10000
a contact +20500 +21000 2004 1001 10000
a contact +21000 +21600 2002 1001 10000
a contact +21000 +21600 2004 1001 10000
a contact +20500 +21600 2007 1001 10000
a contact +21600 +22200 2002 1001 10000
a contact +21600 +22200 2004 1001 10000
a contact +21600 +22200 2007 1001 10000
a contact +22200 +23000 2002 1001 10000
a contact +22200 +23000 2004 1001 10000
a contact +22200 +23000 2007 1001 10000
a contact +23000 +23200 2002 1001 10000
a contact +23000 +23200 2004 1001 10000
a contact +23000 +23200 2007 1001 10000
a contact +23200 +23800 1001 9001 100000
a contact +23200 +23800 1001 9003 100000
a contact +23800 +24400 1001 9003 100000
a contact +23800 +24400 1001 9001 100000
a contact +24400 +25000 1001 9003 100000
a contact +24400 +25000 1001 9001 100000
a contact +25000 +25600 1001 9001 100000
a contact +25000 +25600 1001 9003 100000
a contact +25600 +26000 1001 9001 100000
a contact +26000 +26800 2005 1001 10000
a contact +26000 +26800 2006 1001 10000
a contact +26000 +26800 2008 1001 10000
a contact +26800 +27400 2005 1001 10000
a contact +26800 +27400 2006 1001 10000
a contact +26800 +27400 2008 1001 10000
a contact +27400 +28000 2005 1001 10000
a contact +27400 +28000 2006 1001 10000
a contact +27400 +28000 2008 1001 10000
a contact +28000 +28300 2005 1001 10000
a contact +28000 +28300 2008 1001 10000
a contact +28300 +28400 2005 1001 10000
a contact +28000 +28400 2006 1001 10000
a contact +28300 +28400 2008 1001 10000
a contact +28400 +28800 2005 1001 10000
a contact +28400 +28800 2006 1001 10000
a contact +28400 +28800 2008 1001 10000
a contact +28800 +29400 1001 9002 100000
a contact +28800 +29400 2005 1001 10000
a contact +28800 +29400 2008 1001 10000
a contact +29400 +29800 1001 9002 100000
a contact +29400 +29800 2005 1001 10000
a contact +29400 +29800 2008 1001 10000
a contact +29800 +30200 1001 9002 100000
a contact +29800 +30200 2008 1001 10000
a contact +30200 +30400 2001 1001 10000
a contact +29800 +30400 2005 1001 10000
a contact +30200 +30400 2008 1001 10000
a contact +30400 +31100 2001 1001 10000
a contact +30400 +31100 2005 1001 10000
a contact +30400 +31100 2008 1001 10000
a contact +31100 +31700 2001 1001 10000
a contact +31100 +31700 2005 1001 10000
a contact +31100 +31700 2008 1001 10000
a contact +31700 +32400 2001 1001 10000
a contact +31700 +32400 2005 1001 10000
a contact +31700 +32400 2008 1001 10000
a contact +32400 +33000 2001 1001 10000
a contact +32400 +33000 2005 1001 10000
a contact +32400 +33000 2008 1001 10000
a contact +33000 +33600 2001 1001 10000
a contact +33000 +33600 2005 1001 10000
a contact +33000 +33600 2008 1001 10000
a contact +33600 +34200 2001 1001 10000
a contact +33600 +34200 2005 1001 10000
a contact +33600 +34200 2008 1001 10000
a contact +34200 +34800 2001 1001 10000
a contact +34200 +34800 2005 1001 10000
a contact +34200 +34800 2008 1001 10000
a contact +34800 +35400 2001 1001 10000
a contact +34800 +35400 2005 1001 10000
a contact +34800 +35400 2008 1001 10000
a contact +35400 +36200 2001 1001 10000
a contact +35400 +36200 2005 1001 10000
a contact +35400 +36200 2008 1001 10000
a contact +36200 +36800 2001 1001 10000
a contact +36200 +36800 2005 1001 10000
a contact +36200 +36800 2008 1001 10000
a contact +36800 +37400 2001 1001 10000
a contact +36800 +37400 2005 1001 10000
a contact +36800 +37400 2008 1001 10000
a contact +37400 +37700 2001 1001 10000
a contact +37400 +37700 2005 1001 10000
a contact +37400 +37700 2008 1001 10000
a contact +37700 +37900 2001 1001 10000
a contact +37700 +37900 2005 1001 10000
a contact +37700 +37900 2008 1001 10000
a contact +37900 +38200 2001 1001 10000
a contact +37900 +38200 2005 1001 10000
a contact +37900 +38200 2008 1001 10000
a contact +38200 +38800 1001 9003 100000
a contact +38200 +38800 2001 1001 10000
a contact +38200 +38800 2008 1001 10000
a contact +38800 +39300 1001 9003 100000
a contact +38800 +39300 2001 1001 10000
a contact +38800 +39300 2008 1001 10000
a contact +39300 +39600 1001 9003 100000
a contact +39300 +39600 2001 1001 10000
a contact +39300 +39600 2008 1001 10000
a contact +39600 +39800 2001 1001 10000
a contact +39600 +39800 2006 1001 10000
a contact +39600 +39800 2008 1001 10000
a contact +39800 +40400 2001 1001 10000
a contact +39800 +40400 2006 1001 10000
a contact +39800 +40400 2008 1001 10000
a contact +40400 +41000 2001 1001 10000
a contact +40400 +41000 2006 1001 10000
a contact +40400 +41000 2008 1001 10000
a contact +41000 +41900 2001 1001 10000
a contact +41000 +41900 2006 1001 10000
a contact +41000 +41900 2008 1001 10000
a contact +41900 +42200 1001 9003 100000
a contact +41900 +42200 1001 9001 100000
a contact +41900 +42200 2003 1001 10000
a contact +42200 +42800 1001 9001 100000
a contact +42200 +42800 2003 1001 10000
a contact +42200 +42800 2007 1001 10000
a contact +42800 +43400 1001 9001 100000
a contact +42800 +43400 2003 1001 10000
a contact +42800 +43400 2007 1001 10000
a contact +43400 +44000 1001 9001 100000
a contact +43400 +44000 2003 1001 10000
a contact +43400 +44000 2007 1001 10000
a contact +44000 +44100 1001 9001 100000
a contact +44000 +44100 2003 1001 10000
a contact +44000 +44100 2007 1001 10000
a contact +44100 +44700 1001 9001 100000
a contact +44100 +44700 2003 1001 10000
a contact +44100 +44700 2007 1001 10000
a contact +44700 +45000 1001 9001 100000
a contact +44700 +45000 2003 1001 10000
a contact +44700 +45000 2007 1001 10000
a contact +45000 +45600 1001 9001 100000
a contact +45000 +45600 2003 1001 10000
a contact +45000 +45600 2007 1001 10000
a contact +45600 +46200 1001 9001 100000
a contact +45600 +46200 2003 1001 10000
a contact +45600 +46200 2007 1001 10000
a contact +46200 +46700 1001 9001 100000
a contact +46200 +46700 2003 1001 10000
a contact +46200 +46700 2007 1001 10000
a contact +46700 +46800 1001 9001 100000
a contact +46700 +46800 2001 1001 10000
a contact +46700 +46800 2008 1001 10000
a contact +46800 +46900 1001 9001 100000
a contact +46900 +47100 1001 9002 100000
a contact +46900 +47100 1001 9001 100000
a contact +47100 +47300 1001 9002 100000
a contact +47300 +47600 1001 9002 100000
a contact +47100 +47600 1001 9001 100000
a contact +47600 +48200 1001 9001 100000
a contact +47600 +48200 1001 9002 100000
a contact +48200 +48800 1001 9002 100000
a contact +48200 +48800 1001 9001 100000
a contact +48800 +48900 1001 9001 100000
a contact +48800 +49300 1001 9002 100000
a contact +49300 +49500 1001 9002 100000
a contact +49500 +50100 1001 9002 100000
a contact +49500 +50100 2002 1001 10000
a contact +49500 +50100 2006 1001 10000
a contact +50100 +50700 1001 9002 100000
a contact +50100 +50700 2002 1001 10000
a contact +50100 +50700 2006 1001 10000
a contact +50700 +51300 1001 9002 100000
a contact +50700 +51300 2002 1001 10000
a contact +50700 +51300 2006 1001 10000
a contact +51300 +51900 1001 9002 100000
a contact +51300 +51900 2002 1001 10000
a contact +51300 +51900 2006 1001 10000
a contact +51900 +52500 1001 9002 100000
a contact +51900 +52500 2002 1001 10000
a contact +51900 +52500 2006 1001 10000
a contact +52500 +53100 1001 9002 100000
a contact +52500 +53100 2002 1001 10000
a contact +52500 +53100 2006 1001 10000
a contact +53100 +53700 1001 9002 100000
a contact +53100 +53700 2002 1001 10000
a contact +53100 +53700 2006 1001 10000
a contact +53700 +54300 1001 9002 100000
a contact +53700 +54300 2002 1001 10000
a contact +53700 +54300 2006 1001 10000
a contact +54300 +54500 1001 9002 100000
a contact +54300 +54600 2002 1001 10000
a contact +54300 +54600 2006 1001 10000
a contact +54600 +54700 2002 1001 10000
a contact +54500 +54700 2004 1001 10000
a contact +54600 +54700 2006 1001 10000
a contact +54700 +55000 2002 1001 10000
a contact +54700 +55000 2004 1001 10000
a contact +54700 +55000 2006 1001 10000
a contact +55000 +55600 2002 1001 10000
a contact +55000 +55600 2004 1001 10000
a contact +55000 +55600 2006 1001 10000
a contact +55600 +56200 2002 1001 10000
a contact +55600 +56200 2004 1001 10000
a contact +55600 +56200 2006 1001 10000
a contact +56200 +56600 2002 1001 10000
a contact +56200 +56600 2004 1001 10000
a contact +56600 +56700 2002 1001 10000
a contact +56600 +56700 2004 1001 10000
a contact +56200 +56700 2006 1001 10000
a contact +56700 +57000 2002 1001 10000
a contact +56700 +57000 2004 1001 10000
a contact +56700 +57000 2006 1001 10000
a contact +57000 +57600 2002 1001 10000
a contact +57000 +57600 2004 1001 10000
a contact +57000 +57600 2006 1001 10000
a contact +57600 +58200 2002 1001 10000
a contact +57600 +58200 2004 1001 10000
a contact +57600 +58200 2006 1001 10000
a contact +58200 +58700 2002 1001 10000
a contact +58200 +58700 2004 1001 10000
a contact +58200 +58700 2006 1001 10000
a contact +58700 +59300 2002 1001 10000
a contact +58700 +59300 2004 1001 10000
a contact +58700 +59300 2006 1001 10000
a contact +59300 +59500 2002 1001 10000
a contact +59300 +59500 2004 1001 10000
a contact +59300 +59500 2006 1001 10000
a contact +59500 +60100 2002 1001 10000
a contact +59500 +60100 2004 1001 10000
a contact +59500 +60100 2006 1001 10000
a contact +60100 +60700 2002 1001 10000
a contact +60100 +60700 2004 1001 10000
a contact +60100 +60700 2006 1001 10000
a contact +60700 +61300 2002 1001 10000
a contact +60700 +61300 2004 1001 10000
a contact +60700 +61300 2006 1001 10000
a contact +61300 +61900 2002 1001 10000
a contact +61300 +61900 2004 1001 10000
a contact +61300 +61900 2006 1001 10000
a contact +61900 +62500 2002 1001 10000
a contact +61900 +62500 2004 1001 10000
a contact +61900 +62500 2006 1001 10000
a contact +62500 +63100 2002 1001 10000
a contact +62500 +63100 2004 1001 10000
a contact +62500 +63100 2006 1001 10000
a contact +63100 +63700 2002 1001 10000
a contact +63100 +63700 2004 1001 10000
a contact +63100 +63700 2006 1001 10000
a contact +63700 +64500 2002 1001 10000
a contact +63700 +64500 2004 1001 10000
a contact +63700 +64500 2006 1001 10000
a contact +64500 +65100 2002 1001 10000
a contact +64500 +65100 2004 1001 10000
a contact +64500 +65100 2006 1001 10000
a contact +65100 +65900 2002 1001 10000
a contact +65100 +65900 2004 1001 10000
a contact +65100 +65900 2006 1001 10000
a contact +65900 +66000 2004 1001 10000
a contact +66000 +66200 1001 9001 100000
a contact +65900 +66200 2002 1001 10000
a contact +65900 +66200 2006 1001 10000
a contact +66200 +66400 2006 1001 10000
a contact +66200 +66400 2007 1001 10000
a contact +66400 +67000 1001 9002 100000
a contact +66200 +67000 2002 1001 10000
a contact +66400 +67000 2003 1001 10000
a contact +67000 +67400 1001 9001 100000
a contact +67000 +67400 2007 1001 10000
a contact +67000 +67700 2002 1001 10000
a contact +67400 +67700 2003 1001 10000
a contact +67400 +67700 2007 1001 10000
a contact +67700 +67900 1001 9002 100000
a contact +67700 +67900 2006 1001 10000
a contact +67900 +68100 1001 9002 100000
a contact +67700 +68100 2002 1001 10000
a contact +67900 +68100 2006 1001 10000
a contact +68100 +68700 2002 1001 10000
a contact +68100 +68700 2004 1001 10000
a contact +68100 +68700 2006 1001 10000
a contact +68700 +69300 2002 1001 10000
a contact +68700 +69300 2004 1001 10000
a contact +68700 +69300 2006 1001 10000
a contact +69300 +69600 2004 1001 10000
a contact +69300 +69600 2006 1001 10000
a contact +69300 +70200 2002 1001 10000
a contact +69600 +70200 2004 1001 10000
a contact +69600 +70200 2006 1001 10000
a contact +70200 +70300 2002 1001 10000
a contact +70200 +70300 2004 1001 10000
a contact +70200 +70300 2006 1001 10000
a contact +70300 +70900 1001 9002 100000
a contact +70900 +71500 1001 9002 100000
a contact +71500 +72100 1001 9002 100000
a contact +72100 +72700 1001 9002 100000
a contact +72700 +73000 1001 9002 100000
a contact +73000 +73100 2002 1001 10000
a contact +73000 +73100 2004 1001 10000
a contact +73000 +73100 2006 1001 10000
a contact +73100 +73300 2002 1001 10000
a contact +73100 +73300 2004 1001 10000
a contact +73100 +73300 2006 1001 10000
a contact +73300 +73900 2002 1001 10000
a contact +73300 +73900 2004 1001 10000
a contact +73300 +73900 2006 1001 10000
a contact +73900 +74500 2002 1001 10000
a contact +73900 +74500 2004 1001 10000
a contact +73900 +74500 2006 1001 10000
a contact +74500 +75100 2002 1001 10000
a contact +74500 +75100 2004 1001 10000
a contact +74500 +75100 2006 1001 10000
a contact +75100 +75400 2002 1001 10000
a contact +75100 +75400 2004 1001 10000
a contact +75100 +75400 2006 1001 10000
a contact +75400 +75600 2002 1001 10000
a contact +75400 +75600 2004 1001 10000
a contact +75600 +75900 2002 1001 10000
a contact +75600 +75900 2004 1001 10000
a contact +75400 +75900 2006 1001 10000
a contact +75900 +76500 2002 1001 10000
a contact +75900 +76500 2004 1001 10000
a contact +75900 +76500 2006 1001 10000
a contact +76500 +77100 2002 1001 10000
a contact +76500 +77100 2004 1001 10000
a contact +76500 +77100 2006 1001 10000
a contact +77100 +77500 2002 1001 10000
a contact +77100 +77500 2004 1001 10000
a contact +77100 +77500 2006 1001 10000
a contact +77500 +78000 2002 1001 10000
a contact +77500 +78000 2004 1001 10000
a contact +77500 +78000 2006 1001 10000
a contact +78000 +78200 2002 1001 10000
a contact +78000 +78200 2004 1001 10000
a contact +78000 +78200 2006 1001 10000
a contact +78200 +78400 2002 1001 10000
a contact +78200 +78400 2004 1001 10000
a contact +78200 +78400 2006 1001 10000
a contact +78400 +79000 2002 1001 10000
a contact +78400 +79000 2004 1001 10000
a contact +78400 +79000 2006 1001 10000
a contact +79000 +79600 2002 1001 10000
a contact +79000 +79600 2004 1001 10000
a contact +79000 +79600 2006 1001 10000
a contact +79600 +80200 2002 1001 10000
a contact +79600 +80200 2004 1001 10000
a contact +79600 +80200 2006 1001 10000
a contact +80200 +80800 2002 1001 10000
a contact +80200 +80800 2004 1001 10000
a contact +80200 +80800 2006 1001 10000
a contact +80800 +81000 2002 1001 10000
a contact +80800 +81000 2004 1001 10000
a contact +80800 +81000 2006 1001 10000
a contact +81000 +81600 2002 1001 10000
a contact +81000 +81600 2004 1001 10000
a contact +81000 +81600 2006 1001 10000
a contact +81600 +82200 2002 1001 10000
a contact +81600 +82200 2004 1001 10000
a contact +81600 +82200 2006 1001 10000
a contact +82200 +82800 2002 1001 10000
a contact +82200 +82800 2004 1001 10000
a contact +82200 +82800 2006 1001 10000
a contact +82800 +83300 2002 1001 10000
a contact +82800 +83300 2004 1001 10000
a contact +82800 +83300 2006 1001 10000
a contact +83300 +83800 2002 1001 10000
a contact +83300 +83800 2004 1001 10000
a contact +83300 +83800 2006 1001 10000
a contact +83800 +84400 1001 9002 100000
a contact +83800 +84400 1001 9001 100000
a contact +83800 +84400 2003 1001 10000
a contact +84400 +84900 2002 1001 10000
a contact +84400 +84900 2004 1001 10000
a contact +84400 +84900 2006 1001 10000
a contact +84900 +85000 2006 1001 10000
a contact +84900 +85000 2007 1001 10000
a contact +84900 +85300 2002 1001 10000
a contact +85000 +85300 2006 1001 10000
a contact +85000 +85800 1001 9001 100000
a contact +85300 +85800 2002 1001 10000
a contact +85300 +85800 2007 1001 10000
a contact +85800 +86400 2002 1001 10000
a contact +85800 +86400 2003 1001 10000
a contact +85800 +86400 2007 1001 10000

a range +0 +200 1001 9003 0
a range +200 +500 1001 9003 0
a range +500 +1100 1001 9003 0
a range +1100 +1600 1001 9003 0
a range +1600 +2100 1001 9003 0
a range +2100 +2400 1001 9003 0
a range +2400 +3000 2006 1001 0
a range +2400 +3000 2007 1001 0
a range +2400 +3000 2008 1001 0
a range +3000 +3600 2006 1001 0
a range +3000 +3600 2007 1001 0
a range +3000 +3600 2008 1001 0
a range +3600 +4200 2006 1001 0
a range +3600 +4200 2007 1001 0
a range +3600 +4200 2008 1001 0
a range +4200 +4800 2006 1001 0
a range +4200 +4800 2007 1001 0
a range +4200 +4800 2008 1001 0
a range +4800 +5400 2006 1001 0
a range +4800 +5400 2007 1001 0
a range +4800 +5400 2008 1001 0
a range +5400 +6000 2006 1001 0
a range +5400 +6000 2007 1001 0
a range +5400 +6000 2008 1001 0
a range +6000 +6600 2006 1001 0
a range +6000 +6600 2007 1001 0
a range +6000 +6600 2008 1001 0
a range +6600 +7200 2006 1001 0
a range +6600 +7200 2007 1001 0
a range +6600 +7200 2008 1001 0
a range +7200 +7300 2003 1001 0
a range +7200 +7300 2004 1001 0
a range +7200 +7300 2005 1001 0
a range +7300 +7900 1001 9001 0
a range +7300 +7900 2001 1001 0
a range +7300 +7900 2005 1001 0
a range +7900 +8500 1001 9001 0
a range +7900 +8500 2001 1001 0
a range +7900 +8500 2005 1001 0
a range +8500 +9100 1001 9001 0
a range +8500 +9100 2005 1001 0
a range +8500 +9400 2001 1001 0
a range +9100 +9400 2002 1001 0
a range +9100 +9400 2005 1001 0
a range +9400 +9600 2001 1001 0
a range +9400 +9600 2002 1001 0
a range +9400 +9600 2005 1001 0
a range +9600 +9900 2001 1001 0
a range +9600 +9900 2002 1001 0
a range +9600 +9900 2005 1001 0
a range +9900 +10000 2002 1001 0
a range +9900 +10000 2005 1001 0
a range +9900 +10600 2001 1001 0
a range +10000 +10600 2002 1001 0
a range +10000 +10600 2005 1001 0
a range +10600 +11000 2001 1001 0
a range +10600 +11000 2002 1001 0
a range +10600 +11000 2005 1001 0
a range +11000 +11600 2001 1001 0
a range +11000 +11600 2002 1001 0
a range +11000 +11600 2005 1001 0
a range +11600 +12000 1001 9001 0
a range +11600 +12000 1001 9002 0
a range +11600 +12000 2003 1001 0
a range +12000 +12600 1001 9002 0
a range +12000 +12600 2003 1001 0
a range +12000 +12600 2004 1001 0
a range +12600 +13000 1001 9002 0
a range +12600 +13000 2003 1001 0
a range +12600 +13000 2004 1001 0
a range +13000 +13600 1001 9002 0
a range +13000 +13600 2003 1001 0
a range +13000 +13600 2004 1001 0
a range +13600 +14200 1001 9002 0
a range +13600 +14200 2003 1001 0
a range +13600 +14200 2004 1001 0
a range +14200 +14800 1001 9002 0
a range +14200 +14800 2003 1001 0
a range +14200 +14800 2004 1001 0
a range +14800 +15300 2002 1001 0
a range +14800 +15300 2003 1001 0
a range +14800 +15300 2004 1001 0
a range +15300 +15900 2002 1001 0
a range +15300 +15900 2003 1001 0
a range +15300 +15900 2004 1001 0
a range +15900 +16500 2002 1001 0
a range +15900 +16500 2003 1001 0
a range +15900 +16500 2004 1001 0
a range +16500 +16800 2002 1001 0
a range +16500 +16800 2003 1001 0
a range +16800 +17300 2002 1001 0
a range +16800 +17300 2003 1001 0
a range +16500 +17300 2004 1001 0
a range +17300 +17700 2002 1001 0
a range +17300 +17700 2003 1001 0
a range +17300 +17700 2004 1001 0
a range +17700 +18400 2002 1001 0
a range +17700 +18400 2003 1001 0
a range +17700 +18400 2004 1001 0
a range +18400 +18800 2002 1001 0
a range +18400 +18800 2003 1001 0
a range +18400 +18800 2004 1001 0
a range +18800 +19400 1001 9003 0
a range +18800 +19400 2002 1001 0
a range +18800 +19400 2004 1001 0
a range +19400 +20000 1001 9003 0
a range +19400 +20000 2002 1001 0
a range +19400 +20000 2004 1001 0
a range +20000 +20500 1001 9003 0
a range +20000 +20500 2002 1001 0
a range +20000 +20500 2004 1001 0
a range +20500 +21000 2002 1001 0
a range +20500 +21000 2004 1001 0
a range +21000 +21600 2002 1001 0
a range +21000 +21600 2004 1001 0
a range +20500 +21600 2007 1001 0
a range +21600 +22200 2002 1001 0
a range +21600 +22200 2004 1001 0
a range +21600 +22200 2007 1001 0
a range +22200 +23000 2002 1001 0
a range +22200 +23000 2004 1001 0
a range +22200 +23000 2007 1001 0
a range +23000 +23200 2002 1001 0
a range +23000 +23200 2004 1001 0
a range +23000 +23200 2007 1001 0
a range +23200 +23800 1001 9001 0
a range +23200 +23800 1001 9003 0
a range +23800 +24400 1001 9003 0
a range +23800 +24400 1001 9001 0
a range +24400 +25000 1001 9003 0
a range +24400 +25000 1001 9001 0
a range +25000 +25600 1001 9001 0
a range +25000 +25600 1001 9003 0
a range +25600 +26000 1001 9001 0
a range +26000 +26800 2005 1001 0
a range +26000 +26800 2006 1001 0
a range +26000 +26800 2008 1001 0
a range +26800 +27400 2005 1001 0
a range +26800 +27400 2006 1001 0
a range +26800 +27400 2008 1001 0
a range +27400 +28000 2005 1001 0
a range +27400 +28000 2006 1001 0
a range +27400 +28000 2008 1001 0
a range +28000 +28300 2005 1001 0
a range +28000 +28300 2008 1001 0
a range +28300 +28400 2005 1001 0
a range +28000 +28400 2006 1001 0
a range +28300 +28400 2008 1001 0
a range +28400 +28800 2005 1001 0
a range +28400 +28800 2006 1001 0
a range +28400 +28800 2008 1001 0
a range +28800 +29400 1001 9002 0
a range +28800 +29400 2005 1001 0
a range +28800 +29400 2008 1001 0
a range +29400 +29800 1001 9002 0
a range +29400 +29800 2005 1001 0
a range +29400 +29800 2008 1001 0
a range +29800 +30200 1001 9002 0
a range +29800 +30200 2008 1001 0
a range +30200 +30400 2001 1001 0
a range +29800 +30400 2005 1001 0
a range +30200 +30400 2008 1001 0
a range +30400 +31100 2001 1001 0
a range +30400 +31100 2005 1001 0
a range +30400 +31100 2008 1001 0
a range +31100 +31700 2001 1001 0
a range +31100 +31700 2005 1001 0
a range +31100 +31700 2008 1001 0
a range +31700 +32400 2001 1001 0
a range +31700 +32400 2005 1001 0
a range +31700 +32400 2008 1001 0
a range +32400 +33000 2001 1001 0
a range +32400 +33000 2005 1001 0
a range +32400 +33000 2008 1001 0
a range +33000 +33600 2001 1001 0
a range +33000 +33600 2005 1001 0
a range +33000 +33600 2008 1001 0
a range +33600 +34200 2001 1001 0
a range +33600 +34200 2005 1001 0
a range +33600 +34200 2008 1001 0
a range +34200 +34800 2001 1001 0
a range +34200 +34800 2005 1001 0
a range +34200 +34800 2008 1001 0
a range +34800 +35400 2001 1001 0
a range +34800 +35400 2005 1001 0
a range +34800 +35400 2008 1001 0
a range +35400 +36200 2001 1001 0
a range +35400 +36200 2005 1001 0
a range +35400 +36200 2008 1001 0
a range +36200 +36800 2001 1001 0
a range +36200 +36800 2005 1001 0
a range +36200 +36800 2008 1001 0
a range +36800 +37400 2001 1001 0
a range +36800 +37400 2005 1001 0
a range +36800 +37400 2008 1001 0
a range +37400 +37700 2001 1001 0
a range +37400 +37700 2005 1001 0
a range +37400 +37700 2008 1001 0
a range +37700 +37900 2001 1001 0
a range +37700 +37900 2005 1001 0
a range +37700 +37900 2008 1001 0
a range +37900 +38200 2001 1001 0
a range +37900 +38200 2005 1001 0
a range +37900 +38200 2008 1001 0
a range +38200 +38800 1001 9003 0
a range +38200 +38800 2001 1001 0
a range +38200 +38800 2008 1001 0
a range +38800 +39300 1001 9003 0
a range +38800 +39300 2001 1001 0
a range +38800 +39300 2008 1001 0
a range +39300 +39600 1001 9003 0
a range +39300 +39600 2001 1001 0
a range +39300 +39600 2008 1001 0
a range +39600 +39800 2001 1001 0
a range +39600 +39800 2006 1001 0
a range +39600 +39800 2008 1001 0
a range +39800 +40400 2001 1001 0
a range +39800 +40400 2006 1001 0
a range +39800 +40400 2008 1001 0
a range +40400 +41000 2001 1001 0
a range +40400 +41000 2006 1001 0
a range +40400 +41000 2008 1001 0
a range +41000 +41900 2001 1001 0
a range +41000 +41900 2006 1001 0
a range +41000 +41900 2008 1001 0
a range +41900 +42200 1001 9003 0
a range +41900 +42200 1001 9001 0
a range +41900 +42200 2003 1001 0
a range +42200 +42800 1001 9001 0
a range +42200 +42800 2003 1001 0
a range +42200 +42800 2007 1001 0
a range +42800 +43400 1001 9001 0
a range +42800 +43400 2003 1001 0
a range +42800 +43400 2007 1001 0
a range +43400 +44000 1001 9001 0
a range +43400 +44000 2003 1001 0
a range +43400 +44000 2007 1001 0
a range +44000 +44100 1001 9001 0
a range +44000 +44100 2003 1001 0
a range +44000 +44100 2007 1001 0
a range +44100 +44700 1001 9001 0
a range +44100 +44700 2003 1001 0
a range +44100 +44700 2007 1001 0
a range +44700 +45000 1001 9001 0
a range +44700 +45000 2003 1001 0
a range +44700 +45000 2007 1001 0
a range +45000 +45600 1001 9001 0
a range +45000 +45600 2003 1001 0
a range +45000 +45600 2007 1001 0
a range +45600 +46200 1001 9001 0
a range +45600 +46200 2003 1001 0
a range +45600 +46200 2007 1001 0
a range +46200 +46700 1001 9001 0
a range +46200 +46700 2003 1001 0
a range +46200 +46700 2007 1001 0
a range +46700 +46800 1001 9001 0
a range +46700 +46800 2001 1001 0
a range +46700 +46800 2008 1001 0
a range +46800 +46900 1001 9001 0
a range +46900 +47100 1001 9002 0
a range +46900 +47100 1001 9001 0
a range +47100 +47300 1001 9002 0
a range +47300 +47600 1001 9002 0
a range +47100 +47600 1001 9001 0
a range +47600 +48200 1001 9001 0
a range +47600 +48200 1001 9002 0
a range +48200 +48800 1001 9002 0
a range +48200 +48800 1001 9001 0
a range +48800 +48900 1001 9001 0
a range +48800 +49300 1001 9002 0
a range +49300 +49500 1001 9002 0
a range +49500 +50100 1001 9002 0
a range +49500 +50100 2002 1001 0
a range +49500 +50100 2006 1001 0
a range +50100 +50700 1001 9002 0
a range +50100 +50700 2002 1001 0
a range +50100 +50700 2006 1001 0
a range +50700 +51300 1001 9002 0
a range +50700 +51300 2002 1001 0
a range +50700 +51300 2006 1001 0
a range +51300 +51900 1001 9002 0
a range +51300 +51900 2002 1001 0
a range +51300 +51900 2006 1001 0
a range +51900 +52500 1001 9002 0
a range +51900 +52500 2002 1001 0
a range +51900 +52500 2006 1001 0
a range +52500 +53100 1001 9002 0
a range +52500 +53100 2002 1001 0
a range +52500 +53100 2006 1001 0
a range +53100 +53700 1001 9002 0
a range +53100 +53700 2002 1001 0
a range +53100 +53700 2006 1001 0
a range +53700 +54300 1001 9002 0
a range +53700 +54300 2002 1001 0
a range +53700 +54300 2006 1001 0
a range +54300 +54500 1001 9002 0
a range +54300 +54600 2002 1001 0
a range +54300 +54600 2006 1001 0
a range +54600 +54700 2002 1001 0
a range +54500 +54700 2004 1001 0
a range +54600 +54700 2006 1001 0
a range +54700 +55000 2002 1001 0
a range +54700 +55000 2004 1001 0
a range +54700 +55000 2006 1001 0
a range +55000 +55600 2002 1001 0
a range +55000 +55600 2004 1001 0
a range +55000 +55600 2006 1001 0
a range +55600 +56200 2002 1001 0
a range +55600 +56200 2004 1001 0
a range +55600 +56200 2006 1001 0
a range +56200 +56600 2002 1001 0
a range +56200 +56600 2004 1001 0
a range +56600 +56700 2002 1001 0
a range +56600 +56700 2004 1001 0
a range +56200 +56700 2006 1001 0
a range +56700 +57000 2002 1001 0
a range +56700 +57000 2004 1001 0
a range +56700 +57000 2006 1001 0
a range +57000 +57600 2002 1001 0
a range +57000 +57600 2004 1001 0
a range +57000 +57600 2006 1001 0
a range +57600 +58200 2002 1001 0
a range +57600 +58200 2004 1001 0
a range +57600 +58200 2006 1001 0
a range +58200 +58700 2002 1001 0
a range +58200 +58700 2004 1001 0
a range +58200 +58700 2006 1001 0
a range +58700 +59300 2002 1001 0
a range +58700 +59300 2004 1001 0
a range +58700 +59300 2006 1001 0
a range +59300 +59500 2002 1001 0
a range +59300 +59500 2004 1001 0
a range +59300 +59500 2006 1001 0
a range +59500 +60100 2002 1001 0
a range +59500 +60100 2004 1001 0
a range +59500 +60100 2006 1001 0
a range +60100 +60700 2002 1001 0
a range +60100 +60700 2004 1001 0
a range +60100 +60700 2006 1001 0
a range +60700 +61300 2002 1001 0
a range +60700 +61300 2004 1001 0
a range +60700 +61300 2006 1001 0
a range +61300 +61900 2002 1001 0
a range +61300 +61900 2004 1001 0
a range +61300 +61900 2006 1001 0
a range +61900 +62500 2002 1001 0
a range +61900 +62500 2004 1001 0
a range +61900 +62500 2006 1001 0
a range +62500 +63100 2002 1001 0
a range +62500 +63100 2004 1001 0
a range +62500 +63100 2006 1001 0
a range +63100 +63700 2002 1001 0
a range +63100 +63700 2004 1001 0
a range +63100 +63700 2006 1001 0
a range +63700 +64500 2002 1001 0
a range +63700 +64500 2004 1001 0
a range +63700 +64500 2006 1001 0
a range +64500 +65100 2002 1001 0
a range +64500 +65100 2004 1001 0
a range +64500 +65100 2006 1001 0
a range +65100 +65900 2002 1001 0
a range +65100 +65900 2004 1001 0
a range +65100 +65900 2006 1001 0
a range +65900 +66000 2004 1001 0
a range +66000 +66200 1001 9001 0
a range +65900 +66200 2002 1001 0
a range +65900 +66200 2006 1001 0
a range +66200 +66400 2006 1001 0
a range +66200 +66400 2007 1001 0
a range +66400 +67000 1001 9002 0
a range +66200 +67000 2002 1001 0
a range +66400 +67000 2003 1001 0
a range +67000 +67400 1001 9001 0
a range +67000 +67400 2007 1001 0
a range +67000 +67700 2002 1001 0
a range +67400 +67700 2003 1001 0
a range +67400 +67700 2007 1001 0
a range +67700 +67900 1001 9002 0
a range +67700 +67900 2006 1001 0
a range +67900 +68100 1001 9002 0
a range +67700 +68100 2002 1001 0
a range +67900 +68100 2006 1001 0
a range +68100 +68700 2002 1001 0
a range +68100 +68700 2004 1001 0
a range +68100 +68700 2006 1001 0
a range +68700 +69300 2002 1001 0
a range +68700 +69300 2004 1001 0
a range +68700 +69300 2006 1001 0
a range +69300 +69600 2004 1001 0
a range +69300 +69600 2006 1001 0
a range +69300 +70200 2002 1001 0
a range +69600 +70200 2004 1001 0
a range +69600 +70200 2006 1001 0
a range +70200 +70300 2002 1001 0
a range +70200 +70300 2004 1001 0
a range +70200 +70300 2006 1001 0
a range +70300 +70900 1001 9002 0
a range +70900 +71500 1001 9002 0
a range +71500 +72100 1001 9002 0
a range +72100 +72700 1001 9002 0
a range +72700 +73000 1001 9002 0
a range +73000 +73100 2002 1001 0
a range +73000 +73100 2004 1001 0
a range +73000 +73100 2006 1001 0
a range +73100 +73300 2002 1001 0
a range +73100 +73300 2004 1001 0
a range +73100 +73300 2006 1001 0
a range +73300 +73900 2002 1001 0
a range +73300 +73900 2004 1001 0
a range +73300 +73900 2006 1001 0
a range +73900 +74500 2002 1001 0
a range +73900 +74500 2004 1001 0
a range +73900 +74500 2006 1001 0
a range +74500 +75100 2002 1001 0
a range +74500 +75100 2004 1001 0
a range +74500 +75100 2006 1001 0
a range +75100 +75400 2002 1001 0
a range +75100 +75400 2004 1001 0
a range +75100 +75400 2006 1001 0
a range +75400 +75600 2002 1001 0
a range +75400 +75600 2004 1001 0
a range +75600 +75900 2002 1001 0
a range +75600 +75900 2004 1001 0
a range +75400 +75900 2006 1001 0
a range +75900 +76500 2002 1001 0
a range +75900 +76500 2004 1001 0
a range +75900 +76500 2006 1001 0
a range +76500 +77100 2002 1001 0
a range +76500 +77100 2004 1001 0
a range +76500 +77100 2006 1001 0
a range +77100 +77500 2002 1001 0
a range +77100 +77500 2004 1001 0
a range +77100 +77500 2006 1001 0
a range +77500 +78000 2002 1001 0
a range +77500 +78000 2004 1001 0
a range +77500 +78000 2006 1001 0
a range +78000 +78200 2002 1001 0
a range +78000 +78200 2004 1001 0
a range +78000 +78200 2006 1001 0
a range +78200 +78400 2002 1001 0
a range +78200 +78400 2004 1001 0
a range +78200 +78400 2006 1001 0
a range +78400 +79000 2002 1001 0
a range +78400 +79000 2004 1001 0
a range +78400 +79000 2006 1001 0
a range +79000 +79600 2002 1001 0
a range +79000 +79600 2004 1001 0
a range +79000 +79600 2006 1001 0
a range +79600 +80200 2002 1001 0
a range +79600 +80200 2004 1001 0
a range +79600 +80200 2006 1001 0
a range +80200 +80800 2002 1001 0
a range +80200 +80800 2004 1001 0
a range +80200 +80800 2006 1001 0
a range +80800 +81000 2002 1001 0
a range +80800 +81000 2004 1001 0
a range +80800 +81000 2006 1001 0
a range +81000 +81600 2002 1001 0
a range +81000 +81600 2004 1001 0
a range +81000 +81600 2006 1001 0
a range +81600 +82200 2002 1001 0
a range +81600 +82200 2004 1001 0
a range +81600 +82200 2006 1001 0
a range +82200 +82800 2002 1001 0
a range +82200 +82800 2004 1001 0
a range +82200 +82800 2006 1001 0
a range +82800 +83300 2002 1001 0
a range +82800 +83300 2004 1001 0
a range +82800 +83300 2006 1001 0
a range +83300 +83800 2002 1001 0
a range +83300 +83800 2004 1001 0
a range +83300 +83800 2006 1001 0
a range +83800 +84400 1001 9002 0
a range +83800 +84400 1001 9001 0
a range +83800 +84400 2003 1001 0
a range +84400 +84900 2002 1001 0
a range +84400 +84900 2004 1001 0
a range +84400 +84900 2006 1001 0
a range +84900 +85000 2006 1001 0
a range +84900 +85000 2007 1001 0
a range +84900 +85300 2002 1001 0
a range +85000 +85300 2006 1001 0
a range +85000 +85800 1001 9001 0
a range +85300 +85800 2002 1001 0
a range +85300 +85800 2007 1001 0
a range +85800 +86400 2002 1001 0
a range +85800 +86400 2003 1001 0
a range +85800 +86400 2007 1001 0
