a contact +1600 +1900 2010 2013 1000
a contact +1600 +1900 2013 2010 1000
a contact +1900 +2100 2004 2007 1000
a contact +1900 +2100 2007 2004 1000
a contact +3200 +3600 2012 9001 1000
a contact +3200 +3600 9001 2012 1000
a contact +3600 +4200 1001 2015 1000
a contact +3600 +4200 2015 1001 1000
a contact +4200 +4700 2007 2011 1000
a contact +4200 +4700 2011 2007 1000
a contact +4900 +5200 1001 2010 1000
a contact +4900 +5200 2006 9002 1000
a contact +4900 +5200 2010 1001 1000
a contact +4900 +5200 9002 2006 1000
a contact +5800 +6300 2007 9001 1000
a contact +5800 +6300 9001 2007 1000
a contact +6300 +6600 2002 2015 1000
a contact +6300 +6600 2015 2002 1000
a contact +6800 +7200 1001 2013 1000
a contact +6800 +7200 2004 2007 1000
a contact +6800 +7200 2007 2004 1000
a contact +6800 +7200 2013 1001 1000
a contact +7200 +7300 2011 2015 1000
a contact +7200 +7300 2015 2011 1000
a contact +8900 +9400 2011 2014 1000
a contact +8900 +9400 2014 2011 1000
a contact +9400 +9600 2016 9002 1000
a contact +9400 +9600 9002 2016 1000
a contact +9900 +10000 2013 2016 1000
a contact +9900 +10000 2016 2013 1000
a contact +13000 +13600 2004 2012 1000
a contact +13000 +13600 2012 2004 1000
a contact +13600 +14100 2003 9001 1000
a contact +13600 +14100 2007 2015 1000
a contact +13600 +14100 2015 2007 1000
a contact +13600 +14100 9001 2003 1000
a contact +14100 +14300 2012 2016 1000
a contact +14100 +14300 2016 2012 1000
a contact +14300 +14600 2001 2005 1000
a contact +14300 +14600 2005 2001 1000
a contact +15300 +15800 2001 2008 1000
a contact +15300 +15800 2008 2001 1000
a contact +15800 +16000 2013 2016 1000
a contact +15800 +16000 2016 2013 1000
a contact +17700 +17800 2010 2015 1000
a contact +17700 +17800 2015 2010 1000
a contact +19000 +19400 2013 2016 1000
a contact +19000 +19400 2016 2013 1000
a contact +20000 +20500 2008 2012 1000
a contact +20000 +20500 2012 2008 1000
a contact +20800 +21000 2006 2014 1000
a contact +20800 +21000 2014 2006 1000
a contact +22000 +22400 2006 2016 1000
a contact +22000 +22400 2008 2014 1000
a contact +22000 +22400 2014 2008 1000
a contact +22000 +22400 2016 2006 1000
a contact +23200 +23500 2011 2014 1000
a contact +23200 +23500 2014 2011 1000
a contact +23500 +23600 2003 2010 1000
a contact +23500 +23600 2010 2003 1000
a contact +25200 +25500 2006 2014 1000
a contact +25200 +25500 2014 2006 1000
a contact +26000 +26200 2011 2016 1000
a contact +26000 +26200 2016 2011 1000
a contact +26200 +26800 2003 2013 1000
a contact +26200 +26800 2013 2003 1000
a contact +27200 +27700 2007 2012 1000
a contact +27200 +27700 2012 2007 1000
a contact +28300 +28400 2005 2008 1000
a contact +28300 +28400 2008 2005 1000
a contact +29400 +29800 2004 2007 1000
a contact +29400 +29800 2007 2004 1000
a contact +29900 +30200 2003 2008 1000
a contact +29900 +30200 2008 2003 1000
a contact +31900 +32400 2001 2006 1000
a contact +31900 +32400 2006 2001 1000
a contact +31900 +32400 2013 2016 1000
a contact +31900 +32400 2016 2013 1000
a contact +32400 +32900 2007 2014 1000
a contact +32400 +32900 2014 2007 1000
a contact +34100 +34600 2007 2012 1000
a contact +34100 +34600 2012 2007 1000
a contact +37200 +37700 1001 2003 1000
a contact +37200 +37700 2003 1001 1000
a contact +37900 +38200 1001 2012 1000
a contact +37900 +38200 2012 1001 1000
a contact +39800 +40300 1001 2010 1000
a contact +39800 +40300 2005 9003 1000
a contact +39800 +40300 2010 1001 1000
a contact +39800 +40300 9003 2005 1000
a contact +42200 +42400 2006 2011 1000
a contact +42200 +42400 2011 2006 1000
a contact +42400 +42600 2002 2010 1000
a contact +42400 +42600 2005 2014 1000
a contact +42400 +42600 2006 2015 1000
a contact +42400 +42600 2007 2016 1000
a contact +42400 +42600 2010 2002 1000
a contact +42400 +42600 2014 2005 1000
a contact +42400 +42600 2015 2006 1000
a contact +42400 +42600 2016 2007 1000
a contact +42600 +42900 2008 2013 1000
a contact +42600 +42900 2013 2008 1000
a contact +43500 +44100 2005 2008 1000
a contact +43500 +44100 2008 2005 1000
a contact +44500 +45000 2004 2012 1000
a contact +44500 +45000 2012 2004 1000
a contact +45000 +45600 2003 2013 1000
a contact +45000 +45600 2006 2011 1000
a contact +45000 +45600 2011 2006 1000
a contact +45000 +45600 2013 2003 1000
a contact +46000 +46600 2005 2009 1000
a contact +46000 +46600 2009 2005 1000
a contact +47100 +47300 1001 9002 1000
a contact +47100 +47300 9002 1001 1000
a contact +47600 +48200 1001 9002 1000
a contact +47600 +48200 2008 2016 1000
a contact +47600 +48200 2016 2008 1000
a contact +47600 +48200 9002 1001 1000
a contact +50300 +50700 2006 2015 1000
a contact +50300 +50700 2015 2006 1000
a contact +50700 +51300 2008 2011 1000
a contact +50700 +51300 2011 2008 1000
a contact +51800 +52000 2004 2013 1000
a contact +51800 +52000 2013 2004 1000
a contact +52000 +52300 2004 2015 1000
a contact +52000 +52300 2015 2004 1000
a contact +53800 +54000 1001 2015 1000
a contact +53800 +54000 2001 2016 1000
a contact +53800 +54000 2015 1001 1000
a contact +53800 +54000 2016 2001 1000
a contact +54000 +54500 2001 2013 1000
a contact +54000 +54500 2013 2001 1000
a contact +54700 +55000 2004 2013 1000
a contact +54700 +55000 2013 2004 1000
a contact +55400 +56000 2001 2006 1000
a contact +55400 +56000 2004 2008 1000
a contact +55400 +56000 2006 2001 1000
a contact +55400 +56000 2008 2004 1000
a contact +55400 +56000 2011 2015 1000
a contact +55400 +56000 2015 2011 1000
a contact +56600 +56700 1001 2008 1000
a contact +56600 +56700 2008 1001 1000
a contact +59500 +59800 2001 2010 1000
a contact +59500 +59800 2010 2001 1000
a contact +61300 +61400 2003 2016 1000
a contact +61300 +61400 2016 2003 1000
a contact +62900 +63200 2006 2014 1000
a contact +62900 +63200 2014 2006 1000
a contact +64500 +64900 2012 2016 1000
a contact +64500 +64900 2016 2012 1000
a contact +64900 +65300 1001 2005 1000
a contact +64900 +65300 2005 1001 1000
a contact +66200 +66400 2007 2016 1000
a contact +66200 +66400 2016 2007 1000
a contact +66400 +67000 2002 2010 1000
a contact +66400 +67000 2010 2002 1000
a contact +66400 +67000 2012 2015 1000
a contact +66400 +67000 2015 2012 1000
a contact +67400 +67700 1001 2013 1000
a contact +67400 +67700 2009 9001 1000
a contact +67400 +67700 2013 1001 1000
a contact +67400 +67700 9001 2009 1000
a contact +67900 +68100 1001 2011 1000
a contact +67900 +68100 2011 1001 1000
a contact +69600 +70200 2002 2013 1000
a contact +69600 +70200 2013 2002 1000
a contact +70200 +70300 1001 2014 1000
a contact +70200 +70300 2004 2012 1000
a contact +70200 +70300 2006 9001 1000
a contact +70200 +70300 2012 2004 1000
a contact +70200 +70300 2014 1001 1000
a contact +70200 +70300 9001 2006 1000
a contact +70700 +70900 2009 2012 1000
a contact +70700 +70900 2012 2009 1000
a contact +70900 +71200 2011 2015 1000
a contact +70900 +71200 2015 2011 1000
a contact +71800 +72400 2004 2012 1000
a contact +71800 +72400 2012 2004 1000
a contact +73000 +73100 2005 2014 1000
a contact +73000 +73100 2008 2016 1000
a contact +73000 +73100 2014 2005 1000
a contact +73000 +73100 2016 2008 1000
a contact +73100 +73300 1001 2010 1000
a contact +73100 +73300 2010 1001 1000
a contact +75900 +76500 2006 2015 1000
a contact +75900 +76500 2009 2012 1000
a contact +75900 +76500 2010 2013 1000
a contact +75900 +76500 2012 2009 1000
a contact +75900 +76500 2013 2010 1000
a contact +75900 +76500 2015 2006 1000
a contact +78000 +78200 2008 2013 1000
a contact +78000 +78200 2013 2008 1000
a contact +78200 +78400 2002 2013 1000
a contact +78200 +78400 2013 2002 1000
a contact +78600 +79000 2004 2010 1000
a contact +78600 +79000 2006 2016 1000
a contact +78600 +79000 2007 9001 1000
a contact +78600 +79000 2010 2004 1000
a contact +78600 +79000 2016 2006 1000
a contact +78600 +79000 9001 2007 1000
a contact +79000 +79600 2001 2014 1000
a contact +79000 +79600 2014 2001 1000
a contact +79600 +80100 2004 2009 1000
a contact +79600 +80100 2009 2004 1000
a contact +79600 +80100 2011 2015 1000
a contact +79600 +80100 2015 2011 1000
a contact +80600 +81000 2002 9001 1000
a contact +80600 +81000 9001 2002 1000
a contact +82000 +82200 2010 9001 1000
a contact +82000 +82200 9001 2010 1000
a contact +82300 +82800 2003 2006 1000
a contact +82300 +82800 2006 2003 1000
a contact +82800 +83300 2004 2012 1000
a contact +82800 +83300 2010 2015 1000
a contact +82800 +83300 2012 2004 1000
a contact +82800 +83300 2015 2010 1000
a contact +83300 +83700 2003 2015 1000
a contact +83300 +83700 2015 2003 1000
a contact +84800 +84900 2012 9001 1000
a contact +84800 +84900 9001 2012 1000

a range +1600 +1900 2010 2013 0.0334
a range +1600 +1900 2013 2010 0.0334
a range +1900 +2100 2004 2007 0.0334
a range +1900 +2100 2007 2004 0.0334
a range +3200 +3600 2012 9001 1101.9525
a range +3200 +3600 9001 2012 1101.9525
a range +3600 +4200 1001 2015 1102.6868
a range +3600 +4200 2015 1001 1102.6868
a range +4200 +4700 2007 2011 0.0182
a range +4200 +4700 2011 2007 0.0182
a range +4900 +5200 1001 2010 1102.2721
a range +4900 +5200 2006 9002 1102.2892
a range +4900 +5200 2010 1001 1102.2721
a range +4900 +5200 9002 2006 1102.2892
a range +5800 +6300 2007 9001 1102.1199
a range +5800 +6300 9001 2007 1102.1199
a range +6300 +6600 2002 2015 0.0435
a range +6300 +6600 2015 2002 0.0435
a range +6800 +7200 1001 2013 1102.6941
a range +6800 +7200 2004 2007 0.0334
a range +6800 +7200 2007 2004 0.0334
a range +6800 +7200 2013 1001 1102.6941
a range +7200 +7300 2011 2015 0.0182
a range +7200 +7300 2015 2011 0.0182
a range +8900 +9400 2011 2014 0.0353
a range +8900 +9400 2014 2011 0.0353
a range +9400 +9600 2016 9002 1103.3794
a range +9400 +9600 9002 2016 1103.3794
a range +9900 +10000 2013 2016 0.0343
a range +9900 +10000 2016 2013 0.0343
a range +13000 +13600 2004 2012 0.0065
a range +13000 +13600 2012 2004 0.0065
a range +13600 +14100 2003 9001 1102.3334
a range +13600 +14100 2007 2015 0.0337
a range +13600 +14100 2015 2007 0.0337
a range +13600 +14100 9001 2003 1102.3334
a range +14100 +14300 2012 2016 0.0035
a range +14100 +14300 2016 2012 0.0035
a range +14300 +14600 2001 2005 0.0182
a range +14300 +14600 2005 2001 0.0182
a range +15300 +15800 2001 2008 0.0353
a range +15300 +15800 2008 2001 0.0353
a range +15800 +16000 2013 2016 0.0343
a range +15800 +16000 2016 2013 0.0343
a range +17700 +17800 2010 2015 0.0353
a range +17700 +17800 2015 2010 0.0353
a range +19000 +19400 2013 2016 0.0343
a range +19000 +19400 2016 2013 0.0343
a range +20000 +20500 2008 2012 0.0035
a range +20000 +20500 2012 2008 0.0035
a range +20800 +21000 2006 2014 0.0065
a range +20800 +21000 2014 2006 0.0065
a range +22000 +22400 2006 2016 0.0434
a range +22000 +22400 2008 2014 0.0434
a range +22000 +22400 2014 2008 0.0434
a range +22000 +22400 2016 2006 0.0434
a range +23200 +23500 2011 2014 0.0353
a range +23200 +23500 2014 2011 0.0353
a range +23500 +23600 2003 2010 0.0374
a range +23500 +23600 2010 2003 0.0374
a range +25200 +25500 2006 2014 0.0065
a range +25200 +25500 2014 2006 0.0065
a range +26000 +26200 2011 2016 0.0334
a range +26000 +26200 2016 2011 0.0334
a range +26200 +26800 2003 2013 0.043
a range +26200 +26800 2013 2003 0.043
a range +27200 +27700 2007 2012 0.0334
a range +27200 +27700 2012 2007 0.0334
a range +28300 +28400 2005 2008 0.0343
a range +28300 +28400 2008 2005 0.0343
a range +29400 +29800 2004 2007 0.0334
a range +29400 +29800 2007 2004 0.0334
a range +29900 +30200 2003 2008 0.0334
a range +29900 +30200 2008 2003 0.0334
a range +31900 +32400 2001 2006 0.0334
a range +31900 +32400 2006 2001 0.0334
a range +31900 +32400 2013 2016 0.0343
a range +31900 +32400 2016 2013 0.0343
a range +32400 +32900 2007 2014 0.0374
a range +32400 +32900 2014 2007 0.0374
a range +34100 +34600 2007 2012 0.0334
a range +34100 +34600 2012 2007 0.0334
a range +37200 +37700 1001 2003 1103.6062
a range +37200 +37700 2003 1001 1103.6062
a range +37900 +38200 1001 2012 1103.4278
a range +37900 +38200 2012 1001 1103.4278
a range +39800 +40300 1001 2010 1103.5868
a range +39800 +40300 2005 9003 1103.9278
a range +39800 +40300 2010 1001 1103.5868
a range +39800 +40300 9003 2005 1103.9278
a range +42200 +42400 2006 2011 0.0353
a range +42200 +42400 2011 2006 0.0353
a range +42400 +42600 2002 2010 0.0065
a range +42400 +42600 2005 2014 0.031
a range +42400 +42600 2006 2015 0.0374
a range +42400 +42600 2007 2016 0.031
a range +42400 +42600 2010 2002 0.0065
a range +42400 +42600 2014 2005 0.031
a range +42400 +42600 2015 2006 0.0374
a range +42400 +42600 2016 2007 0.031
a range +42600 +42900 2008 2013 0.0374
a range +42600 +42900 2013 2008 0.0374
a range +43500 +44100 2005 2008 0.0343
a range +43500 +44100 2008 2005 0.0343
a range +44500 +45000 2004 2012 0.0065
a range +44500 +45000 2012 2004 0.0065
a range +45000 +45600 2003 2013 0.0433
a range +45000 +45600 2006 2011 0.0353
a range +45000 +45600 2011 2006 0.0353
a range +45000 +45600 2013 2003 0.0433
a range +46000 +46600 2005 2009 0.0182
a range +46000 +46600 2009 2005 0.0182
a range +47100 +47300 1001 9002 0.0591
a range +47100 +47300 9002 1001 0.0591
a range +47600 +48200 1001 9002 0.0591
a range +47600 +48200 2008 2016 0.0065
a range +47600 +48200 2016 2008 0.0065
a range +47600 +48200 9002 1001 0.0591
a range +50300 +50700 2006 2015 0.0374
a range +50300 +50700 2015 2006 0.0374
a range +50700 +51300 2008 2011 0.0334
a range +50700 +51300 2011 2008 0.0334
a range +51800 +52000 2004 2013 0.0433
a range +51800 +52000 2013 2004 0.0433
a range +52000 +52300 2004 2015 0.0434
a range +52000 +52300 2015 2004 0.0434
a range +53800 +54000 1001 2015 1104.5104
a range +53800 +54000 2001 2016 0.0433
a range +53800 +54000 2015 1001 1104.5104
a range +53800 +54000 2016 2001 0.0433
a range +54000 +54500 2001 2013 0.0431
a range +54000 +54500 2013 2001 0.0431
a range +54700 +55000 2004 2013 0.0433
a range +54700 +55000 2013 2004 0.0433
a range +55400 +56000 2001 2006 0.0334
a range +55400 +56000 2004 2008 0.0035
a range +55400 +56000 2006 2001 0.0334
a range +55400 +56000 2008 2004 0.0035
a range +55400 +56000 2011 2015 0.0182
a range +55400 +56000 2015 2011 0.0182
a range +56600 +56700 1001 2008 1104.0713
a range +56600 +56700 2008 1001 1104.0713
a range +59500 +59800 2001 2010 0.031
a range +59500 +59800 2010 2001 0.031
a range +61300 +61400 2003 2016 0.0433
a range +61300 +61400 2016 2003 0.0433
a range +62900 +63200 2006 2014 0.0065
a range +62900 +63200 2014 2006 0.0065
a range +64500 +64900 2012 2016 0.0035
a range +64500 +64900 2016 2012 0.0035
a range +64900 +65300 1001 2005 1104.4962
a range +64900 +65300 2005 1001 1104.4962
a range +66200 +66400 2007 2016 0.031
a range +66200 +66400 2016 2007 0.031
a range +66400 +67000 2002 2010 0.0065
a range +66400 +67000 2010 2002 0.0065
a range +66400 +67000 2012 2015 0.0334
a range +66400 +67000 2015 2012 0.0334
a range +67400 +67700 1001 2013 1104.5028
a range +67400 +67700 2009 9001 1104.6705
a range +67400 +67700 2013 1001 1104.5028
a range +67400 +67700 9001 2009 1104.6705
a range +67900 +68100 1001 2011 1104.5166
a range +67900 +68100 2011 1001 1104.5166
a range +69600 +70200 2002 2013 0.0431
a range +69600 +70200 2013 2002 0.0431
a range +70200 +70300 1001 2014 1104.5138
a range +70200 +70300 2004 2012 0.0065
a range +70200 +70300 2006 9001 1104.4717
a range +70200 +70300 2012 2004 0.0065
a range +70200 +70300 2014 1001 1104.5138
a range +70200 +70300 9001 2006 1104.4717
a range +70700 +70900 2009 2012 0.0343
a range +70700 +70900 2012 2009 0.0343
a range +70900 +71200 2011 2015 0.0182
a range +70900 +71200 2015 2011 0.0182
a range +71800 +72400 2004 2012 0.0065
a range +71800 +72400 2012 2004 0.0065
a range +73000 +73100 2005 2014 0.031
a range +73000 +73100 2008 2016 0.0065
a range +73000 +73100 2014 2005 0.031
a range +73000 +73100 2016 2008 0.0065
a range +73100 +73300 1001 2010 1105.0337
a range +73100 +73300 2010 1001 1105.0337
a range +75900 +76500 2006 2015 0.0374
a range +75900 +76500 2009 2012 0.0343
a range +75900 +76500 2010 2013 0.0334
a range +75900 +76500 2012 2009 0.0343
a range +75900 +76500 2013 2010 0.0334
a range +75900 +76500 2015 2006 0.0374
a range +78000 +78200 2008 2013 0.0374
a range +78000 +78200 2013 2008 0.0374
a range +78200 +78400 2002 2013 0.0435
a range +78200 +78400 2013 2002 0.0435
a range +78600 +79000 2004 2010 0.0431
a range +78600 +79000 2006 2016 0.0431
a range +78600 +79000 2007 9001 1105.0204
a range +78600 +79000 2010 2004 0.0431
a range +78600 +79000 2016 2006 0.0431
a range +78600 +79000 9001 2007 1105.0204
a range +79000 +79600 2001 2014 0.0435
a range +79000 +79600 2014 2001 0.0435
a range +79600 +80100 2004 2009 0.0374
a range +79600 +80100 2009 2004 0.0374
a range +79600 +80100 2011 2015 0.0182
a range +79600 +80100 2015 2011 0.0182
a range +80600 +81000 2002 9001 1105.0594
a range +80600 +81000 9001 2002 1105.0594
a range +82000 +82200 2010 9001 1105.0616
a range +82000 +82200 9001 2010 1105.0616
a range +82300 +82800 2003 2006 0.0353
a range +82300 +82800 2006 2003 0.0353
a range +82800 +83300 2004 2012 0.0065
a range +82800 +83300 2010 2015 0.0353
a range +82800 +83300 2012 2004 0.0065
a range +82800 +83300 2015 2010 0.0353
a range +83300 +83700 2003 2015 0.0432
a range +83300 +83700 2015 2003 0.0432
a range +84800 +84900 2012 9001 1105.0536
a range +84800 +84900 9001 2012 1105.0536
