a contact +100 +200 2002 9002 1000
a contact +100 +200 9002 2002 1000
a contact +200 +400 1001 1004 1000
a contact +200 +400 1004 1001 1000
a contact +200 +400 2016 2043 1000
a contact +200 +400 2021 2037 1000
a contact +200 +400 2037 2021 1000
a contact +200 +400 2043 2016 1000
a contact +400 +500 2029 2031 1000
a contact +400 +500 2031 2029 1000
a contact +500 +600 2021 2036 1000
a contact +500 +600 2028 2030 1000
a contact +500 +600 2030 2028 1000
a contact +500 +600 2036 2021 1000
a contact +800 +900 2023 2033 1000
a contact +800 +900 2033 2023 1000
a contact +900 +1000 1004 2050 1000
a contact +900 +1000 2050 1004 1000
a contact +1300 +1400 2002 2047 1000
a contact +1300 +1400 2047 2002 1000
a contact +1400 +1500 2003 2047 1000
a contact +1400 +1500 2047 2003 1000
a contact +1500 +1600 2025 2034 1000
a contact +1500 +1600 2034 2025 1000
a contact +1600 +1700 2020 2029 1000
a contact +1600 +1700 2029 2020 1000
a contact +1800 +1900 2013 2050 1000
a contact +1800 +1900 2050 2013 1000
a contact +1900 +2000 2001 2044 1000
a contact +1900 +2000 2044 2001 1000
a contact +2400 +2500 2028 2044 1000
a contact +2400 +2500 2044 2028 1000
a contact +2800 +2900 2022 2052 1000
a contact +2800 +2900 2052 2022 1000
a contact +2900 +3000 2005 2036 1000
a contact +2900 +3000 2036 2005 1000
a contact +3200 +3300 2030 2042 1000
a contact +3200 +3300 2042 2030 1000
a contact +3900 +4000 2012 2021 1000
a contact +3900 +4000 2021 2012 1000
a contact +4000 +4100 1003 2013 1000
a contact +4000 +4100 2013 1003 1000
a contact +4600 +4700 2011 2013 1000
a contact +4600 +4700 2013 2011 1000
a contact +4700 +4800 2042 9001 1000
a contact +4700 +4800 9001 2042 1000
a contact +5300 +5400 1004 2025 1000
a contact +5300 +5400 2025 1004 1000
a contact +5400 +5500 2006 2007 1000
a contact +5400 +5500 2007 2006 1000
a contact +5500 +5600 1004 2017 1000
a contact +5500 +5600 2017 1004 1000
a contact +5700 +5800 2025 2040 1000
a contact +5700 +5800 2040 2025 1000
a contact +5900 +6000 2016 2048 1000
a contact +5900 +6000 2048 2016 1000
a contact +6700 +6800 2020 2046 1000
a contact +6700 +6800 2031 2041 1000
a contact +6700 +6800 2041 2031 1000
a contact +6700 +6800 2046 2020 1000
a contact +7400 +7500 1001 2005 1000
a contact +7400 +7500 2005 1001 1000
a contact +7500 +7600 2011 2036 1000
a contact +7500 +7600 2018 2019 1000
a contact +7500 +7600 2019 2018 1000
a contact +7500 +7600 2036 2011 1000
a contact +7600 +7700 1002 2005 1000
a contact +7600 +7700 2005 1002 1000
a contact +7600 +7700 2010 2022 1000
a contact +7600 +7700 2022 2010 1000
a contact +7700 +7800 2017 2031 1000
a contact +7700 +7800 2031 2017 1000
a contact +9500 +9600 2003 2029 1000
a contact +9500 +9600 2029 2003 1000
a contact +9600 +9700 1002 2036 1000
a contact +9600 +9700 2009 2021 1000
a contact +9600 +9700 2021 2009 1000
a contact +9600 +9700 2036 1002 1000
a contact +9900 +10000 2002 2041 1000
a contact +9900 +10000 2041 2002 1000
a contact +10000 +10100 2017 2052 1000
a contact +10000 +10100 2052 2017 1000
a contact +10200 +10300 1004 2037 1000
a contact +10200 +10300 2029 2030 1000
a contact +10200 +10300 2030 2029 1000
a contact +10200 +10300 2037 1004 1000
a contact +10500 +10600 1004 2044 1000
a contact +10500 +10600 2044 1004 1000
a contact +10600 +10700 1002 2027 1000
a contact +10600 +10700 2003 9002 1000
a contact +10600 +10700 2027 1002 1000
a contact +10600 +10700 9002 2003 1000
a contact +11000 +11100 2013 2043 1000
a contact +11000 +11100 2043 2013 1000
a contact +11200 +11300 2004 2051 1000
a contact +11200 +11300 2051 2004 1000
a contact +11400 +11500 2023 9002 1000
a contact +11400 +11500 9002 2023 1000
a contact +11600 +11700 2012 2050 1000
a contact +11600 +11700 2050 2012 1000
a contact +11900 +12000 1003 9003 1000
a contact +11900 +12000 9003 1003 1000
a contact +12300 +12400 1001 2020 1000
a contact +12300 +12400 2020 1001 1000
a contact +12500 +12600 2011 2043 1000
a contact +12500 +12600 2028 2051 1000
a contact +12500 +12600 2030 2046 1000
a contact +12500 +12600 2043 2011 1000
a contact +12500 +12600 2046 2030 1000
a contact +12500 +12600 2051 2028 1000
a contact +12600 +12700 2022 2047 1000
a contact +12600 +12700 2047 2022 1000
a contact +12700 +12800 2030 2044 1000
a contact +12700 +12800 2044 2030 1000
a contact +12800 +12900 2020 2048 1000
a contact +12800 +12900 2048 2020 1000
a contact +13800 +13900 2034 2044 1000
a contact +13800 +13900 2044 2034 1000
a contact +14700 +14800 2006 2034 1000
a contact +14700 +14800 2008 2011 1000
a contact +14700 +14800 2011 2008 1000
a contact +14700 +14800 2034 2006 1000
a contact +15000 +15100 2010 2011 1000
a contact +15000 +15100 2011 2010 1000
a contact +15200 +15300 1003 2032 1000
a contact +15200 +15300 2032 1003 1000
a contact +15300 +15400 1002 2037 1000
a contact +15300 +15400 2005 2007 1000
a contact +15300 +15400 2007 2005 1000
a contact +15300 +15400 2009 2011 1000
a contact +15300 +15400 2011 2009 1000
a contact +15300 +15400 2037 1002 1000
a contact +15500 +15600 1003 2036 1000
a contact +15500 +15600 2036 1003 1000
a contact +15500 +15600 2046 2049 1000
a contact +15500 +15600 2049 2046 1000
a contact +15600 +15700 2008 2017 1000
a contact +15600 +15700 2017 2008 1000
a contact +15600 +15700 2048 2049 1000
a contact +15600 +15700 2049 2048 1000
a contact +15700 +15800 2018 2035 1000
a contact +15700 +15800 2035 2018 1000
a contact +15800 +15900 1002 2009 1000
a contact +15800 +15900 2009 1002 1000
a contact +16200 +16300 2015 2047 1000
a contact +16200 +16300 2047 2015 1000
a contact +16600 +16700 2019 2041 1000
a contact +16600 +16700 2041 2019 1000
a contact +16700 +16800 2014 2042 1000
a contact +16700 +16800 2042 2014 1000
a contact +17100 +17200 2013 2048 1000
a contact +17100 +17200 2048 2013 1000
a contact +17200 +17300 2003 2045 1000
a contact +17200 +17300 2045 2003 1000
a contact +17400 +17500 2037 2052 1000
a contact +17400 +17500 2052 2037 1000
a contact +17800 +17900 2021 2045 1000
a contact +17800 +17900 2037 2039 1000
a contact +17800 +17900 2039 2037 1000
a contact +17800 +17900 2045 2021 1000
a contact +18600 +18700 2008 2021 1000
a contact +18600 +18700 2021 2008 1000
a contact +19900 +20000 2010 2027 1000
a contact +19900 +20000 2027 2010 1000
a contact +19900 +20000 2043 2044 1000
a contact +19900 +20000 2044 2043 1000
a contact +20500 +20600 2018 2030 1000
a contact +20500 +20600 2030 2018 1000
a contact +20500 +20600 2047 2049 1000
a contact +20500 +20600 2049 2047 1000
a contact +20700 +20800 2010 2013 1000
a contact +20700 +20800 2013 2010 1000
a contact +20800 +20900 1002 2008 1000
a contact +20800 +20900 2008 1002 1000
a contact +21300 +21400 2007 2043 1000
a contact +21300 +21400 2043 2007 1000
a contact +21400 +21500 1001 9003 1000
a contact +21400 +21500 9003 1001 1000
a contact +21500 +21600 2001 2052 1000
a contact +21500 +21600 2052 2001 1000
a contact +21600 +21700 1002 9001 1000
a contact +21600 +21700 9001 1002 1000
a contact +21900 +22000 2033 2035 1000
a contact +21900 +22000 2035 2033 1000
a contact +22100 +22200 2014 2038 1000
a contact +22100 +22200 2038 2014 1000
a contact +22200 +22300 1001 2019 1000
a contact +22200 +22300 2019 1001 1000
a contact +22200 +22300 2034 2035 1000
a contact +22200 +22300 2035 2034 1000
a contact +22300 +22400 2015 2039 1000
a contact +22300 +22400 2039 2015 1000
a contact +22500 +22600 2004 2025 1000
a contact +22500 +22600 2025 2004 1000
a contact +22900 +23000 2035 2050 1000
a contact +22900 +23000 2050 2035 1000
a contact +23100 +23200 2013 2015 1000
a contact +23100 +23200 2015 2013 1000
a contact +23100 +23200 2032 2042 1000
a contact +23100 +23200 2042 2032 1000
a contact +23200 +23300 2033 2042 1000
a contact +23200 +23300 2042 2033 1000
a contact +23300 +23400 2014 2025 1000
a contact +23300 +23400 2025 2014 1000
a contact +23500 +23600 2012 2028 1000
a contact +23500 +23600 2028 2012 1000
a contact +23700 +23800 1004 2040 1000
a contact +23700 +23800 2040 1004 1000
a contact +23800 +23900 1003 2040 1000
a contact +23800 +23900 2006 2032 1000
a contact +23800 +23900 2032 2006 1000
a contact +23800 +23900 2040 1003 1000
a contact +23900 +24000 2005 2040 1000
a contact +23900 +24000 2040 2005 1000
a contact +24100 +24200 1003 2035 1000
a contact +24100 +24200 2035 1003 1000
a contact +24200 +24300 2011 2024 1000
a contact +24200 +24300 2024 2011 1000
a contact +24500 +24600 1004 2025 1000
a contact +24500 +24600 2025 1004 1000
a contact +24500 +24600 2030 2048 1000
a contact +24500 +24600 2048 2030 1000
a contact +24600 +24700 2036 2048 1000
a contact +24600 +24700 2048 2036 1000
a contact +24800 +24900 2010 2027 1000
a contact +24800 +24900 2027 2010 1000
a contact +24800 +24900 2035 2046 1000
a contact +24800 +24900 2046 2035 1000
a contact +25100 +25200 2018 2027 1000
a contact +25100 +25200 2027 2018 1000
a contact +25400 +25500 2021 2038 1000
a contact +25400 +25500 2038 2021 1000
a contact +25500 +25600 2011 2013 1000
a contact +25500 +25600 2013 2011 1000
a contact +25500 +25600 2045 2046 1000
a contact +25500 +25600 2046 2045 1000
a contact +26200 +26300 2015 2040 1000
a contact +26200 +26300 2040 2015 1000
a contact +26400 +26500 2028 2039 1000
a contact +26400 +26500 2039 2028 1000
a contact +26500 +26600 2028 2038 1000
a contact +26500 +26600 2038 2028 1000
a contact +26600 +26700 1003 2005 1000
a contact +26600 +26700 2005 1003 1000
a contact +26600 +26700 2028 2037 1000
a contact +26600 +26700 2029 2038 1000
a contact +26600 +26700 2037 2028 1000
a contact +26600 +26700 2038 2029 1000
a contact +26900 +27000 1004 9003 1000
a contact +26900 +27000 2011 2022 1000
a contact +26900 +27000 2022 2011 1000
a contact +26900 +27000 9003 1004 1000
a contact +27100 +27200 2014 2046 1000
a contact +27100 +27200 2046 2014 1000
a contact +27300 +27400 2016 2045 1000
a contact +27300 +27400 2045 2016 1000
a contact +27600 +27700 2001 2013 1000
a contact +27600 +27700 2013 2001 1000
a contact +27600 +27700 2038 2052 1000
a contact +27600 +27700 2052 2038 1000
a contact +28200 +28300 2010 2036 1000
a contact +28200 +28300 2036 2010 1000
a contact +28400 +28500 2006 2019 1000
a contact +28400 +28500 2019 2006 1000
a contact +28400 +28500 2029 2045 1000
a contact +28400 +28500 2045 2029 1000
a contact +28700 +28800 2036 2049 1000
a contact +28700 +28800 2049 2036 1000
a contact +28800 +28900 2022 2050 1000
a contact +28800 +28900 2050 2022 1000
a contact +29400 +29500 2028 9002 1000
a contact +29400 +29500 9002 2028 1000
a contact +29500 +29600 2006 2030 1000
a contact +29500 +29600 2030 2006 1000
a contact +29600 +29700 2010 2032 1000
a contact +29600 +29700 2032 2010 1000
a contact +29800 +29900 1002 2021 1000
a contact +29800 +29900 2012 2023 1000
a contact +29800 +29900 2013 2028 1000
a contact +29800 +29900 2021 1002 1000
a contact +29800 +29900 2023 2012 1000
a contact +29800 +29900 2028 2013 1000
a contact +30100 +30200 1002 2035 1000
a contact +30100 +30200 2020 2022 1000
a contact +30100 +30200 2022 2020 1000
a contact +30100 +30200 2035 1002 1000
a contact +30200 +30300 2009 2010 1000
a contact +30200 +30300 2010 2009 1000
a contact +30300 +30400 2008 2010 1000
a contact +30300 +30400 2010 2008 1000
a contact +30500 +30600 2008 2011 1000
a contact +30500 +30600 2011 2008 1000
a contact +30500 +30600 2048 2051 1000
a contact +30500 +30600 2051 2048 1000
a contact +30700 +30800 2051 2052 1000
a contact +30700 +30800 2052 2051 1000
a contact +30900 +31000 1001 2026 1000
a contact +30900 +31000 2005 2049 1000
a contact +30900 +31000 2026 1001 1000
a contact +30900 +31000 2033 2034 1000
a contact +30900 +31000 2034 2033 1000
a contact +30900 +31000 2049 2005 1000
a contact +31400 +31600 1002 2046 1000
a contact +31400 +31600 2002 2051 1000
a contact +31400 +31600 2009 2052 1000
a contact +31400 +31600 2046 1002 1000
a contact +31400 +31600 2051 2002 1000
a contact +31400 +31600 2052 2009 1000
a contact +31700 +31800 1001 2003 1000
a contact +31700 +31800 2003 1001 1000
a contact +31700 +31800 2028 2030 1000
a contact +31700 +31800 2030 2028 1000
a contact +31800 +31900 2007 2041 1000
a contact +31800 +31900 2041 2007 1000
a contact +32000 +32100 2013 2042 1000
a contact +32000 +32100 2042 2013 1000
a contact +32100 +32200 1002 2050 1000
a contact +32100 +32200 2050 1002 1000
a contact +32300 +32400 2004 2048 1000
a contact +32300 +32400 2035 2051 1000
a contact +32300 +32400 2048 2004 1000
a contact +32300 +32400 2051 2035 1000
a contact +32400 +32500 2028 2044 1000
a contact +32400 +32500 2044 2028 1000
a contact +32600 +32700 2034 2051 1000
a contact +32600 +32700 2051 2034 1000
a contact +32700 +32800 1003 2019 1000
a contact +32700 +32800 2019 1003 1000
a contact +32800 +32900 1003 2020 1000
a contact +32800 +32900 2020 1003 1000
a contact +33100 +33200 2033 2043 1000
a contact +33100 +33200 2043 2033 1000
a contact +33400 +33500 2020 2047 1000
a contact +33400 +33500 2030 2044 1000
a contact +33400 +33500 2044 2030 1000
a contact +33400 +33500 2047 2020 1000
a contact +33500 +33600 2004 2017 1000
a contact +33500 +33600 2017 2004 1000
a contact +33700 +33800 2037 2049 1000
a contact +33700 +33800 2049 2037 1000
a contact +34000 +34100 2035 2045 1000
a contact +34000 +34100 2045 2035 1000
a contact +34200 +34300 2036 2045 1000
a contact +34200 +34300 2045 2036 1000
a contact +34700 +34800 2006 2033 1000
a contact +34700 +34800 2033 2006 1000
a contact +34800 +34900 1002 2039 1000
a contact +34800 +34900 2039 1002 1000
a contact +35000 +35100 2007 2037 1000
a contact +35000 +35100 2037 2007 1000
a contact +35300 +35400 1002 2037 1000
a contact +35300 +35400 2037 1002 1000
a contact +35700 +35800 1004 2034 1000
a contact +35700 +35800 2034 1004 1000
a contact +35900 +36000 2016 2017 1000
a contact +35900 +36000 2017 2016 1000
a contact +36000 +36100 2015 9002 1000
a contact +36000 +36100 9002 2015 1000
a contact +36100 +36200 2030 2033 1000
a contact +36100 +36200 2033 2030 1000
a contact +36200 +36300 1002 2024 1000
a contact +36200 +36300 2024 1002 1000
a contact +36200 +36300 2049 2052 1000
a contact +36200 +36300 2052 2049 1000
a contact +36300 +36400 1002 2027 1000
a contact +36300 +36400 2027 1002 1000
a contact +36400 +36500 2019 2028 1000
a contact +36400 +36500 2028 2019 1000
a contact +36400 +36500 2044 2047 1000
a contact +36400 +36500 2047 2044 1000
a contact +36500 +36600 2022 2038 1000
a contact +36500 +36600 2038 2022 1000
a contact +36600 +36700 1002 2047 1000
a contact +36600 +36700 2047 1002 1000
a contact +36700 +36800 2024 2039 1000
a contact +36700 +36800 2039 2024 1000
a contact +36900 +37000 2008 2045 1000
a contact +36900 +37000 2045 2008 1000
a contact +37200 +37400 2014 2045 1000
a contact +37200 +37400 2045 2014 1000
a contact +37700 +37800 1002 2008 1000
a contact +37700 +37800 1004 2012 1000
a contact +37700 +37800 2008 1002 1000
a contact +37700 +37800 2012 1004 1000
a contact +37800 +37900 2037 2038 1000
a contact +37800 +37900 2038 2037 1000
a contact +37900 +38000 1002 2009 1000
a contact +37900 +38000 2009 1002 1000
a contact +38200 +38300 2037 2051 1000
a contact +38200 +38300 2051 2037 1000
a contact +38400 +38500 2014 2026 1000
a contact +38400 +38500 2026 2014 1000
a contact +38400 +38500 2036 2052 1000
a contact +38400 +38500 2052 2036 1000
a contact +38900 +39000 1004 2026 1000
a contact +38900 +39000 2010 2034 1000
a contact +38900 +39000 2026 1004 1000
a contact +38900 +39000 2034 2010 1000
a contact +38900 +39000 2037 2046 1000
a contact +38900 +39000 2040 9002 1000
a contact +38900 +39000 2046 2037 1000
a contact +38900 +39000 9002 2040 1000
a contact +39300 +39400 2038 2052 1000
a contact +39300 +39400 2052 2038 1000
a contact +39400 +39500 1004 9002 1000
a contact +39400 +39500 9002 1004 1000
a contact +39500 +39600 2005 2041 1000
a contact +39500 +39600 2041 2005 1000
a contact +39700 +39800 1004 2028 1000
a contact +39700 +39800 2007 2038 1000
a contact +39700 +39800 2028 1004 1000
a contact +39700 +39800 2038 2007 1000
a contact +39800 +39900 2007 2048 1000
a contact +39800 +39900 2048 2007 1000
a contact +40000 +40100 2008 2024 1000
a contact +40000 +40100 2024 2008 1000
a contact +40100 +40300 2018 9002 1000
a contact +40100 +40300 9002 2018 1000
a contact +40800 +40900 2014 2015 1000
a contact +40800 +40900 2015 2014 1000
a contact +41000 +41100 2045 2047 1000
a contact +41000 +41100 2047 2045 1000
a contact +41300 +41400 2008 2009 1000
a contact +41300 +41400 2009 2008 1000
a contact +41500 +41600 2003 2041 1000
a contact +41500 +41600 2008 2011 1000
a contact +41500 +41600 2011 2008 1000
a contact +41500 +41600 2041 2003 1000
a contact +41700 +41800 2044 2045 1000
a contact +41700 +41800 2045 2044 1000
a contact +42100 +42200 2001 2012 1000
a contact +42100 +42200 2012 2001 1000
a contact +42600 +42700 2012 2025 1000
a contact +42600 +42700 2025 2012 1000
a contact +42800 +42900 2031 2033 1000
a contact +42800 +42900 2033 2031 1000
a contact +42900 +43000 2003 2024 1000
a contact +42900 +43000 2024 2003 1000
a contact +43000 +43200 2019 9003 1000
a contact +43000 +43200 9003 2019 1000
a contact +43200 +43300 2029 2032 1000
a contact +43200 +43300 2032 2029 1000
a contact +44200 +44300 2004 2015 1000
a contact +44200 +44300 2015 2004 1000
a contact +44300 +44400 1003 2025 1000
a contact +44300 +44400 2025 1003 1000
a contact +44800 +44900 2006 2031 1000
a contact +44800 +44900 2031 2006 1000
a contact +45000 +45100 1002 2044 1000
a contact +45000 +45100 2044 1002 1000
a contact +45500 +45600 2009 2021 1000
a contact +45500 +45600 2021 2009 1000
a contact +45600 +45700 2013 2034 1000
a contact +45600 +45700 2034 2013 1000
a contact +45800 +45900 1001 2038 1000
a contact +45800 +45900 1002 2042 1000
a contact +45800 +45900 2038 1001 1000
a contact +45800 +45900 2042 1002 1000
a contact +46100 +46200 2005 2049 1000
a contact +46100 +46200 2011 2012 1000
a contact +46100 +46200 2012 2011 1000
a contact +46100 +46200 2049 2005 1000
a contact +46500 +46600 2018 2021 1000
a contact +46500 +46600 2021 2018 1000
a contact +46700 +46800 1003 2042 1000
a contact +46700 +46800 2042 1003 1000
a contact +47000 +47100 2001 2049 1000
a contact +47000 +47100 2018 2027 1000
a contact +47000 +47100 2027 2018 1000
a contact +47000 +47100 2049 2001 1000
a contact +47200 +47300 2032 2034 1000
a contact +47200 +47300 2034 2032 1000
a contact +47300 +47400 2046 2047 1000
a contact +47300 +47400 2047 2046 1000
a contact +47400 +47500 2027 2028 1000
a contact +47400 +47500 2028 2027 1000
a contact +47800 +47900 2028 2052 1000
a contact +47800 +47900 2052 2028 1000
a contact +48000 +48100 2005 2019 1000
a contact +48000 +48100 2019 2005 1000
a contact +48100 +48200 2013 2043 1000
a contact +48100 +48200 2014 2040 1000
a contact +48100 +48200 2040 2014 1000
a contact +48100 +48200 2043 2013 1000
a contact +48200 +48300 2013 2022 1000
a contact +48200 +48300 2022 2013 1000
a contact +48500 +48600 2011 2032 1000
a contact +48500 +48600 2032 2011 1000
a contact +48800 +48900 2036 2050 1000
a contact +48800 +48900 2050 2036 1000
a contact +49000 +49100 2002 2025 1000
a contact +49000 +49100 2025 2002 1000
a contact +49100 +49200 2006 2028 1000
a contact +49100 +49200 2028 2006 1000
a contact +49200 +49300 2010 2033 1000
a contact +49200 +49300 2033 2010 1000
a contact +49500 +49600 1004 2025 1000
a contact +49500 +49600 2025 1004 1000
a contact +49800 +49900 2019 2050 1000
a contact +49800 +49900 2050 2019 1000
a contact +50000 +50100 2011 2027 1000
a contact +50000 +50100 2027 2011 1000
a contact +50100 +50200 2005 2036 1000
a contact +50100 +50200 2012 2031 1000
a contact +50100 +50200 2020 2048 1000
a contact +50100 +50200 2031 2012 1000
a contact +50100 +50200 2036 2005 1000
a contact +50100 +50200 2048 2020 1000
a contact +50500 +50600 1002 2026 1000
a contact +50500 +50600 2026 1002 1000
a contact +50600 +50700 2006 2041 1000
a contact +50600 +50700 2041 2006 1000
a contact +50700 +50800 1001 2028 1000
a contact +50700 +50800 2028 1001 1000
a contact +50800 +50900 2006 2015 1000
a contact +50800 +50900 2015 2006 1000
a contact +51100 +51200 2005 2048 1000
a contact +51100 +51200 2048 2005 1000
a contact +51500 +51600 1002 2007 1000
a contact +51500 +51600 2007 1002 1000
a contact +51500 +51600 2020 2035 1000
a contact +51500 +51600 2035 2020 1000
a contact +51900 +52000 2016 9003 1000
a contact +51900 +52000 9003 2016 1000
a contact +52300 +52400 1003 2051 1000
a contact +52300 +52400 2010 2011 1000
a contact +52300 +52400 2011 2010 1000
a contact +52300 +52400 2051 1003 1000
a contact +52400 +52500 1002 2045 1000
a contact +52400 +52500 2045 1002 1000
a contact +52700 +52800 2043 2052 1000
a contact +52700 +52800 2052 2043 1000
a contact +52800 +52900 1002 2014 1000
a contact +52800 +52900 2014 1002 1000
a contact +52800 +52900 2015 9003 1000
a contact +52800 +52900 9003 2015 1000
a contact +53400 +53500 2011 2022 1000
a contact +53400 +53500 2022 2011 1000
a contact +53400 +53500 2031 2048 1000
a contact +53400 +53500 2048 2031 1000
a contact +53800 +53900 2035 2047 1000
a contact +53800 +53900 2047 2035 1000
a contact +54300 +54400 2038 2049 1000
a contact +54300 +54400 2049 2038 1000
a contact +54900 +55000 2007 2033 1000
a contact +54900 +55000 2033 2007 1000
a contact +55000 +55100 1004 9002 1000
a contact +55000 +55100 2001 9003 1000
a contact +55000 +55100 2011 2020 1000
a contact +55000 +55100 2013 2036 1000
a contact +55000 +55100 2020 2011 1000
a contact +55000 +55100 2026 2047 1000
a contact +55000 +55100 2036 2013 1000
a contact +55000 +55100 2047 2026 1000
a contact +55000 +55100 9002 1004 1000
a contact +55000 +55100 9003 2001 1000
a contact +55600 +55700 1004 2039 1000
a contact +55600 +55700 2039 1004 1000
a contact +56000 +56100 2047 2049 1000
a contact +56000 +56100 2049 2047 1000
a contact +56300 +56400 2013 2045 1000
a contact +56300 +56400 2045 2013 1000
a contact +56600 +56700 2002 2013 1000
a contact +56600 +56700 2013 2002 1000
a contact +56600 +56700 2023 2037 1000
a contact +56600 +56700 2037 2023 1000
a contact +56800 +56900 2021 2037 1000
a contact +56800 +56900 2037 2021 1000
a contact +57300 +57400 1003 2045 1000
a contact +57300 +57400 1004 2020 1000
a contact +57300 +57400 2020 1004 1000
a contact +57300 +57400 2045 1003 1000
a contact +57400 +57500 2005 9001 1000
a contact +57400 +57500 9001 2005 1000
a contact +58500 +58600 2014 2030 1000
a contact +58500 +58600 2030 2014 1000
a contact +58700 +58800 2009 2038 1000
a contact +58700 +58800 2038 2009 1000
a contact +59000 +59100 2023 9001 1000
a contact +59000 +59100 9001 2023 1000
a contact +59100 +59200 2025 9001 1000
a contact +59100 +59200 9001 2025 1000
a contact +59400 +59500 2033 2045 1000
a contact +59400 +59500 2045 2033 1000
a contact +59600 +59700 1002 2027 1000
a contact +59600 +59700 2019 2048 1000
a contact +59600 +59700 2027 1002 1000
a contact +59600 +59700 2048 2019 1000
a contact +59700 +59800 1002 2019 1000
a contact +59700 +59800 2019 1002 1000
a contact +59900 +60000 1002 2039 1000
a contact +59900 +60000 2039 1002 1000
a contact +60100 +60200 2007 2024 1000
a contact +60100 +60200 2024 2007 1000
a contact +60300 +60400 2022 2044 1000
a contact +60300 +60400 2044 2022 1000
a contact +60900 +61000 2010 2024 1000
a contact +60900 +61000 2024 2010 1000
a contact +61200 +61300 2019 2034 1000
a contact +61200 +61300 2034 2019 1000
a contact +61300 +61400 2013 2046 1000
a contact +61300 +61400 2027 2029 1000
a contact +61300 +61400 2029 2027 1000
a contact +61300 +61400 2046 2013 1000
a contact +61500 +61600 2006 2040 1000
a contact +61500 +61600 2040 2006 1000
a contact +61700 +61800 2014 2049 1000
a contact +61700 +61800 2049 2014 1000
a contact +62000 +62100 2021 2037 1000
a contact +62000 +62100 2037 2021 1000
a contact +62100 +62200 2001 2043 1000
a contact +62100 +62200 2022 2037 1000
a contact +62100 +62200 2037 2022 1000
a contact +62100 +62200 2043 2001 1000
a contact +62200 +62300 2020 2023 1000
a contact +62200 +62300 2023 2020 1000
a contact +62400 +62500 2003 2034 1000
a contact +62400 +62500 2034 2003 1000
a contact +62800 +62900 2046 2047 1000
a contact +62800 +62900 2047 2046 1000
a contact +62900 +63000 2026 2038 1000
a contact +62900 +63000 2038 2026 1000
a contact +63000 +63100 2029 2038 1000
a contact +63000 +63100 2038 2029 1000
a contact +63300 +63500 2020 2046 1000
a contact +63300 +63500 2046 2020 1000
a contact +63500 +63600 2024 2026 1000
a contact +63500 +63600 2026 2024 1000
a contact +63700 +63800 2003 2044 1000
a contact +63700 +63800 2035 2051 1000
a contact +63700 +63800 2044 2003 1000
a contact +63700 +63800 2051 2035 1000
a contact +63800 +63900 2011 2020 1000
a contact +63800 +63900 2020 2011 1000
a contact +64000 +64100 2009 2026 1000
a contact +64000 +64100 2026 2009 1000
a contact +64100 +64200 1001 2046 1000
a contact +64100 +64200 2046 1001 1000
a contact +64400 +64500 2015 2041 1000
a contact +64400 +64500 2027 2048 1000
a contact +64400 +64500 2041 2015 1000
a contact +64400 +64500 2048 2027 1000
a contact +64500 +64600 1002 9002 1000
a contact +64500 +64600 2011 2022 1000
a contact +64500 +64600 2019 2044 1000
a contact +64500 +64600 2022 2011 1000
a contact +64500 +64600 2044 2019 1000
a contact +64500 +64600 9002 1002 1000
a contact +64600 +64700 2029 2046 1000
a contact +64600 +64700 2046 2029 1000
a contact +64800 +64900 2010 2039 1000
a contact +64800 +64900 2039 2010 1000
a contact +65100 +65200 2008 2038 1000
a contact +65100 +65200 2038 2008 1000
a contact +65400 +65500 2039 2050 1000
a contact +65400 +65500 2050 2039 1000
a contact +65700 +65800 1001 2035 1000
a contact +65700 +65800 2035 1001 1000
a contact +66500 +66600 2022 2025 1000
a contact +66500 +66600 2024 2033 1000
a contact +66500 +66600 2025 2022 1000
a contact +66500 +66600 2033 2024 1000
a contact +66800 +66900 2002 2047 1000
a contact +66800 +66900 2007 2044 1000
a contact +66800 +66900 2011 2048 1000
a contact +66800 +66900 2044 2007 1000
a contact +66800 +66900 2047 2002 1000
a contact +66800 +66900 2048 2011 1000
a contact +66900 +67000 1002 1003 1000
a contact +66900 +67000 1003 1002 1000
a contact +67100 +67200 2018 2020 1000
a contact +67100 +67200 2020 2018 1000
a contact +67300 +67400 2012 9001 1000
a contact +67300 +67400 9001 2012 1000
a contact +67700 +67800 2047 2049 1000
a contact +67700 +67800 2049 2047 1000
a contact +67900 +68000 1001 2008 1000
a contact +67900 +68000 2007 2048 1000
a contact +67900 +68000 2008 1001 1000
a contact +67900 +68000 2011 2052 1000
a contact +67900 +68000 2048 2007 1000
a contact +67900 +68000 2052 2011 1000
a contact +68200 +68300 1004 2026 1000
a contact +68200 +68300 2026 1004 1000
a contact +69300 +69400 2006 2019 1000
a contact +69300 +69400 2019 2006 1000
a contact +69400 +69500 2035 2045 1000
a contact +69400 +69500 2045 2035 1000
a contact +69500 +69600 2008 2032 1000
a contact +69500 +69600 2032 2008 1000
a contact +69600 +69700 2011 2020 1000
a contact +69600 +69700 2020 2011 1000
a contact +69700 +69800 2001 2031 1000
a contact +69700 +69800 2031 2001 1000
a contact +70100 +70200 1001 2046 1000
a contact +70100 +70200 1004 2045 1000
a contact +70100 +70200 2045 1004 1000
a contact +70100 +70200 2046 1001 1000
a contact +70400 +70500 2034 2048 1000
a contact +70400 +70500 2048 2034 1000
a contact +70500 +70600 2034 2047 1000
a contact +70500 +70600 2047 2034 1000
a contact +70600 +70700 2006 2020 1000
a contact +70600 +70700 2020 2006 1000
a contact +70800 +70900 1004 2011 1000
a contact +70800 +70900 2011 1004 1000
a contact +70800 +70900 2038 2048 1000
a contact +70800 +70900 2048 2038 1000
a contact +71200 +71300 2006 2023 1000
a contact +71200 +71300 2023 2006 1000
a contact +71200 +71300 2031 2046 1000
a contact +71200 +71300 2046 2031 1000
a contact +71500 +71600 1003 2011 1000
a contact +71500 +71600 2011 1003 1000
a contact +71700 +71800 1001 1004 1000
a contact +71700 +71800 1004 1001 1000
a contact +71800 +71900 2015 2026 1000
a contact +71800 +71900 2026 2015 1000
a contact +72200 +72300 2026 2038 1000
a contact +72200 +72300 2038 2026 1000
a contact +72700 +72800 1003 2037 1000
a contact +72700 +72800 2037 1003 1000
a contact +72700 +72800 2048 2051 1000
a contact +72700 +72800 2051 2048 1000
a contact +72800 +72900 1003 2036 1000
a contact +72800 +72900 2036 1003 1000
a contact +72900 +73000 1001 1004 1000
a contact +72900 +73000 1004 1001 1000
a contact +73100 +73200 1003 2031 1000
a contact +73100 +73200 2031 1003 1000
a contact +73300 +73400 2005 2051 1000
a contact +73300 +73400 2051 2005 1000
a contact +73600 +73700 2007 2009 1000
a contact +73600 +73700 2009 2007 1000
a contact +73600 +73700 2035 2038 1000
a contact +73600 +73700 2038 2035 1000
a contact +73800 +73900 2028 2038 1000
a contact +73800 +73900 2038 2028 1000
a contact +74300 +74400 1004 2025 1000
a contact +74300 +74400 2025 1004 1000
a contact +74400 +74500 1001 2023 1000
a contact +74400 +74500 2005 2032 1000
a contact +74400 +74500 2008 2031 1000
a contact +74400 +74500 2021 2049 1000
a contact +74400 +74500 2023 1001 1000
a contact +74400 +74500 2025 9001 1000
a contact +74400 +74500 2031 2008 1000
a contact +74400 +74500 2032 2005 1000
a contact +74400 +74500 2049 2021 1000
a contact +74400 +74500 9001 2025 1000
a contact +74700 +74800 1004 2048 1000
a contact +74700 +74800 2012 2021 1000
a contact +74700 +74800 2021 2012 1000
a contact +74700 +74800 2048 1004 1000
a contact +74900 +75100 2006 2019 1000
a contact +74900 +75100 2019 2006 1000
a contact +75300 +75400 2009 2032 1000
a contact +75300 +75400 2032 2009 1000
a contact +76100 +76200 1004 2015 1000
a contact +76100 +76200 2015 1004 1000
a contact +76300 +76400 1002 2010 1000
a contact +76300 +76400 2010 1002 1000
a contact +76600 +76700 1003 2010 1000
a contact +76600 +76700 2010 1003 1000
a contact +76700 +76800 2017 2034 1000
a contact +76700 +76800 2034 2017 1000
a contact +77200 +77300 1002 2017 1000
a contact +77200 +77300 2017 1002 1000
a contact +77400 +77500 2021 2032 1000
a contact +77400 +77500 2032 2021 1000
a contact +77500 +77600 2021 2024 1000
a contact +77500 +77600 2024 2021 1000
a contact +78100 +78200 2007 2048 1000
a contact +78100 +78200 2018 2030 1000
a contact +78100 +78200 2030 2018 1000
a contact +78100 +78200 2048 2007 1000
a contact +78300 +78400 2028 2039 1000
a contact +78300 +78400 2039 2028 1000
a contact +78400 +78500 2022 2032 1000
a contact +78400 +78500 2032 2022 1000
a contact +78400 +78500 2040 2043 1000
a contact +78400 +78500 2043 2040 1000
a contact +78600 +78700 2011 2045 1000
a contact +78600 +78700 2045 2011 1000
a contact +78800 +78900 2017 2045 1000
a contact +78800 +78900 2045 2017 1000
a contact +79100 +79200 2006 2046 1000
a contact +79100 +79200 2008 2044 1000
a contact +79100 +79200 2044 2008 1000
a contact +79100 +79200 2046 2006 1000
a contact +79200 +79300 1002 2019 1000
a contact +79200 +79300 2019 1002 1000
a contact +79200 +79300 2049 2051 1000
a contact +79200 +79300 2051 2049 1000
a contact +79500 +79600 2019 2036 1000
a contact +79500 +79600 2036 2019 1000
a contact +80000 +80100 2017 2041 1000
a contact +80000 +80100 2041 2017 1000
a contact +80300 +80400 1002 2009 1000
a contact +80300 +80400 2009 1002 1000
a contact +80300 +80400 2017 2043 1000
a contact +80300 +80400 2043 2017 1000
a contact +80400 +80500 2011 2024 1000
a contact +80400 +80500 2012 2021 1000
a contact +80400 +80500 2021 2012 1000
a contact +80400 +80500 2024 2011 1000
a contact +80400 +80500 2036 2045 1000
a contact +80400 +80500 2045 2036 1000
a contact +80500 +80600 2001 2031 1000
a contact +80500 +80600 2031 2001 1000
a contact +80600 +80700 2010 2020 1000
a contact +80600 +80700 2011 2026 1000
a contact +80600 +80700 2020 2010 1000
a contact +80600 +80700 2026 2011 1000
a contact +80700 +80900 1004 2015 1000
a contact +80700 +80900 2009 2018 1000
a contact +80700 +80900 2015 1004 1000
a contact +80700 +80900 2018 2009 1000
a contact +80700 +80900 2033 2044 1000
a contact +80700 +80900 2044 2033 1000
a contact +81000 +81100 1002 2007 1000
a contact +81000 +81100 2007 1002 1000
a contact +81000 +81100 2036 9001 1000
a contact +81000 +81100 9001 2036 1000
a contact +81100 +81200 2023 2046 1000
a contact +81100 +81200 2046 2023 1000
a contact +81300 +81400 2039 9001 1000
a contact +81300 +81400 9001 2039 1000
a contact +81400 +81500 1003 2009 1000
a contact +81400 +81500 2009 1003 1000
a contact +81400 +81500 2011 2033 1000
a contact +81400 +81500 2033 2011 1000
a contact +81500 +81600 1003 2010 1000
a contact +81500 +81600 2010 1003 1000
a contact +81500 +81600 2024 2046 1000
a contact +81500 +81600 2035 2044 1000
a contact +81500 +81600 2044 2035 1000
a contact +81500 +81600 2046 2024 1000
a contact +81700 +81800 2027 2049 1000
a contact +81700 +81800 2049 2027 1000
a contact +81900 +82000 2013 2035 1000
a contact +81900 +82000 2035 2013 1000
a contact +82000 +82100 2012 2023 1000
a contact +82000 +82100 2023 2012 1000
a contact +82100 +82200 2010 2026 1000
a contact +82100 +82200 2026 2010 1000
a contact +82200 +82300 2003 2028 1000
a contact +82200 +82300 2028 2003 1000
a contact +82400 +82500 2014 2025 1000
a contact +82400 +82500 2025 2014 1000
a contact +82500 +82600 2050 2052 1000
a contact +82500 +82600 2052 2050 1000
a contact +82600 +82700 2009 2026 1000
a contact +82600 +82700 2026 2009 1000
a contact +82900 +83000 2015 9002 1000
a contact +82900 +83000 9002 2015 1000
a contact +83100 +83200 2026 2037 1000
a contact +83100 +83200 2034 2036 1000
a contact +83100 +83200 2036 2034 1000
a contact +83100 +83200 2037 2026 1000
a contact +83400 +83500 2003 2050 1000
a contact +83400 +83500 2050 2003 1000
a contact +83600 +83800 2014 2046 1000
a contact +83600 +83800 2046 2014 1000
a contact +83800 +83900 2040 2042 1000
a contact +83800 +83900 2042 2040 1000
a contact +84300 +84400 2009 2011 1000
a contact +84300 +84400 2011 2009 1000
a contact +84400 +84500 2008 2010 1000
a contact +84400 +84500 2010 2008 1000
a contact +84600 +84700 2029 2031 1000
a contact +84600 +84700 2031 2029 1000
a contact +84800 +84900 2036 2052 1000
a contact +84800 +84900 2052 2036 1000
a contact +85000 +85100 1002 2022 1000
a contact +85000 +85100 2022 1002 1000
a contact +85100 +85200 2027 2052 1000
a contact +85100 +85200 2052 2027 1000
a contact +85600 +85700 2035 2046 1000
a contact +85600 +85700 2046 2035 1000
a contact +85700 +85800 2013 2038 1000
a contact +85700 +85800 2038 2013 1000
a contact +85800 +85900 1002 2009 1000
a contact +85800 +85900 2009 1002 1000
a contact +86300 +86400 2004 2020 1000
a contact +86300 +86400 2020 2004 1000

a range +100 +200 2002 9002 1103.3713
a range +100 +200 9002 2002 1103.3713
a range +200 +400 1001 1004 0.0837
a range +200 +400 1004 1001 0.0837
a range +200 +400 2016 2043 0.0101
a range +200 +400 2021 2037 0.0307
a range +200 +400 2037 2021 0.0307
a range +200 +400 2043 2016 0.0101
a range +400 +500 2029 2031 0.0226
a range +400 +500 2031 2029 0.0226
a range +500 +600 2021 2036 0.0237
a range +500 +600 2028 2030 0.0226
a range +500 +600 2030 2028 0.0226
a range +500 +600 2036 2021 0.0237
a range +800 +900 2023 2033 0.0331
a range +800 +900 2033 2023 0.0331
a range +900 +1000 1004 2050 1102.0188
a range +900 +1000 2050 1004 1102.0188
a range +1300 +1400 2002 2047 0.0434
a range +1300 +1400 2047 2002 0.0434
a range +1400 +1500 2003 2047 0.0431
a range +1400 +1500 2047 2003 0.0431
a range +1500 +1600 2025 2034 0.0371
a range +1500 +1600 2034 2025 0.0371
a range +1600 +1700 2020 2029 0.0382
a range +1600 +1700 2029 2020 0.0382
a range +1800 +1900 2013 2050 0.0433
a range +1800 +1900 2050 2013 0.0433
a range +1900 +2000 2001 2044 0.0434
a range +1900 +2000 2044 2001 0.0434
a range +2400 +2500 2028 2044 0.0299
a range +2400 +2500 2044 2028 0.0299
a range +2800 +2900 2022 2052 0.0432
a range +2800 +2900 2052 2022 0.0432
a range +2900 +3000 2005 2036 0.0432
a range +2900 +3000 2036 2005 0.0432
a range +3200 +3300 2030 2042 0.0112
a range +3200 +3300 2042 2030 0.0112
a range +3900 +4000 2012 2021 0.0371
a range +3900 +4000 2021 2012 0.0371
a range +4000 +4100 1003 2013 1102.2284
a range +4000 +4100 2013 1003 1102.2284
a range +4600 +4700 2011 2013 0.0226
a range +4600 +4700 2013 2011 0.0226
a range +4700 +4800 2042 9001 1102.3406
a range +4700 +4800 9001 2042 1102.3406
a range +5300 +5400 1004 2025 1102.0303
a range +5300 +5400 2025 1004 1102.0303
a range +5400 +5500 2006 2007 0.0116
a range +5400 +5500 2007 2006 0.0116
a range +5500 +5600 1004 2017 1101.9882
a range +5500 +5600 2017 1004 1101.9882
a range +5700 +5800 2025 2040 0.0365
a range +5700 +5800 2040 2025 0.0365
a range +5900 +6000 2016 2048 0.0431
a range +5900 +6000 2048 2016 0.0431
a range +6700 +6800 2020 2046 0.0343
a range +6700 +6800 2031 2041 0.0299
a range +6700 +6800 2041 2031 0.0299
a range +6700 +6800 2046 2020 0.0343
a range +7400 +7500 1001 2005 1102.68
a range +7400 +7500 2005 1001 1102.68
a range +7500 +7600 2011 2036 0.0086
a range +7500 +7600 2018 2019 0.0116
a range +7500 +7600 2019 2018 0.0116
a range +7500 +7600 2036 2011 0.0086
a range +7600 +7700 1002 2005 1102.4676
a range +7600 +7700 2005 1002 1102.4676
a range +7600 +7700 2010 2022 0.0131
a range +7600 +7700 2022 2010 0.0131
a range +7700 +7800 2017 2031 0.0121
a range +7700 +7800 2031 2017 0.0121
a range +9500 +9600 2003 2029 0.0138
a range +9500 +9600 2029 2003 0.0138
a range +9600 +9700 1002 2036 1102.442
a range +9600 +9700 2009 2021 0.0181
a range +9600 +9700 2021 2009 0.0181
a range +9600 +9700 2036 1002 1102.442
a range +9900 +10000 2002 2041 0.0433
a range +9900 +10000 2041 2002 0.0433
a range +10000 +10100 2017 2052 0.0431
a range +10000 +10100 2052 2017 0.0431
a range +10200 +10300 1004 2037 1102.6627
a range +10200 +10300 2029 2030 0.0116
a range +10200 +10300 2030 2029 0.0116
a range +10200 +10300 2037 1004 1102.6627
a range +10500 +10600 1004 2044 1102.9205
a range +10500 +10600 2044 1004 1102.9205
a range +10600 +10700 1002 2027 1102.4769
a range +10600 +10700 2003 9002 1103.3665
a range +10600 +10700 2027 1002 1102.4769
a range +10600 +10700 9002 2003 1103.3665
a range +11000 +11100 2013 2043 0.0436
a range +11000 +11100 2043 2013 0.0436
a range +11200 +11300 2004 2051 0.0436
a range +11200 +11300 2051 2004 0.0436
a range +11400 +11500 2023 9002 1102.6962
a range +11400 +11500 9002 2023 1102.6962
a range +11600 +11700 2012 2050 0.0434
a range +11600 +11700 2050 2012 0.0434
a range +11900 +12000 1003 9003 0.0592
a range +11900 +12000 9003 1003 0.0592
a range +12300 +12400 1001 2020 1102.6757
a range +12300 +12400 2020 1001 1102.6757
a range +12500 +12600 2011 2043 0.0432
a range +12500 +12600 2028 2051 0.0351
a range +12500 +12600 2030 2046 0.0326
a range +12500 +12600 2043 2011 0.0432
a range +12500 +12600 2046 2030 0.0326
a range +12500 +12600 2051 2028 0.0351
a range +12600 +12700 2022 2047 0.0281
a range +12600 +12700 2047 2022 0.0281
a range +12700 +12800 2030 2044 0.0121
a range +12700 +12800 2044 2030 0.0121
a range +12800 +12900 2020 2048 0.035
a range +12800 +12900 2048 2020 0.035
a range +13800 +13900 2034 2044 0.0347
a range +13800 +13900 2044 2034 0.0347
a range +14700 +14800 2006 2034 0.0378
a range +14700 +14800 2008 2011 0.0322
a range +14700 +14800 2011 2008 0.0322
a range +14700 +14800 2034 2006 0.0378
a range +15000 +15100 2010 2011 0.0116
a range +15000 +15100 2011 2010 0.0116
a range +15200 +15300 1003 2032 1102.9612
a range +15200 +15300 2032 1003 1102.9612
a range +15300 +15400 1002 2037 1102.4479
a range +15300 +15400 2005 2007 0.0226
a range +15300 +15400 2007 2005 0.0226
a range +15300 +15400 2009 2011 0.0226
a range +15300 +15400 2011 2009 0.0226
a range +15300 +15400 2037 1002 1102.4479
a range +15500 +15600 1003 2036 1102.6756
a range +15500 +15600 2036 1003 1102.6756
a range +15500 +15600 2046 2049 0.0322
a range +15500 +15600 2049 2046 0.0322
a range +15600 +15700 2008 2017 0.0402
a range +15600 +15700 2017 2008 0.0402
a range +15600 +15700 2048 2049 0.0116
a range +15600 +15700 2049 2048 0.0116
a range +15700 +15800 2018 2035 0.0413
a range +15700 +15800 2035 2018 0.0413
a range +15800 +15900 1002 2009 1102.4521
a range +15800 +15900 2009 1002 1102.4521
a range +16200 +16300 2015 2047 0.0432
a range +16200 +16300 2047 2015 0.0432
a range +16600 +16700 2019 2041 0.043
a range +16600 +16700 2041 2019 0.043
a range +16700 +16800 2014 2042 0.0312
a range +16700 +16800 2042 2014 0.0312
a range +17100 +17200 2013 2048 0.0436
a range +17100 +17200 2048 2013 0.0436
a range +17200 +17300 2003 2045 0.0432
a range +17200 +17300 2045 2003 0.0432
a range +17400 +17500 2037 2052 0.0247
a range +17400 +17500 2052 2037 0.0247
a range +17800 +17900 2021 2045 0.0378
a range +17800 +17900 2037 2039 0.0226
a range +17800 +17900 2039 2037 0.0226
a range +17800 +17900 2045 2021 0.0378
a range +18600 +18700 2008 2021 0.0169
a range +18600 +18700 2021 2008 0.0169
a range +19900 +20000 2010 2027 0.0432
a range +19900 +20000 2027 2010 0.0432
a range +19900 +20000 2043 2044 0.0116
a range +19900 +20000 2044 2043 0.0116
a range +20500 +20600 2018 2030 0.0121
a range +20500 +20600 2030 2018 0.0121
a range +20500 +20600 2047 2049 0.0226
a range +20500 +20600 2049 2047 0.0226
a range +20700 +20800 2010 2013 0.0322
a range +20700 +20800 2013 2010 0.0322
a range +20800 +20900 1002 2008 1103.3677
a range +20800 +20900 2008 1002 1103.3677
a range +21300 +21400 2007 2043 0.0435
a range +21300 +21400 2043 2007 0.0435
a range +21400 +21500 1001 9003 0.0591
a range +21400 +21500 9003 1001 0.0591
a range +21500 +21600 2001 2052 0.0431
a range +21500 +21600 2052 2001 0.0431
a range +21600 +21700 1002 9001 0.0596
a range +21600 +21700 9001 1002 0.0596
a range +21900 +22000 2033 2035 0.0226
a range +21900 +22000 2035 2033 0.0226
a range +22100 +22200 2014 2038 0.0274
a range +22100 +22200 2038 2014 0.0274
a range +22200 +22300 1001 2019 1102.6692
a range +22200 +22300 2019 1001 1102.6692
a range +22200 +22300 2034 2035 0.0116
a range +22200 +22300 2035 2034 0.0116
a range +22300 +22400 2015 2039 0.0277
a range +22300 +22400 2039 2015 0.0277
a range +22500 +22600 2004 2025 0.0431
a range +22500 +22600 2025 2004 0.0431
a range +22900 +23000 2035 2050 0.0211
a range +22900 +23000 2050 2035 0.0211
a range +23100 +23200 2013 2015 0.0277
a range +23100 +23200 2015 2013 0.0277
a range +23100 +23200 2032 2042 0.0303
a range +23100 +23200 2042 2032 0.0303
a range +23200 +23300 2033 2042 0.0382
a range +23200 +23300 2042 2033 0.0382
a range +23300 +23400 2014 2025 0.0226
a range +23300 +23400 2025 2014 0.0226
a range +23500 +23600 2012 2028 0.0412
a range +23500 +23600 2028 2012 0.0412
a range +23700 +23800 1004 2040 1102.9103
a range +23700 +23800 2040 1004 1102.9103
a range +23800 +23900 1003 2040 1103.1486
a range +23800 +23900 2006 2032 0.0295
a range +23800 +23900 2032 2006 0.0295
a range +23800 +23900 2040 1003 1103.1486
a range +23900 +24000 2005 2040 0.0431
a range +23900 +24000 2040 2005 0.0431
a range +24100 +24200 1003 2035 1102.7374
a range +24100 +24200 2035 1003 1102.7374
a range +24200 +24300 2011 2024 0.0057
a range +24200 +24300 2024 2011 0.0057
a range +24500 +24600 1004 2025 1102.9065
a range +24500 +24600 2025 1004 1102.9065
a range +24500 +24600 2030 2048 0.043
a range +24500 +24600 2048 2030 0.043
a range +24600 +24700 2036 2048 0.0131
a range +24600 +24700 2048 2036 0.0131
a range +24800 +24900 2010 2027 0.0431
a range +24800 +24900 2027 2010 0.0431
a range +24800 +24900 2035 2046 0.0268
a range +24800 +24900 2046 2035 0.0268
a range +25100 +25200 2018 2027 0.0377
a range +25100 +25200 2027 2018 0.0377
a range +25400 +25500 2021 2038 0.0371
a range +25400 +25500 2038 2021 0.0371
a range +25500 +25600 2011 2013 0.0226
a range +25500 +25600 2013 2011 0.0226
a range +25500 +25600 2045 2046 0.0116
a range +25500 +25600 2046 2045 0.0116
a range +26200 +26300 2015 2040 0.0323
a range +26200 +26300 2040 2015 0.0323
a range +26400 +26500 2028 2039 0.0226
a range +26400 +26500 2039 2028 0.0226
a range +26500 +26600 2028 2038 0.0322
a range +26500 +26600 2038 2028 0.0322
a range +26600 +26700 1003 2005 1103.1542
a range +26600 +26700 2005 1003 1103.1542
a range +26600 +26700 2028 2037 0.04
a range +26600 +26700 2029 2038 0.04
a range +26600 +26700 2037 2028 0.04
a range +26600 +26700 2038 2029 0.04
a range +26900 +27000 1004 9003 0.0596
a range +26900 +27000 2011 2022 0.0211
a range +26900 +27000 2022 2011 0.0211
a range +26900 +27000 9003 1004 0.0596
a range +27100 +27200 2014 2046 0.0433
a range +27100 +27200 2046 2014 0.0433
a range +27300 +27400 2016 2045 0.0251
a range +27300 +27400 2045 2016 0.0251
a range +27600 +27700 2001 2013 0.0116
a range +27600 +27700 2013 2001 0.0116
a range +27600 +27700 2038 2052 0.0193
a range +27600 +27700 2052 2038 0.0193
a range +28200 +28300 2010 2036 0.0059
a range +28200 +28300 2036 2010 0.0059
a range +28400 +28500 2006 2019 0.016
a range +28400 +28500 2019 2006 0.016
a range +28400 +28500 2029 2045 0.0303
a range +28400 +28500 2045 2029 0.0303
a range +28700 +28800 2036 2049 0.0032
a range +28700 +28800 2049 2036 0.0032
a range +28800 +28900 2022 2050 0.017
a range +28800 +28900 2050 2022 0.017
a range +29400 +29500 2028 9002 1103.1748
a range +29400 +29500 9002 2028 1103.1748
a range +29500 +29600 2006 2030 0.0241
a range +29500 +29600 2030 2006 0.0241
a range +29600 +29700 2010 2032 0.0431
a range +29600 +29700 2032 2010 0.0431
a range +29800 +29900 1002 2021 1103.3608
a range +29800 +29900 2012 2023 0.0216
a range +29800 +29900 2013 2028 0.0373
a range +29800 +29900 2021 1002 1103.3608
a range +29800 +29900 2023 2012 0.0216
a range +29800 +29900 2028 2013 0.0373
a range +30100 +30200 1002 2035 1103.3712
a range +30100 +30200 2020 2022 0.0226
a range +30100 +30200 2022 2020 0.0226
a range +30100 +30200 2035 1002 1103.3712
a range +30200 +30300 2009 2010 0.0116
a range +30200 +30300 2010 2009 0.0116
a range +30300 +30400 2008 2010 0.0226
a range +30300 +30400 2010 2008 0.0226
a range +30500 +30600 2008 2011 0.0322
a range +30500 +30600 2011 2008 0.0322
a range +30500 +30600 2048 2051 0.0322
a range +30500 +30600 2051 2048 0.0322
a range +30700 +30800 2051 2052 0.0116
a range +30700 +30800 2052 2051 0.0116
a range +30900 +31000 1001 2026 1103.2318
a range +30900 +31000 2005 2049 0.0431
a range +30900 +31000 2026 1001 1103.2318
a range +30900 +31000 2033 2034 0.0116
a range +30900 +31000 2034 2033 0.0116
a range +30900 +31000 2049 2005 0.0431
a range +31400 +31600 1002 2046 1103.3666
a range +31400 +31600 2002 2051 0.043
a range +31400 +31600 2009 2052 0.0434
a range +31400 +31600 2046 1002 1103.3666
a range +31400 +31600 2051 2002 0.043
a range +31400 +31600 2052 2009 0.0434
a range +31700 +31800 1001 2003 1103.5922
a range +31700 +31800 2003 1001 1103.5922
a range +31700 +31800 2028 2030 0.0226
a range +31700 +31800 2030 2028 0.0226
a range +31800 +31900 2007 2041 0.0436
a range +31800 +31900 2041 2007 0.0436
a range +32000 +32100 2013 2042 0.0433
a range +32000 +32100 2042 2013 0.0433
a range +32100 +32200 1002 2050 1103.3797
a range +32100 +32200 2050 1002 1103.3797
a range +32300 +32400 2004 2048 0.0434
a range +32300 +32400 2035 2051 0.0298
a range +32300 +32400 2048 2004 0.0434
a range +32300 +32400 2051 2035 0.0298
a range +32400 +32500 2028 2044 0.0299
a range +32400 +32500 2044 2028 0.0299
a range +32600 +32700 2034 2051 0.0371
a range +32600 +32700 2051 2034 0.0371
a range +32700 +32800 1003 2019 1103.1548
a range +32700 +32800 2019 1003 1103.1548
a range +32800 +32900 1003 2020 1103.144
a range +32800 +32900 2020 1003 1103.144
a range +33100 +33200 2033 2043 0.0326
a range +33100 +33200 2043 2033 0.0326
a range +33400 +33500 2020 2047 0.0347
a range +33400 +33500 2030 2044 0.0121
a range +33400 +33500 2044 2030 0.0121
a range +33400 +33500 2047 2020 0.0347
a range +33500 +33600 2004 2017 0.0013
a range +33500 +33600 2017 2004 0.0013
a range +33700 +33800 2037 2049 0.0108
a range +33700 +33800 2049 2037 0.0108
a range +34000 +34100 2035 2045 0.0349
a range +34000 +34100 2045 2035 0.0349
a range +34200 +34300 2036 2045 0.0406
a range +34200 +34300 2045 2036 0.0406
a range +34700 +34800 2006 2033 0.0339
a range +34700 +34800 2033 2006 0.0339
a range +34800 +34900 1002 2039 1103.335
a range +34800 +34900 2039 1002 1103.335
a range +35000 +35100 2007 2037 0.043
a range +35000 +35100 2037 2007 0.043
a range +35300 +35400 1002 2037 1103.3902
a range +35300 +35400 2037 1002 1103.3902
a range +35700 +35800 1004 2034 1103.5527
a range +35700 +35800 2034 1004 1103.5527
a range +35900 +36000 2016 2017 0.0116
a range +35900 +36000 2017 2016 0.0116
a range +36000 +36100 2015 9002 1103.1591
a range +36000 +36100 9002 2015 1103.1591
a range +36100 +36200 2030 2033 0.0322
a range +36100 +36200 2033 2030 0.0322
a range +36200 +36300 1002 2024 1103.3909
a range +36200 +36300 2024 1002 1103.3909
a range +36200 +36300 2049 2052 0.0322
a range +36200 +36300 2052 2049 0.0322
a range +36300 +36400 1002 2027 1103.2641
a range +36300 +36400 2027 1002 1103.2641
a range +36400 +36500 2019 2028 0.0369
a range +36400 +36500 2028 2019 0.0369
a range +36400 +36500 2044 2047 0.0322
a range +36400 +36500 2047 2044 0.0322
a range +36500 +36600 2022 2038 0.0298
a range +36500 +36600 2038 2022 0.0298
a range +36600 +36700 1002 2047 1103.3691
a range +36600 +36700 2047 1002 1103.3691
a range +36700 +36800 2024 2039 0.0247
a range +36700 +36800 2039 2024 0.0247
a range +36900 +37000 2008 2045 0.0432
a range +36900 +37000 2045 2008 0.0432
a range +37200 +37400 2014 2045 0.0433
a range +37200 +37400 2045 2014 0.0433
a range +37700 +37800 1002 2008 1103.3677
a range +37700 +37800 1004 2012 1103.8153
a range +37700 +37800 2008 1002 1103.3677
a range +37700 +37800 2012 1004 1103.8153
a range +37800 +37900 2037 2038 0.0116
a range +37800 +37900 2038 2037 0.0116
a range +37900 +38000 1002 2009 1103.3724
a range +37900 +38000 2009 1002 1103.3724
a range +38200 +38300 2037 2051 0.0145
a range +38200 +38300 2051 2037 0.0145
a range +38400 +38500 2014 2026 0.0116
a range +38400 +38500 2026 2014 0.0116
a range +38400 +38500 2036 2052 0.0313
a range +38400 +38500 2052 2036 0.0313
a range +38900 +39000 1004 2026 1103.2329
a range +38900 +39000 2010 2034 0.0263
a range +38900 +39000 2026 1004 1103.2329
a range +38900 +39000 2034 2010 0.0263
a range +38900 +39000 2037 2046 0.0386
a range +38900 +39000 2040 9002 1103.3753
a range +38900 +39000 2046 2037 0.0386
a range +38900 +39000 9002 2040 1103.3753
a range +39300 +39400 2038 2052 0.0193
a range +39300 +39400 2052 2038 0.0193
a range +39400 +39500 1004 9002 0.0593
a range +39400 +39500 9002 1004 0.0593
a range +39500 +39600 2005 2041 0.0432
a range +39500 +39600 2041 2005 0.0432
a range +39700 +39800 1004 2028 1103.833
a range +39700 +39800 2007 2038 0.0432
a range +39700 +39800 2028 1004 1103.833
a range +39700 +39800 2038 2007 0.0432
a range +39800 +39900 2007 2048 0.0433
a range +39800 +39900 2048 2007 0.0433
a range +40000 +40100 2008 2024 0.0307
a range +40000 +40100 2024 2008 0.0307
a range +40100 +40300 2018 9002 1103.3491
a range +40100 +40300 9002 2018 1103.3491
a range +40800 +40900 2014 2015 0.0116
a range +40800 +40900 2015 2014 0.0116
a range +41000 +41100 2045 2047 0.0226
a range +41000 +41100 2047 2045 0.0226
a range +41300 +41400 2008 2009 0.0116
a range +41300 +41400 2009 2008 0.0116
a range +41500 +41600 2003 2041 0.0433
a range +41500 +41600 2008 2011 0.0322
a range +41500 +41600 2011 2008 0.0322
a range +41500 +41600 2041 2003 0.0433
a range +41700 +41800 2044 2045 0.0116
a range +41700 +41800 2045 2044 0.0116
a range +42100 +42200 2001 2012 0.0226
a range +42100 +42200 2012 2001 0.0226
a range +42600 +42700 2012 2025 0.0133
a range +42600 +42700 2025 2012 0.0133
a range +42800 +42900 2031 2033 0.0226
a range +42800 +42900 2033 2031 0.0226
a range +42900 +43000 2003 2024 0.0431
a range +42900 +43000 2024 2003 0.0431
a range +43000 +43200 2019 9003 1103.647
a range +43000 +43200 9003 2019 1103.647
a range +43200 +43300 2029 2032 0.0322
a range +43200 +43300 2032 2029 0.0322
a range +44200 +44300 2004 2015 0.0221
a range +44200 +44300 2015 2004 0.0221
a range +44300 +44400 1003 2025 1104.0701
a range +44300 +44400 2025 1003 1104.0701
a range +44800 +44900 2006 2031 0.0258
a range +44800 +44900 2031 2006 0.0258
a range +45000 +45100 1002 2044 1104.2753
a range +45000 +45100 2044 1002 1104.2753
a range +45500 +45600 2009 2021 0.0181
a range +45500 +45600 2021 2009 0.0181
a range +45600 +45700 2013 2034 0.0433
a range +45600 +45700 2034 2013 0.0433
a range +45800 +45900 1001 2038 1103.5943
a range +45800 +45900 1002 2042 1104.2712
a range +45800 +45900 2038 1001 1103.5943
a range +45800 +45900 2042 1002 1104.2712
a range +46100 +46200 2005 2049 0.0435
a range +46100 +46200 2011 2012 0.0116
a range +46100 +46200 2012 2011 0.0116
a range +46100 +46200 2049 2005 0.0435
a range +46500 +46600 2018 2021 0.0322
a range +46500 +46600 2021 2018 0.0322
a range +46700 +46800 1003 2042 1104.0544
a range +46700 +46800 2042 1003 1104.0544
a range +47000 +47100 2001 2049 0.0434
a range +47000 +47100 2018 2027 0.0377
a range +47000 +47100 2027 2018 0.0377
a range +47000 +47100 2049 2001 0.0434
a range +47200 +47300 2032 2034 0.0226
a range +47200 +47300 2034 2032 0.0226
a range +47300 +47400 2046 2047 0.0116
a range +47300 +47400 2047 2046 0.0116
a range +47400 +47500 2027 2028 0.0116
a range +47400 +47500 2028 2027 0.0116
a range +47800 +47900 2028 2052 0.0277
a range +47800 +47900 2052 2028 0.0277
a range +48000 +48100 2005 2019 0.0171
a range +48000 +48100 2019 2005 0.0171
a range +48100 +48200 2013 2043 0.0435
a range +48100 +48200 2014 2040 0.0337
a range +48100 +48200 2040 2014 0.0337
a range +48100 +48200 2043 2013 0.0435
a range +48200 +48300 2013 2022 0.0374
a range +48200 +48300 2022 2013 0.0374
a range +48500 +48600 2011 2032 0.0433
a range +48500 +48600 2032 2011 0.0433
a range +48800 +48900 2036 2050 0.0108
a range +48800 +48900 2050 2036 0.0108
a range +49000 +49100 2002 2025 0.0351
a range +49000 +49100 2025 2002 0.0351
a range +49100 +49200 2006 2028 0.043
a range +49100 +49200 2028 2006 0.043
a range +49200 +49300 2010 2033 0.0352
a range +49200 +49300 2033 2010 0.0352
a range +49500 +49600 1004 2025 1103.8046
a range +49500 +49600 2025 1004 1103.8046
a range +49800 +49900 2019 2050 0.0433
a range +49800 +49900 2050 2019 0.0433
a range +50000 +50100 2011 2027 0.0373
a range +50000 +50100 2027 2011 0.0373
a range +50100 +50200 2005 2036 0.043
a range +50100 +50200 2012 2031 0.043
a range +50100 +50200 2020 2048 0.035
a range +50100 +50200 2031 2012 0.043
a range +50100 +50200 2036 2005 0.043
a range +50100 +50200 2048 2020 0.035
a range +50500 +50600 1002 2026 1103.9709
a range +50500 +50600 2026 1002 1103.9709
a range +50600 +50700 2006 2041 0.0435
a range +50600 +50700 2041 2006 0.0435
a range +50700 +50800 1001 2028 1103.8812
a range +50700 +50800 2028 1001 1103.8812
a range +50800 +50900 2006 2015 0.0369
a range +50800 +50900 2015 2006 0.0369
a range +51100 +51200 2005 2048 0.0431
a range +51100 +51200 2048 2005 0.0431
a range +51500 +51600 1002 2007 1104.2839
a range +51500 +51600 2007 1002 1104.2839
a range +51500 +51600 2020 2035 0.0268
a range +51500 +51600 2035 2020 0.0268
a range +51900 +52000 2016 9003 1103.8157
a range +51900 +52000 9003 2016 1103.8157
a range +52300 +52400 1003 2051 1104.0583
a range +52300 +52400 2010 2011 0.0116
a range +52300 +52400 2011 2010 0.0116
a range +52300 +52400 2051 1003 1104.0583
a range +52400 +52500 1002 2045 1104.279
a range +52400 +52500 2045 1002 1104.279
a range +52700 +52800 2043 2052 0.04
a range +52700 +52800 2052 2043 0.04
a range +52800 +52900 1002 2014 1103.8999
a range +52800 +52900 2014 1002 1103.8999
a range +52800 +52900 2015 9003 1103.8696
a range +52800 +52900 9003 2015 1103.8696
a range +53400 +53500 2011 2022 0.0211
a range +53400 +53500 2022 2011 0.0211
a range +53400 +53500 2031 2048 0.0413
a range +53400 +53500 2048 2031 0.0413
a range +53800 +53900 2035 2047 0.0181
a range +53800 +53900 2047 2035 0.0181
a range +54300 +54400 2038 2049 0.0216
a range +54300 +54400 2049 2038 0.0216
a range +54900 +55000 2007 2033 0.0343
a range +54900 +55000 2033 2007 0.0343
a range +55000 +55100 1004 9002 0.0591
a range +55000 +55100 2001 9003 1104.7676
a range +55000 +55100 2011 2020 0.0386
a range +55000 +55100 2013 2036 0.029
a range +55000 +55100 2020 2011 0.0386
a range +55000 +55100 2026 2047 0.0431
a range +55000 +55100 2036 2013 0.029
a range +55000 +55100 2047 2026 0.0431
a range +55000 +55100 9002 1004 0.0591
a range +55000 +55100 9003 2001 1104.7676
a range +55600 +55700 1004 2039 1104.0388
a range +55600 +55700 2039 1004 1104.0388
a range +56000 +56100 2047 2049 0.0226
a range +56000 +56100 2049 2047 0.0226
a range +56300 +56400 2013 2045 0.043
a range +56300 +56400 2045 2013 0.043
a range +56600 +56700 2002 2013 0.0226
a range +56600 +56700 2013 2002 0.0226
a range +56600 +56700 2023 2037 0.0108
a range +56600 +56700 2037 2023 0.0108
a range +56800 +56900 2021 2037 0.0307
a range +56800 +56900 2037 2021 0.0307
a range +57300 +57400 1003 2045 1104.0446
a range +57300 +57400 1004 2020 1104.2767
a range +57300 +57400 2020 1004 1104.2767
a range +57300 +57400 2045 1003 1104.0446
a range +57400 +57500 2005 9001 1105.0629
a range +57400 +57500 9001 2005 1105.0629
a range +58500 +58600 2014 2030 0.0318
a range +58500 +58600 2030 2014 0.0318
a range +58700 +58800 2009 2038 0.0229
a range +58700 +58800 2038 2009 0.0229
a range +59000 +59100 2023 9001 1104.1591
a range +59000 +59100 9001 2023 1104.1591
a range +59100 +59200 2025 9001 1104.0508
a range +59100 +59200 9001 2025 1104.0508
a range +59400 +59500 2033 2045 0.0208
a range +59400 +59500 2045 2033 0.0208
a range +59600 +59700 1002 2027 1104.2651
a range +59600 +59700 2019 2048 0.0407
a range +59600 +59700 2027 1002 1104.2651
a range +59600 +59700 2048 2019 0.0407
a range +59700 +59800 1002 2019 1104.2789
a range +59700 +59800 2019 1002 1104.2789
a range +59900 +60000 1002 2039 1104.2745
a range +59900 +60000 2039 1002 1104.2745
a range +60100 +60200 2007 2024 0.0386
a range +60100 +60200 2024 2007 0.0386
a range +60300 +60400 2022 2044 0.043
a range +60300 +60400 2044 2022 0.043
a range +60900 +61000 2010 2024 0.0108
a range +60900 +61000 2024 2010 0.0108
a range +61200 +61300 2019 2034 0.0279
a range +61200 +61300 2034 2019 0.0279
a range +61300 +61400 2013 2046 0.0432
a range +61300 +61400 2027 2029 0.0226
a range +61300 +61400 2029 2027 0.0226
a range +61300 +61400 2046 2013 0.0432
a range +61500 +61600 2006 2040 0.0434
a range +61500 +61600 2040 2006 0.0434
a range +61700 +61800 2014 2049 0.0431
a range +61700 +61800 2049 2014 0.0431
a range +62000 +62100 2021 2037 0.0307
a range +62000 +62100 2037 2021 0.0307
a range +62100 +62200 2001 2043 0.0431
a range +62100 +62200 2022 2037 0.0211
a range +62100 +62200 2037 2022 0.0211
a range +62100 +62200 2043 2001 0.0431
a range +62200 +62300 2020 2023 0.0322
a range +62200 +62300 2023 2020 0.0322
a range +62400 +62500 2003 2034 0.0433
a range +62400 +62500 2034 2003 0.0433
a range +62800 +62900 2046 2047 0.0116
a range +62800 +62900 2047 2046 0.0116
a range +62900 +63000 2026 2038 0.0193
a range +62900 +63000 2038 2026 0.0193
a range +63000 +63100 2029 2038 0.04
a range +63000 +63100 2038 2029 0.04
a range +63300 +63500 2020 2046 0.0343
a range +63300 +63500 2046 2020 0.0343
a range +63500 +63600 2024 2026 0.0226
a range +63500 +63600 2026 2024 0.0226
a range +63700 +63800 2003 2044 0.043
a range +63700 +63800 2035 2051 0.0298
a range +63700 +63800 2044 2003 0.043
a range +63700 +63800 2051 2035 0.0298
a range +63800 +63900 2011 2020 0.0386
a range +63800 +63900 2020 2011 0.0386
a range +64000 +64100 2009 2026 0.0374
a range +64000 +64100 2026 2009 0.0374
a range +64100 +64200 1001 2046 1104.512
a range +64100 +64200 2046 1001 1104.512
a range +64400 +64500 2015 2041 0.0268
a range +64400 +64500 2027 2048 0.043
a range +64400 +64500 2041 2015 0.0268
a range +64400 +64500 2048 2027 0.043
a range +64500 +64600 1002 9002 0.0595
a range +64500 +64600 2011 2022 0.0211
a range +64500 +64600 2019 2044 0.0258
a range +64500 +64600 2022 2011 0.0211
a range +64500 +64600 2044 2019 0.0258
a range +64500 +64600 9002 1002 0.0595
a range +64600 +64700 2029 2046 0.0382
a range +64600 +64700 2046 2029 0.0382
a range +64800 +64900 2010 2039 0.029
a range +64800 +64900 2039 2010 0.029
a range +65100 +65200 2008 2038 0.0431
a range +65100 +65200 2038 2008 0.0431
a range +65400 +65500 2039 2050 0.0247
a range +65400 +65500 2050 2039 0.0247
a range +65700 +65800 1001 2035 1104.5011
a range +65700 +65800 2035 1001 1104.5011
a range +66500 +66600 2022 2025 0.0322
a range +66500 +66600 2024 2033 0.0386
a range +66500 +66600 2025 2022 0.0322
a range +66500 +66600 2033 2024 0.0386
a range +66800 +66900 2002 2047 0.0435
a range +66800 +66900 2007 2044 0.043
a range +66800 +66900 2011 2048 0.0434
a range +66800 +66900 2044 2007 0.043
a range +66800 +66900 2047 2002 0.0435
a range +66800 +66900 2048 2011 0.0434
a range +66900 +67000 1002 1003 0.0837
a range +66900 +67000 1003 1002 0.0837
a range +67100 +67200 2018 2020 0.0226
a range +67100 +67200 2020 2018 0.0226
a range +67300 +67400 2012 9001 1105.0503
a range +67300 +67400 9001 2012 1105.0503
a range +67700 +67800 2047 2049 0.0226
a range +67700 +67800 2049 2047 0.0226
a range +67900 +68000 1001 2008 1104.5091
a range +67900 +68000 2007 2048 0.0434
a range +67900 +68000 2008 1001 1104.5091
a range +67900 +68000 2011 2052 0.0434
a range +67900 +68000 2048 2007 0.0434
a range +67900 +68000 2052 2011 0.0434
a range +68200 +68300 1004 2026 1104.7532
a range +68200 +68300 2026 1004 1104.7532
a range +69300 +69400 2006 2019 0.016
a range +69300 +69400 2019 2006 0.016
a range +69400 +69500 2035 2045 0.0349
a range +69400 +69500 2045 2035 0.0349
a range +69500 +69600 2008 2032 0.0378
a range +69500 +69600 2032 2008 0.0378
a range +69600 +69700 2011 2020 0.0386
a range +69600 +69700 2020 2011 0.0386
a range +69700 +69800 2001 2031 0.043
a range +69700 +69800 2031 2001 0.043
a range +70100 +70200 1001 2046 1104.512
a range +70100 +70200 1004 2045 1104.7282
a range +70100 +70200 2045 1004 1104.7282
a range +70100 +70200 2046 1001 1104.512
a range +70400 +70500 2034 2048 0.0181
a range +70400 +70500 2048 2034 0.0181
a range +70500 +70600 2034 2047 0.0169
a range +70500 +70600 2047 2034 0.0169
a range +70600 +70700 2006 2020 0.0208
a range +70600 +70700 2020 2006 0.0208
a range +70800 +70900 1004 2011 1104.7342
a range +70800 +70900 2011 1004 1104.7342
a range +70800 +70900 2038 2048 0.0298
a range +70800 +70900 2048 2038 0.0298
a range +71200 +71300 2006 2023 0.0406
a range +71200 +71300 2023 2006 0.0406
a range +71200 +71300 2031 2046 0.0263
a range +71200 +71300 2046 2031 0.0263
a range +71500 +71600 1003 2011 1104.9661
a range +71500 +71600 2011 1003 1104.9661
a range +71700 +71800 1001 1004 0.0837
a range +71700 +71800 1004 1001 0.0837
a range +71800 +71900 2015 2026 0.0226
a range +71800 +71900 2026 2015 0.0226
a range +72200 +72300 2026 2038 0.0193
a range +72200 +72300 2038 2026 0.0193
a range +72700 +72800 1003 2037 1104.8928
a range +72700 +72800 2037 1003 1104.8928
a range +72700 +72800 2048 2051 0.0322
a range +72700 +72800 2051 2048 0.0322
a range +72800 +72900 1003 2036 1104.9648
a range +72800 +72900 2036 1003 1104.9648
a range +72900 +73000 1001 1004 0.0837
a range +72900 +73000 1004 1001 0.0837
a range +73100 +73200 1003 2031 1104.9391
a range +73100 +73200 2031 1003 1104.9391
a range +73300 +73400 2005 2051 0.0431
a range +73300 +73400 2051 2005 0.0431
a range +73600 +73700 2007 2009 0.0226
a range +73600 +73700 2009 2007 0.0226
a range +73600 +73700 2035 2038 0.0322
a range +73600 +73700 2038 2035 0.0322
a range +73800 +73900 2028 2038 0.0322
a range +73800 +73900 2038 2028 0.0322
a range +74300 +74400 1004 2025 1104.7454
a range +74300 +74400 2025 1004 1104.7454
a range +74400 +74500 1001 2023 1104.8426
a range +74400 +74500 2005 2032 0.0258
a range +74400 +74500 2008 2031 0.04
a range +74400 +74500 2021 2049 0.0263
a range +74400 +74500 2023 1001 1104.8426
a range +74400 +74500 2025 9001 1104.763
a range +74400 +74500 2031 2008 0.04
a range +74400 +74500 2032 2005 0.0258
a range +74400 +74500 2049 2021 0.0263
a range +74400 +74500 9001 2025 1104.763
a range +74700 +74800 1004 2048 1104.7273
a range +74700 +74800 2012 2021 0.0371
a range +74700 +74800 2021 2012 0.0371
a range +74700 +74800 2048 1004 1104.7273
a range +74900 +75100 2006 2019 0.016
a range +74900 +75100 2019 2006 0.016
a range +75300 +75400 2009 2032 0.0407
a range +75300 +75400 2032 2009 0.0407
a range +76100 +76200 1004 2015 1104.7548
a range +76100 +76200 2015 1004 1104.7548
a range +76300 +76400 1002 2010 1105.1153
a range +76300 +76400 2010 1002 1105.1153
a range +76600 +76700 1003 2010 1104.9669
a range +76600 +76700 2010 1003 1104.9669
a range +76700 +76800 2017 2034 0.0402
a range +76700 +76800 2034 2017 0.0402
a range +77200 +77300 1002 2017 1105.1148
a range +77200 +77300 2017 1002 1105.1148
a range +77400 +77500 2021 2032 0.0279
a range +77400 +77500 2032 2021 0.0279
a range +77500 +77600 2021 2024 0.0322
a range +77500 +77600 2024 2021 0.0322
a range +78100 +78200 2007 2048 0.0432
a range +78100 +78200 2018 2030 0.0121
a range +78100 +78200 2030 2018 0.0121
a range +78100 +78200 2048 2007 0.0432
a range +78300 +78400 2028 2039 0.0226
a range +78300 +78400 2039 2028 0.0226
a range +78400 +78500 2022 2032 0.0349
a range +78400 +78500 2032 2022 0.0349
a range +78400 +78500 2040 2043 0.0322
a range +78400 +78500 2043 2040 0.0322
a range +78600 +78700 2011 2045 0.0432
a range +78600 +78700 2045 2011 0.0432
a range +78800 +78900 2017 2045 0.0241
a range +78800 +78900 2045 2017 0.0241
a range +79100 +79200 2006 2046 0.0432
a range +79100 +79200 2008 2044 0.0432
a range +79100 +79200 2044 2008 0.0432
a range +79100 +79200 2046 2006 0.0432
a range +79200 +79300 1002 2019 1105.133
a range +79200 +79300 2019 1002 1105.133
a range +79200 +79300 2049 2051 0.0226
a range +79200 +79300 2051 2049 0.0226
a range +79500 +79600 2019 2036 0.0406
a range +79500 +79600 2036 2019 0.0406
a range +80000 +80100 2017 2041 0.0211
a range +80000 +80100 2041 2017 0.0211
a range +80300 +80400 1002 2009 1105.1199
a range +80300 +80400 2009 1002 1105.1199
a range +80300 +80400 2017 2043 0.0024
a range +80300 +80400 2043 2017 0.0024
a range +80400 +80500 2011 2024 0.0057
a range +80400 +80500 2012 2021 0.0371
a range +80400 +80500 2021 2012 0.0371
a range +80400 +80500 2024 2011 0.0057
a range +80400 +80500 2036 2045 0.0406
a range +80400 +80500 2045 2036 0.0406
a range +80500 +80600 2001 2031 0.0432
a range +80500 +80600 2031 2001 0.0432
a range +80600 +80700 2010 2020 0.0331
a range +80600 +80700 2011 2026 0.0247
a range +80600 +80700 2020 2010 0.0331
a range +80600 +80700 2026 2011 0.0247
a range +80700 +80900 1004 2015 1105.0098
a range +80700 +80900 2009 2018 0.0413
a range +80700 +80900 2015 1004 1105.0098
a range +80700 +80900 2018 2009 0.0413
a range +80700 +80900 2033 2044 0.0263
a range +80700 +80900 2044 2033 0.0263
a range +81000 +81100 1002 2007 1105.1237
a range +81000 +81100 2007 1002 1105.1237
a range +81000 +81100 2036 9001 1104.8951
a range +81000 +81100 9001 2036 1104.8951
a range +81100 +81200 2023 2046 0.0352
a range +81100 +81200 2046 2023 0.0352
a range +81300 +81400 2039 9001 1105.0366
a range +81300 +81400 9001 2039 1105.0366
a range +81400 +81500 1003 2009 1104.9653
a range +81400 +81500 2009 1003 1104.9653
a range +81400 +81500 2011 2033 0.0432
a range +81400 +81500 2033 2011 0.0432
a range +81500 +81600 1003 2010 1104.9669
a range +81500 +81600 2010 1003 1104.9669
a range +81500 +81600 2024 2046 0.0432
a range +81500 +81600 2035 2044 0.0413
a range +81500 +81600 2044 2035 0.0413
a range +81500 +81600 2046 2024 0.0432
a range +81700 +81800 2027 2049 0.0392
a range +81700 +81800 2049 2027 0.0392
a range +81900 +82000 2013 2035 0.0301
a range +81900 +82000 2035 2013 0.0301
a range +82000 +82100 2012 2023 0.0216
a range +82000 +82100 2023 2012 0.0216
a range +82100 +82200 2010 2026 0.0313
a range +82100 +82200 2026 2010 0.0313
a range +82200 +82300 2003 2028 0.0225
a range +82200 +82300 2028 2003 0.0225
a range +82400 +82500 2014 2025 0.0226
a range +82400 +82500 2025 2014 0.0226
a range +82500 +82600 2050 2052 0.0226
a range +82500 +82600 2052 2050 0.0226
a range +82600 +82700 2009 2026 0.0374
a range +82600 +82700 2026 2009 0.0374
a range +82900 +83000 2015 9002 1105.0469
a range +82900 +83000 9002 2015 1105.0469
a range +83100 +83200 2026 2037 0.0247
a range +83100 +83200 2034 2036 0.0226
a range +83100 +83200 2036 2034 0.0226
a range +83100 +83200 2037 2026 0.0247
a range +83400 +83500 2003 2050 0.0433
a range +83400 +83500 2050 2003 0.0433
a range +83600 +83800 2014 2046 0.0342
a range +83600 +83800 2046 2014 0.0342
a range +83800 +83900 2040 2042 0.0226
a range +83800 +83900 2042 2040 0.0226
a range +84300 +84400 2009 2011 0.0226
a range +84300 +84400 2011 2009 0.0226
a range +84400 +84500 2008 2010 0.0226
a range +84400 +84500 2010 2008 0.0226
a range +84600 +84700 2029 2031 0.0226
a range +84600 +84700 2031 2029 0.0226
a range +84800 +84900 2036 2052 0.0313
a range +84800 +84900 2052 2036 0.0313
a range +85000 +85100 1002 2022 1105.1275
a range +85000 +85100 2022 1002 1105.1275
a range +85100 +85200 2027 2052 0.0214
a range +85100 +85200 2052 2027 0.0214
a range +85600 +85700 2035 2046 0.0268
a range +85600 +85700 2046 2035 0.0268
a range +85700 +85800 2013 2038 0.0307
a range +85700 +85800 2038 2013 0.0307
a range +85800 +85900 1002 2009 1105.1199
a range +85800 +85900 2009 1002 1105.1199
a range +86300 +86400 2004 2020 0.0326
a range +86300 +86400 2020 2004 0.0326
