a contact +0 +1800 1001 9003 100000
a contact +0 +1800 9003 1001 100000
a contact +2400 +3000 1001 2004 10000
a contact +1800 +3000 1001 9003 100000
a contact +2400 +3000 1001 2002 10000
a contact +2400 +3000 2002 1001 10000
a contact +2400 +3000 2004 1001 10000
a contact +1800 +3000 9003 1001 100000
a contact +3000 +4200 1001 2003 10000
a contact +3000 +4200 2003 1001 10000
a contact +4200 +4800 1001 9003 100000
a contact +4200 +4800 9003 1001 100000
a contact +4800 +5400 1001 2003 10000
a contact +3000 +5400 1001 2004 10000
a contact +4800 +5400 2003 1001 10000
a contact +3000 +5400 2004 1001 10000
a contact +3000 +6000 1001 2001 10000
a contact +5400 +6000 1001 2003 10000
a contact +3000 +6000 2001 1001 10000
a contact +5400 +6000 2003 1001 10000
a contact +5400 +6600 1001 2004 10000
a contact +5400 +6600 2004 1001 10000
a contact +6000 +7200 1001 2002 10000
a contact +6000 +7200 2002 1001 10000
a contact +7200 +8400 1001 2004 10000
a contact +6600 +8400 1001 2003 10000
a contact +6600 +8400 2003 1001 10000
a contact +7200 +8400 2004 1001 10000
a contact +8400 +9000 1001 2004 10000
a contact +8400 +9000 2004 1001 10000
a contact +9000 +9600 1001 2002 10000
a contact +6000 +9600 1001 2001 10000
a contact +6000 +9600 2001 1001 10000
a contact +9000 +9600 2002 1001 10000
a contact +9600 +10200 1001 2004 10000
a contact +9600 +10200 1001 9001 100000
a contact +9600 +10200 2004 1001 10000
a contact +9600 +10200 9001 1001 100000
a contact +8400 +10800 1001 2003 10000
a contact +10200 +10800 1001 2002 10000
a contact +10200 +10800 2002 1001 10000
a contact +8400 +10800 2003 1001 10000
a contact +10800 +11400 1001 2004 10000
a contact +10800 +11400 1001 2003 10000
a contact +10200 +11400 1001 2001 10000
a contact +10200 +11400 2001 1001 10000
a contact +10800 +11400 2003 1001 10000
a contact +10800 +11400 2004 1001 10000
a contact +11400 +12600 1001 2002 10000
a contact +11400 +12600 1001 2004 10000
a contact +11400 +12600 2002 1001 10000
a contact +11400 +12600 2004 1001 10000
a contact +12600 +15000 1001 2003 10000
a contact +12600 +15000 1001 2002 10000
a contact +12600 +15000 2002 1001 10000
a contact +12600 +15000 2003 1001 10000
a contact +15000 +16200 1001 2002 10000
a contact +15000 +16200 1001 2003 10000
a contact +15000 +16200 2002 1001 10000
a contact +15000 +16200 2003 1001 10000
a contact +16200 +16800 1001 2002 10000
a contact +16200 +16800 2002 1001 10000
a contact +16200 +18000 1001 2003 10000
a contact +16800 +18000 1001 2004 10000
a contact +16200 +18000 2003 1001 10000
a contact +16800 +18000 2004 1001 10000
a contact +18000 +18600 1001 2004 10000
a contact +18000 +18600 2004 1001 10000
a contact +11400 +19200 1001 2001 10000
a contact +18600 +19200 1001 9003 100000
a contact +18000 +19200 1001 2002 10000
a contact +11400 +19200 2001 1001 10000
a contact +18000 +19200 2002 1001 10000
a contact +18600 +19200 9003 1001 100000
a contact +19200 +19800 1001 9003 100000
a contact +19200 +19800 1001 2003 10000
a contact +19200 +19800 2003 1001 10000
a contact +19200 +19800 9003 1001 100000
a contact +19800 +21000 1001 2003 10000
a contact +19800 +21000 2003 1001 10000
a contact +21000 +21600 1001 2004 10000
a contact +21000 +21600 2004 1001 10000
a contact +21600 +22200 1001 2003 10000
a contact +19800 +22200 1001 2002 10000
a contact +19200 +22200 1001 2001 10000
a contact +19200 +22200 2001 1001 10000
a contact +19800 +22200 2002 1001 10000
a contact +21600 +22200 2003 1001 10000
a contact +22200 +22800 1001 2004 10000
a contact +22200 +22800 2004 1001 10000
a contact +22200 +23400 1001 2002 10000
a contact +22200 +23400 1001 2003 10000
a contact +22800 +23400 1001 2001 10000
a contact +22800 +23400 2001 1001 10000
a contact +22200 +23400 2002 1001 10000
a contact +22200 +23400 2003 1001 10000
a contact +23400 +24000 1001 9003 100000
a contact +23400 +24000 9003 1001 100000
a contact +23400 +24600 1001 9001 100000
a contact +23400 +24600 9001 1001 100000
a contact +24600 +25200 1001 9001 100000
a contact +24000 +25200 1001 9003 100000
a contact +24600 +25200 9001 1001 100000
a contact +24000 +25200 9003 1001 100000
a contact +25200 +25800 1001 9003 100000
a contact +25200 +25800 9003 1001 100000
a contact +26400 +27000 1001 2001 10000
a contact +25200 +27000 1001 9001 100000
a contact +26400 +27000 1001 2004 10000
a contact +26400 +27000 2001 1001 10000
a contact +26400 +27000 2004 1001 10000
a contact +25200 +27000 9001 1001 100000
a contact +27000 +29400 1001 2003 10000
a contact +27000 +29400 2003 1001 10000
a contact +29400 +30000 1001 2001 10000
a contact +29400 +30000 2001 1001 10000
a contact +30000 +31200 1001 2003 10000
a contact +27000 +31200 1001 2004 10000
a contact +27000 +31200 1001 2002 10000
a contact +27000 +31200 2002 1001 10000
a contact +30000 +31200 2003 1001 10000
a contact +27000 +31200 2004 1001 10000
a contact +31200 +31800 1001 2001 10000
a contact +31200 +31800 2001 1001 10000
a contact +31800 +32400 1001 2002 10000
a contact +31800 +32400 2002 1001 10000
a contact +31200 +33000 1001 2004 10000
a contact +31200 +33000 1001 2003 10000
a contact +32400 +33000 1001 2001 10000
a contact +32400 +33000 2001 1001 10000
a contact +31200 +33000 2003 1001 10000
a contact +31200 +33000 2004 1001 10000
a contact +33000 +33600 1001 2001 10000
a contact +33000 +33600 1001 2004 10000
a contact +33000 +33600 1001 2002 10000
a contact +33000 +33600 2001 1001 10000
a contact +33000 +33600 2002 1001 10000
a contact +33000 +33600 2004 1001 10000
a contact +33600 +34200 1001 2001 10000
a contact +33600 +34200 2001 1001 10000
a contact +33600 +34800 1001 2002 10000
a contact +33600 +34800 1001 2004 10000
a contact +33600 +34800 2002 1001 10000
a contact +33600 +34800 2004 1001 10000
a contact +34800 +35400 1001 2001 10000
a contact +34800 +35400 2001 1001 10000
a contact +34200 +36000 1001 2003 10000
a contact +34200 +36000 2003 1001 10000
a contact +34800 +36600 1001 2004 10000
a contact +36000 +36600 1001 2001 10000
a contact +35400 +36600 1001 2002 10000
a contact +36000 +36600 2001 1001 10000
a contact +35400 +36600 2002 1001 10000
a contact +34800 +36600 2004 1001 10000
a contact +36600 +37200 1001 2002 10000
a contact +36600 +37200 1001 2004 10000
a contact +36600 +37200 1001 2003 10000
a contact +36600 +37200 2002 1001 10000
a contact +36600 +37200 2003 1001 10000
a contact +36600 +37200 2004 1001 10000
a contact +37200 +37800 1001 2004 10000
a contact +37200 +37800 1001 2001 10000
a contact +37200 +37800 2001 1001 10000
a contact +37200 +37800 2004 1001 10000
a contact +37800 +38400 1001 2003 10000
a contact +37200 +38400 1001 2002 10000
a contact +37200 +38400 2002 1001 10000
a contact +37800 +38400 2003 1001 10000
a contact +38400 +39000 1001 2002 10000
a contact +37800 +39000 1001 2004 10000
a contact +38400 +39000 2002 1001 10000
a contact +37800 +39000 2004 1001 10000
a contact +38400 +39600 1001 2003 10000
a contact +39000 +39600 1001 2002 10000
a contact +39000 +39600 2002 1001 10000
a contact +38400 +39600 2003 1001 10000
a contact +39000 +40200 1001 2004 10000
a contact +39600 +40200 1001 2002 10000
a contact +39600 +40200 2002 1001 10000
a contact +39000 +40200 2004 1001 10000
a contact +40200 +40800 1001 2003 10000
a contact +40200 +40800 1001 2004 10000
a contact +39600 +40800 1001 2001 10000
a contact +39600 +40800 2001 1001 10000
a contact +40200 +40800 2003 1001 10000
a contact +40200 +40800 2004 1001 10000
a contact +40800 +41400 1001 2001 10000
a contact +40800 +41400 2001 1001 10000
a contact +41400 +42000 1001 2004 10000
a contact +40800 +42000 1001 2003 10000
a contact +40800 +42000 1001 2002 10000
a contact +40800 +42000 2002 1001 10000
a contact +40800 +42000 2003 1001 10000
a contact +41400 +42000 2004 1001 10000
a contact +42000 +42600 1001 2002 10000
a contact +42000 +42600 1001 2004 10000
a contact +42000 +42600 1001 2001 10000
a contact +42000 +42600 2001 1001 10000
a contact +42000 +42600 2002 1001 10000
a contact +42000 +42600 2004 1001 10000
a contact +42600 +43200 1001 2004 10000
a contact +42600 +43200 1001 2003 10000
a contact +42600 +43200 2003 1001 10000
a contact +42600 +43200 2004 1001 10000
a contact +43200 +43800 1001 2003 10000
a contact +43200 +43800 2003 1001 10000
a contact +43800 +44400 1001 2004 10000
a contact +42600 +44400 1001 2001 10000
a contact +42600 +44400 2001 1001 10000
a contact +43800 +44400 2004 1001 10000
a contact +44400 +45000 1001 2003 10000
a contact +44400 +45000 1001 2004 10000
a contact +43200 +45000 1001 2002 10000
a contact +43200 +45000 2002 1001 10000
a contact +44400 +45000 2003 1001 10000
a contact +44400 +45000 2004 1001 10000
a contact +45000 +45600 1001 2003 10000
a contact +45000 +45600 1001 2001 10000
a contact +45000 +45600 2001 1001 10000
a contact +45000 +45600 2003 1001 10000
a contact +45600 +46200 1001 2001 10000
a contact +45600 +46200 1001 9001 100000
a contact +45600 +46200 2001 1001 10000
a contact +45600 +46200 9001 1001 100000
a contact +45000 +46800 1001 2004 10000
a contact +46200 +46800 1001 2003 10000
a contact +46200 +46800 1001 2001 10000
a contact +46200 +46800 2001 1001 10000
a contact +46200 +46800 2003 1001 10000
a contact +45000 +46800 2004 1001 10000
a contact +46800 +47400 1001 9001 100000
a contact +46800 +47400 9001 1001 100000
a contact +47400 +48000 1001 9001 100000
a contact +47400 +48000 1001 9002 100000
a contact +47400 +48000 9001 1001 100000
a contact +47400 +48000 9002 1001 100000
a contact +48000 +48600 1001 9002 100000
a contact +48000 +48600 9002 1001 100000
a contact +48000 +49200 1001 9001 100000
a contact +48600 +49200 1001 9002 100000
a contact +48000 +49200 9001 1001 100000
a contact +48600 +49200 9002 1001 100000
a contact +49200 +49800 1001 9002 100000
a contact +49200 +49800 9002 1001 100000
a contact +49800 +50400 1001 2002 10000
a contact +49800 +50400 1001 2003 10000
a contact +49800 +50400 2002 1001 10000
a contact +49800 +50400 2003 1001 10000
a contact +50400 +51000 1001 2003 10000
a contact +50400 +51000 1001 2002 10000
a contact +49800 +51000 1001 2001 10000
a contact +49800 +51000 2001 1001 10000
a contact +50400 +51000 2002 1001 10000
a contact +50400 +51000 2003 1001 10000
a contact +51000 +51600 1001 2004 10000
a contact +51000 +51600 1001 2003 10000
a contact +51000 +51600 2003 1001 10000
a contact +51000 +51600 2004 1001 10000
a contact +51000 +52200 1001 2002 10000
a contact +51600 +52200 1001 2003 10000
a contact +51600 +52200 1001 2001 10000
a contact +51600 +52200 2001 1001 10000
a contact +51000 +52200 2002 1001 10000
a contact +51600 +52200 2003 1001 10000
a contact +52200 +52800 1001 2004 10000
a contact +52200 +52800 1001 2001 10000
a contact +52200 +52800 1001 2002 10000
a contact +52200 +52800 2001 1001 10000
a contact +52200 +52800 2002 1001 10000
a contact +52200 +52800 2004 1001 10000
a contact +52800 +53400 1001 2002 10000
a contact +52800 +53400 1001 2004 10000
a contact +52800 +53400 1001 2003 10000
a contact +52800 +53400 2002 1001 10000
a contact +52800 +53400 2003 1001 10000
a contact +52800 +53400 2004 1001 10000
a contact +53400 +54000 1001 2001 10000
a contact +53400 +54000 1001 2002 10000
a contact +53400 +54000 2001 1001 10000
a contact +53400 +54000 2002 1001 10000
a contact +54000 +54600 1001 2002 10000
a contact +54000 +54600 1001 2001 10000
a contact +54000 +54600 2001 1001 10000
a contact +54000 +54600 2002 1001 10000
a contact +53400 +55200 1001 2003 10000
a contact +54600 +55200 1001 2001 10000
a contact +54600 +55200 1001 2002 10000
a contact +54600 +55200 2001 1001 10000
a contact +54600 +55200 2002 1001 10000
a contact +53400 +55200 2003 1001 10000
a contact +55200 +55800 1001 2004 10000
a contact +55200 +55800 1001 2003 10000
a contact +55200 +55800 1001 2001 10000
a contact +55200 +55800 2001 1001 10000
a contact +55200 +55800 2003 1001 10000
a contact +55200 +55800 2004 1001 10000
a contact +55800 +56400 1001 2003 10000
a contact +55800 +56400 1001 2001 10000
a contact +55800 +56400 2001 1001 10000
a contact +55800 +56400 2003 1001 10000
a contact +56400 +57000 1001 2004 10000
a contact +55800 +57000 1001 2002 10000
a contact +55800 +57000 2002 1001 10000
a contact +56400 +57000 2004 1001 10000
a contact +57000 +57600 1001 2002 10000
a contact +56400 +57600 1001 2003 10000
a contact +57000 +57600 2002 1001 10000
a contact +56400 +57600 2003 1001 10000
a contact +57600 +58200 1001 2003 10000
a contact +57000 +58200 1001 2004 10000
a contact +57600 +58200 2003 1001 10000
a contact +57000 +58200 2004 1001 10000
a contact +57600 +58800 1001 2002 10000
a contact +58200 +58800 1001 2003 10000
a contact +57600 +58800 2002 1001 10000
a contact +58200 +58800 2003 1001 10000
a contact +58800 +59400 1001 2003 10000
a contact +58800 +59400 1001 2002 10000
a contact +58800 +59400 2002 1001 10000
a contact +58800 +59400 2003 1001 10000
a contact +58200 +60000 1001 2004 10000
a contact +59400 +60000 1001 2002 10000
a contact +59400 +60000 1001 2003 10000
a contact +59400 +60000 2002 1001 10000
a contact +59400 +60000 2003 1001 10000
a contact +58200 +60000 2004 1001 10000
a contact +60000 +60600 1001 2002 10000
a contact +60000 +60600 1001 2001 10000
a contact +60000 +60600 2001 1001 10000
a contact +60000 +60600 2002 1001 10000
a contact +60600 +61200 1001 2004 10000
a contact +60000 +61200 1001 2003 10000
a contact +60600 +61200 1001 2002 10000
a contact +60600 +61200 2002 1001 10000
a contact +60000 +61200 2003 1001 10000
a contact +60600 +61200 2004 1001 10000
a contact +61200 +61800 1001 2003 10000
a contact +61200 +61800 1001 2004 10000
a contact +61200 +61800 1001 2001 10000
a contact +61200 +61800 2001 1001 10000
a contact +61200 +61800 2003 1001 10000
a contact +61200 +61800 2004 1001 10000
a contact +61800 +63600 1001 2003 10000
a contact +61800 +63600 2003 1001 10000
a contact +61800 +64200 1001 2004 10000
a contact +63600 +64200 1001 2001 10000
a contact +63600 +64200 2001 1001 10000
a contact +61800 +64200 2004 1001 10000
a contact +64200 +64800 1001 2001 10000
a contact +64200 +64800 1001 2003 10000
a contact +61800 +64800 1001 2002 10000
a contact +64200 +64800 2001 1001 10000
a contact +61800 +64800 2002 1001 10000
a contact +64200 +64800 2003 1001 10000
a contact +64800 +65400 1001 2003 10000
a contact +64800 +65400 1001 2002 10000
a contact +64800 +65400 1001 2001 10000
a contact +64800 +65400 2001 1001 10000
a contact +64800 +65400 2002 1001 10000
a contact +64800 +65400 2003 1001 10000
a contact +65400 +66000 1001 9002 100000
a contact +65400 +66000 1001 2004 10000
a contact +65400 +66000 2004 1001 10000
a contact +65400 +66000 9002 1001 100000
a contact +66000 +66600 1001 2004 10000
a contact +65400 +66600 1001 2003 10000
a contact +66000 +66600 1001 2001 10000
a contact +66000 +66600 2001 1001 10000
a contact +65400 +66600 2003 1001 10000
a contact +66000 +66600 2004 1001 10000
a contact +66600 +67200 1001 2001 10000
a contact +66600 +67200 1001 9002 100000
a contact +66600 +67200 1001 2004 10000
a contact +66600 +67200 2001 1001 10000
a contact +66600 +67200 2004 1001 10000
a contact +66600 +67200 9002 1001 100000
a contact +67200 +68400 1001 2004 10000
a contact +67200 +68400 1001 2003 10000
a contact +67200 +68400 1001 2001 10000
a contact +67200 +68400 2001 1001 10000
a contact +67200 +68400 2003 1001 10000
a contact +67200 +68400 2004 1001 10000
a contact +68400 +69000 1001 2003 10000
a contact +68400 +69000 1001 2002 10000
a contact +68400 +69000 2002 1001 10000
a contact +68400 +69000 2003 1001 10000
a contact +69000 +69600 1001 2001 10000
a contact +68400 +69600 1001 2004 10000
a contact +69000 +69600 2001 1001 10000
a contact +68400 +69600 2004 1001 10000
a contact +69000 +70200 1001 2003 10000
a contact +69000 +70200 2003 1001 10000
a contact +69600 +70800 1001 2004 10000
a contact +69600 +70800 1001 2001 10000
a contact +70200 +70800 1001 2002 10000
a contact +69600 +70800 2001 1001 10000
a contact +70200 +70800 2002 1001 10000
a contact +69600 +70800 2004 1001 10000
a contact +70800 +71400 1001 9002 100000
a contact +70800 +71400 9002 1001 100000
a contact +71400 +72000 1001 9002 100000
a contact +71400 +72000 9002 1001 100000
a contact +72000 +73200 1001 9002 100000
a contact +72000 +73200 9002 1001 100000
a contact +73200 +73800 1001 2001 10000
a contact +73200 +73800 1001 2002 10000
a contact +73200 +73800 2001 1001 10000
a contact +73200 +73800 2002 1001 10000
a contact +73800 +74400 1001 2002 10000
a contact +73200 +74400 1001 2004 10000
a contact +73800 +74400 1001 2001 10000
a contact +73800 +74400 2001 1001 10000
a contact +73800 +74400 2002 1001 10000
a contact +73200 +74400 2004 1001 10000
a contact +74400 +75600 1001 2004 10000
a contact +74400 +75600 1001 2001 10000
a contact +74400 +75600 2001 1001 10000
a contact +74400 +75600 2004 1001 10000
a contact +75600 +76200 1001 2001 10000
a contact +75600 +76200 1001 2004 10000
a contact +74400 +76200 1001 2003 10000
a contact +75600 +76200 2001 1001 10000
a contact +74400 +76200 2003 1001 10000
a contact +75600 +76200 2004 1001 10000
a contact +76200 +76800 1001 2003 10000
a contact +76200 +76800 1001 2002 10000
a contact +76200 +76800 1001 2004 10000
a contact +76200 +76800 2002 1001 10000
a contact +76200 +76800 2003 1001 10000
a contact +76200 +76800 2004 1001 10000
a contact +76800 +77400 1001 2004 10000
a contact +76800 +77400 1001 2002 10000
a contact +76800 +77400 2002 1001 10000
a contact +76800 +77400 2004 1001 10000
a contact +77400 +78000 1001 2001 10000
a contact +76800 +78000 1001 2003 10000
a contact +77400 +78000 1001 2004 10000
a contact +77400 +78000 2001 1001 10000
a contact +76800 +78000 2003 1001 10000
a contact +77400 +78000 2004 1001 10000
a contact +78000 +78600 1001 2003 10000
a contact +78000 +78600 1001 2001 10000
a contact +78000 +78600 1001 2002 10000
a contact +78000 +78600 2001 1001 10000
a contact +78000 +78600 2002 1001 10000
a contact +78000 +78600 2003 1001 10000
a contact +78600 +79200 1001 2002 10000
a contact +78600 +79200 1001 2001 10000
a contact +78600 +79200 2001 1001 10000
a contact +78600 +79200 2002 1001 10000
a contact +79200 +79800 1001 2001 10000
a contact +78600 +79800 1001 2003 10000
a contact +79200 +79800 2001 1001 10000
a contact +78600 +79800 2003 1001 10000
a contact +79800 +80400 1001 2004 10000
a contact +79800 +80400 1001 2001 10000
a contact +79200 +80400 1001 2002 10000
a contact +79800 +80400 2001 1001 10000
a contact +79200 +80400 2002 1001 10000
a contact +79800 +80400 2004 1001 10000
a contact +80400 +81000 1001 2002 10000
a contact +80400 +81000 1001 2004 10000
a contact +80400 +81000 1001 2003 10000
a contact +80400 +81000 2002 1001 10000
a contact +80400 +81000 2003 1001 10000
a contact +80400 +81000 2004 1001 10000
a contact +81000 +82200 1001 2001 10000
a contact +81000 +82200 1001 2003 10000
a contact +81000 +82200 1001 2002 10000
a contact +81000 +82200 2001 1001 10000
a contact +81000 +82200 2002 1001 10000
a contact +81000 +82200 2003 1001 10000
a contact +82200 +82800 1001 2001 10000
a contact +82200 +82800 2001 1001 10000
a contact +82200 +83400 1001 2003 10000
a contact +82200 +83400 1001 2004 10000
a contact +82200 +83400 2003 1001 10000
a contact +82200 +83400 2004 1001 10000
a contact +83400 +84000 1001 2004 10000
a contact +83400 +84000 1001 2003 10000
a contact +82800 +84000 1001 2002 10000
a contact +82800 +84000 2002 1001 10000
a contact +83400 +84000 2003 1001 10000
a contact +83400 +84000 2004 1001 10000
a contact +84000 +84600 1001 2003 10000
a contact +84000 +84600 1001 2004 10000
a contact +84000 +84600 1001 2001 10000
a contact +84000 +84600 2001 1001 10000
a contact +84000 +84600 2003 1001 10000
a contact +84000 +84600 2004 1001 10000
a contact +84600 +85200 1001 2002 10000
a contact +84600 +85200 2002 1001 10000
a contact +84600 +85800 1001 2003 10000
a contact +84600 +85800 2003 1001 10000
a contact +84600 +86400 1001 2004 10000
a contact +85800 +86400 1001 2002 10000
a contact +85200 +86400 1001 2001 10000
a contact +85200 +86400 2001 1001 10000
a contact +85800 +86400 2002 1001 10000
a contact +84600 +86400 2004 1001 10000

a range +0 +1800 1001 9003 0
a range +0 +1800 9003 1001 0
a range +2400 +3000 1001 2004 0
a range +1800 +3000 1001 9003 0
a range +2400 +3000 1001 2002 0
a range +2400 +3000 2002 1001 0
a range +2400 +3000 2004 1001 0
a range +1800 +3000 9003 1001 0
a range +3000 +4200 1001 2003 0
a range +3000 +4200 2003 1001 0
a range +4200 +4800 1001 9003 0
a range +4200 +4800 9003 1001 0
a range +4800 +5400 1001 2003 0
a range +3000 +5400 1001 2004 0
a range +4800 +5400 2003 1001 0
a range +3000 +5400 2004 1001 0
a range +3000 +6000 1001 2001 0
a range +5400 +6000 1001 2003 0
a range +3000 +6000 2001 1001 0
a range +5400 +6000 2003 1001 0
a range +5400 +6600 1001 2004 0
a range +5400 +6600 2004 1001 0
a range +6000 +7200 1001 2002 0
a range +6000 +7200 2002 1001 0
a range +7200 +8400 1001 2004 0
a range +6600 +8400 1001 2003 0
a range +6600 +8400 2003 1001 0
a range +7200 +8400 2004 1001 0
a range +8400 +9000 1001 2004 0
a range +8400 +9000 2004 1001 0
a range +9000 +9600 1001 2002 0
a range +6000 +9600 1001 2001 0
a range +6000 +9600 2001 1001 0
a range +9000 +9600 2002 1001 0
a range +9600 +10200 1001 2004 0
a range +9600 +10200 1001 9001 0
a range +9600 +10200 2004 1001 0
a range +9600 +10200 9001 1001 0
a range +8400 +10800 1001 2003 0
a range +10200 +10800 1001 2002 0
a range +10200 +10800 2002 1001 0
a range +8400 +10800 2003 1001 0
a range +10800 +11400 1001 2004 0
a range +10800 +11400 1001 2003 0
a range +10200 +11400 1001 2001 0
a range +10200 +11400 2001 1001 0
a range +10800 +11400 2003 1001 0
a range +10800 +11400 2004 1001 0
a range +11400 +12600 1001 2002 0
a range +11400 +12600 1001 2004 0
a range +11400 +12600 2002 1001 0
a range +11400 +12600 2004 1001 0
a range +12600 +15000 1001 2003 0
a range +12600 +15000 1001 2002 0
a range +12600 +15000 2002 1001 0
a range +12600 +15000 2003 1001 0
a range +15000 +16200 1001 2002 0
a range +15000 +16200 1001 2003 0
a range +15000 +16200 2002 1001 0
a range +15000 +16200 2003 1001 0
a range +16200 +16800 1001 2002 0
a range +16200 +16800 2002 1001 0
a range +16200 +18000 1001 2003 0
a range +16800 +18000 1001 2004 0
a range +16200 +18000 2003 1001 0
a range +16800 +18000 2004 1001 0
a range +18000 +18600 1001 2004 0
a range +18000 +18600 2004 1001 0
a range +11400 +19200 1001 2001 0
a range +18600 +19200 1001 9003 0
a range +18000 +19200 1001 2002 0
a range +11400 +19200 2001 1001 0
a range +18000 +19200 2002 1001 0
a range +18600 +19200 9003 1001 0
a range +19200 +19800 1001 9003 0
a range +19200 +19800 1001 2003 0
a range +19200 +19800 2003 1001 0
a range +19200 +19800 9003 1001 0
a range +19800 +21000 1001 2003 0
a range +19800 +21000 2003 1001 0
a range +21000 +21600 1001 2004 0
a range +21000 +21600 2004 1001 0
a range +21600 +22200 1001 2003 0
a range +19800 +22200 1001 2002 0
a range +19200 +22200 1001 2001 0
a range +19200 +22200 2001 1001 0
a range +19800 +22200 2002 1001 0
a range +21600 +22200 2003 1001 0
a range +22200 +22800 1001 2004 0
a range +22200 +22800 2004 1001 0
a range +22200 +23400 1001 2002 0
a range +22200 +23400 1001 2003 0
a range +22800 +23400 1001 2001 0
a range +22800 +23400 2001 1001 0
a range +22200 +23400 2002 1001 0
a range +22200 +23400 2003 1001 0
a range +23400 +24000 1001 9003 0
a range +23400 +24000 9003 1001 0
a range +23400 +24600 1001 9001 0
a range +23400 +24600 9001 1001 0
a range +24600 +25200 1001 9001 0
a range +24000 +25200 1001 9003 0
a range +24600 +25200 9001 1001 0
a range +24000 +25200 9003 1001 0
a range +25200 +25800 1001 9003 0
a range +25200 +25800 9003 1001 0
a range +26400 +27000 1001 2001 0
a range +25200 +27000 1001 9001 0
a range +26400 +27000 1001 2004 0
a range +26400 +27000 2001 1001 0
a range +26400 +27000 2004 1001 0
a range +25200 +27000 9001 1001 0
a range +27000 +29400 1001 2003 0
a range +27000 +29400 2003 1001 0
a range +29400 +30000 1001 2001 0
a range +29400 +30000 2001 1001 0
a range +30000 +31200 1001 2003 0
a range +27000 +31200 1001 2004 0
a range +27000 +31200 1001 2002 0
a range +27000 +31200 2002 1001 0
a range +30000 +31200 2003 1001 0
a range +27000 +31200 2004 1001 0
a range +31200 +31800 1001 2001 0
a range +31200 +31800 2001 1001 0
a range +31800 +32400 1001 2002 0
a range +31800 +32400 2002 1001 0
a range +31200 +33000 1001 2004 0
a range +31200 +33000 1001 2003 0
a range +32400 +33000 1001 2001 0
a range +32400 +33000 2001 1001 0
a range +31200 +33000 2003 1001 0
a range +31200 +33000 2004 1001 0
a range +33000 +33600 1001 2001 0
a range +33000 +33600 1001 2004 0
a range +33000 +33600 1001 2002 0
a range +33000 +33600 2001 1001 0
a range +33000 +33600 2002 1001 0
a range +33000 +33600 2004 1001 0
a range +33600 +34200 1001 2001 0
a range +33600 +34200 2001 1001 0
a range +33600 +34800 1001 2002 0
a range +33600 +34800 1001 2004 0
a range +33600 +34800 2002 1001 0
a range +33600 +34800 2004 1001 0
a range +34800 +35400 1001 2001 0
a range +34800 +35400 2001 1001 0
a range +34200 +36000 1001 2003 0
a range +34200 +36000 2003 1001 0
a range +34800 +36600 1001 2004 0
a range +36000 +36600 1001 2001 0
a range +35400 +36600 1001 2002 0
a range +36000 +36600 2001 1001 0
a range +35400 +36600 2002 1001 0
a range +34800 +36600 2004 1001 0
a range +36600 +37200 1001 2002 0
a range +36600 +37200 1001 2004 0
a range +36600 +37200 1001 2003 0
a range +36600 +37200 2002 1001 0
a range +36600 +37200 2003 1001 0
a range +36600 +37200 2004 1001 0
a range +37200 +37800 1001 2004 0
a range +37200 +37800 1001 2001 0
a range +37200 +37800 2001 1001 0
a range +37200 +37800 2004 1001 0
a range +37800 +38400 1001 2003 0
a range +37200 +38400 1001 2002 0
a range +37200 +38400 2002 1001 0
a range +37800 +38400 2003 1001 0
a range +38400 +39000 1001 2002 0
a range +37800 +39000 1001 2004 0
a range +38400 +39000 2002 1001 0
a range +37800 +39000 2004 1001 0
a range +38400 +39600 1001 2003 0
a range +39000 +39600 1001 2002 0
a range +39000 +39600 2002 1001 0
a range +38400 +39600 2003 1001 0
a range +39000 +40200 1001 2004 0
a range +39600 +40200 1001 2002 0
a range +39600 +40200 2002 1001 0
a range +39000 +40200 2004 1001 0
a range +40200 +40800 1001 2003 0
a range +40200 +40800 1001 2004 0
a range +39600 +40800 1001 2001 0
a range +39600 +40800 2001 1001 0
a range +40200 +40800 2003 1001 0
a range +40200 +40800 2004 1001 0
a range +40800 +41400 1001 2001 0
a range +40800 +41400 2001 1001 0
a range +41400 +42000 1001 2004 0
a range +40800 +42000 1001 2003 0
a range +40800 +42000 1001 2002 0
a range +40800 +42000 2002 1001 0
a range +40800 +42000 2003 1001 0
a range +41400 +42000 2004 1001 0
a range +42000 +42600 1001 2002 0
a range +42000 +42600 1001 2004 0
a range +42000 +42600 1001 2001 0
a range +42000 +42600 2001 1001 0
a range +42000 +42600 2002 1001 0
a range +42000 +42600 2004 1001 0
a range +42600 +43200 1001 2004 0
a range +42600 +43200 1001 2003 0
a range +42600 +43200 2003 1001 0
a range +42600 +43200 2004 1001 0
a range +43200 +43800 1001 2003 0
a range +43200 +43800 2003 1001 0
a range +43800 +44400 1001 2004 0
a range +42600 +44400 1001 2001 0
a range +42600 +44400 2001 1001 0
a range +43800 +44400 2004 1001 0
a range +44400 +45000 1001 2003 0
a range +44400 +45000 1001 2004 0
a range +43200 +45000 1001 2002 0
a range +43200 +45000 2002 1001 0
a range +44400 +45000 2003 1001 0
a range +44400 +45000 2004 1001 0
a range +45000 +45600 1001 2003 0
a range +45000 +45600 1001 2001 0
a range +45000 +45600 2001 1001 0
a range +45000 +45600 2003 1001 0
a range +45600 +46200 1001 2001 0
a range +45600 +46200 1001 9001 0
a range +45600 +46200 2001 1001 0
a range +45600 +46200 9001 1001 0
a range +45000 +46800 1001 2004 0
a range +46200 +46800 1001 2003 0
a range +46200 +46800 1001 2001 0
a range +46200 +46800 2001 1001 0
a range +46200 +46800 2003 1001 0
a range +45000 +46800 2004 1001 0
a range +46800 +47400 1001 9001 0
a range +46800 +47400 9001 1001 0
a range +47400 +48000 1001 9001 0
a range +47400 +48000 1001 9002 0
a range +47400 +48000 9001 1001 0
a range +47400 +48000 9002 1001 0
a range +48000 +48600 1001 9002 0
a range +48000 +48600 9002 1001 0
a range +48000 +49200 1001 9001 0
a range +48600 +49200 1001 9002 0
a range +48000 +49200 9001 1001 0
a range +48600 +49200 9002 1001 0
a range +49200 +49800 1001 9002 0
a range +49200 +49800 9002 1001 0
a range +49800 +50400 1001 2002 0
a range +49800 +50400 1001 2003 0
a range +49800 +50400 2002 1001 0
a range +49800 +50400 2003 1001 0
a range +50400 +51000 1001 2003 0
a range +50400 +51000 1001 2002 0
a range +49800 +51000 1001 2001 0
a range +49800 +51000 2001 1001 0
a range +50400 +51000 2002 1001 0
a range +50400 +51000 2003 1001 0
a range +51000 +51600 1001 2004 0
a range +51000 +51600 1001 2003 0
a range +51000 +51600 2003 1001 0
a range +51000 +51600 2004 1001 0
a range +51000 +52200 1001 2002 0
a range +51600 +52200 1001 2003 0
a range +51600 +52200 1001 2001 0
a range +51600 +52200 2001 1001 0
a range +51000 +52200 2002 1001 0
a range +51600 +52200 2003 1001 0
a range +52200 +52800 1001 2004 0
a range +52200 +52800 1001 2001 0
a range +52200 +52800 1001 2002 0
a range +52200 +52800 2001 1001 0
a range +52200 +52800 2002 1001 0
a range +52200 +52800 2004 1001 0
a range +52800 +53400 1001 2002 0
a range +52800 +53400 1001 2004 0
a range +52800 +53400 1001 2003 0
a range +52800 +53400 2002 1001 0
a range +52800 +53400 2003 1001 0
a range +52800 +53400 2004 1001 0
a range +53400 +54000 1001 2001 0
a range +53400 +54000 1001 2002 0
a range +53400 +54000 2001 1001 0
a range +53400 +54000 2002 1001 0
a range +54000 +54600 1001 2002 0
a range +54000 +54600 1001 2001 0
a range +54000 +54600 2001 1001 0
a range +54000 +54600 2002 1001 0
a range +53400 +55200 1001 2003 0
a range +54600 +55200 1001 2001 0
a range +54600 +55200 1001 2002 0
a range +54600 +55200 2001 1001 0
a range +54600 +55200 2002 1001 0
a range +53400 +55200 2003 1001 0
a range +55200 +55800 1001 2004 0
a range +55200 +55800 1001 2003 0
a range +55200 +55800 1001 2001 0
a range +55200 +55800 2001 1001 0
a range +55200 +55800 2003 1001 0
a range +55200 +55800 2004 1001 0
a range +55800 +56400 1001 2003 0
a range +55800 +56400 1001 2001 0
a range +55800 +56400 2001 1001 0
a range +55800 +56400 2003 1001 0
a range +56400 +57000 1001 2004 0
a range +55800 +57000 1001 2002 0
a range +55800 +57000 2002 1001 0
a range +56400 +57000 2004 1001 0
a range +57000 +57600 1001 2002 0
a range +56400 +57600 1001 2003 0
a range +57000 +57600 2002 1001 0
a range +56400 +57600 2003 1001 0
a range +57600 +58200 1001 2003 0
a range +57000 +58200 1001 2004 0
a range +57600 +58200 2003 1001 0
a range +57000 +58200 2004 1001 0
a range +57600 +58800 1001 2002 0
a range +58200 +58800 1001 2003 0
a range +57600 +58800 2002 1001 0
a range +58200 +58800 2003 1001 0
a range +58800 +59400 1001 2003 0
a range +58800 +59400 1001 2002 0
a range +58800 +59400 2002 1001 0
a range +58800 +59400 2003 1001 0
a range +58200 +60000 1001 2004 0
a range +59400 +60000 1001 2002 0
a range +59400 +60000 1001 2003 0
a range +59400 +60000 2002 1001 0
a range +59400 +60000 2003 1001 0
a range +58200 +60000 2004 1001 0
a range +60000 +60600 1001 2002 0
a range +60000 +60600 1001 2001 0
a range +60000 +60600 2001 1001 0
a range +60000 +60600 2002 1001 0
a range +60600 +61200 1001 2004 0
a range +60000 +61200 1001 2003 0
a range +60600 +61200 1001 2002 0
a range +60600 +61200 2002 1001 0
a range +60000 +61200 2003 1001 0
a range +60600 +61200 2004 1001 0
a range +61200 +61800 1001 2003 0
a range +61200 +61800 1001 2004 0
a range +61200 +61800 1001 2001 0
a range +61200 +61800 2001 1001 0
a range +61200 +61800 2003 1001 0
a range +61200 +61800 2004 1001 0
a range +61800 +63600 1001 2003 0
a range +61800 +63600 2003 1001 0
a range +61800 +64200 1001 2004 0
a range +63600 +64200 1001 2001 0
a range +63600 +64200 2001 1001 0
a range +61800 +64200 2004 1001 0
a range +64200 +64800 1001 2001 0
a range +64200 +64800 1001 2003 0
a range +61800 +64800 1001 2002 0
a range +64200 +64800 2001 1001 0
a range +61800 +64800 2002 1001 0
a range +64200 +64800 2003 1001 0
a range +64800 +65400 1001 2003 0
a range +64800 +65400 1001 2002 0
a range +64800 +65400 1001 2001 0
a range +64800 +65400 2001 1001 0
a range +64800 +65400 2002 1001 0
a range +64800 +65400 2003 1001 0
a range +65400 +66000 1001 9002 0
a range +65400 +66000 1001 2004 0
a range +65400 +66000 2004 1001 0
a range +65400 +66000 9002 1001 0
a range +66000 +66600 1001 2004 0
a range +65400 +66600 1001 2003 0
a range +66000 +66600 1001 2001 0
a range +66000 +66600 2001 1001 0
a range +65400 +66600 2003 1001 0
a range +66000 +66600 2004 1001 0
a range +66600 +67200 1001 2001 0
a range +66600 +67200 1001 9002 0
a range +66600 +67200 1001 2004 0
a range +66600 +67200 2001 1001 0
a range +66600 +67200 2004 1001 0
a range +66600 +67200 9002 1001 0
a range +67200 +68400 1001 2004 0
a range +67200 +68400 1001 2003 0
a range +67200 +68400 1001 2001 0
a range +67200 +68400 2001 1001 0
a range +67200 +68400 2003 1001 0
a range +67200 +68400 2004 1001 0
a range +68400 +69000 1001 2003 0
a range +68400 +69000 1001 2002 0
a range +68400 +69000 2002 1001 0
a range +68400 +69000 2003 1001 0
a range +69000 +69600 1001 2001 0
a range +68400 +69600 1001 2004 0
a range +69000 +69600 2001 1001 0
a range +68400 +69600 2004 1001 0
a range +69000 +70200 1001 2003 0
a range +69000 +70200 2003 1001 0
a range +69600 +70800 1001 2004 0
a range +69600 +70800 1001 2001 0
a range +70200 +70800 1001 2002 0
a range +69600 +70800 2001 1001 0
a range +70200 +70800 2002 1001 0
a range +69600 +70800 2004 1001 0
a range +70800 +71400 1001 9002 0
a range +70800 +71400 9002 1001 0
a range +71400 +72000 1001 9002 0
a range +71400 +72000 9002 1001 0
a range +72000 +73200 1001 9002 0
a range +72000 +73200 9002 1001 0
a range +73200 +73800 1001 2001 0
a range +73200 +73800 1001 2002 0
a range +73200 +73800 2001 1001 0
a range +73200 +73800 2002 1001 0
a range +73800 +74400 1001 2002 0
a range +73200 +74400 1001 2004 0
a range +73800 +74400 1001 2001 0
a range +73800 +74400 2001 1001 0
a range +73800 +74400 2002 1001 0
a range +73200 +74400 2004 1001 0
a range +74400 +75600 1001 2004 0
a range +74400 +75600 1001 2001 0
a range +74400 +75600 2001 1001 0
a range +74400 +75600 2004 1001 0
a range +75600 +76200 1001 2001 0
a range +75600 +76200 1001 2004 0
a range +74400 +76200 1001 2003 0
a range +75600 +76200 2001 1001 0
a range +74400 +76200 2003 1001 0
a range +75600 +76200 2004 1001 0
a range +76200 +76800 1001 2003 0
a range +76200 +76800 1001 2002 0
a range +76200 +76800 1001 2004 0
a range +76200 +76800 2002 1001 0
a range +76200 +76800 2003 1001 0
a range +76200 +76800 2004 1001 0
a range +76800 +77400 1001 2004 0
a range +76800 +77400 1001 2002 0
a range +76800 +77400 2002 1001 0
a range +76800 +77400 2004 1001 0
a range +77400 +78000 1001 2001 0
a range +76800 +78000 1001 2003 0
a range +77400 +78000 1001 2004 0
a range +77400 +78000 2001 1001 0
a range +76800 +78000 2003 1001 0
a range +77400 +78000 2004 1001 0
a range +78000 +78600 1001 2003 0
a range +78000 +78600 1001 2001 0
a range +78000 +78600 1001 2002 0
a range +78000 +78600 2001 1001 0
a range +78000 +78600 2002 1001 0
a range +78000 +78600 2003 1001 0
a range +78600 +79200 1001 2002 0
a range +78600 +79200 1001 2001 0
a range +78600 +79200 2001 1001 0
a range +78600 +79200 2002 1001 0
a range +79200 +79800 1001 2001 0
a range +78600 +79800 1001 2003 0
a range +79200 +79800 2001 1001 0
a range +78600 +79800 2003 1001 0
a range +79800 +80400 1001 2004 0
a range +79800 +80400 1001 2001 0
a range +79200 +80400 1001 2002 0
a range +79800 +80400 2001 1001 0
a range +79200 +80400 2002 1001 0
a range +79800 +80400 2004 1001 0
a range +80400 +81000 1001 2002 0
a range +80400 +81000 1001 2004 0
a range +80400 +81000 1001 2003 0
a range +80400 +81000 2002 1001 0
a range +80400 +81000 2003 1001 0
a range +80400 +81000 2004 1001 0
a range +81000 +82200 1001 2001 0
a range +81000 +82200 1001 2003 0
a range +81000 +82200 1001 2002 0
a range +81000 +82200 2001 1001 0
a range +81000 +82200 2002 1001 0
a range +81000 +82200 2003 1001 0
a range +82200 +82800 1001 2001 0
a range +82200 +82800 2001 1001 0
a range +82200 +83400 1001 2003 0
a range +82200 +83400 1001 2004 0
a range +82200 +83400 2003 1001 0
a range +82200 +83400 2004 1001 0
a range +83400 +84000 1001 2004 0
a range +83400 +84000 1001 2003 0
a range +82800 +84000 1001 2002 0
a range +82800 +84000 2002 1001 0
a range +83400 +84000 2003 1001 0
a range +83400 +84000 2004 1001 0
a range +84000 +84600 1001 2003 0
a range +84000 +84600 1001 2004 0
a range +84000 +84600 1001 2001 0
a range +84000 +84600 2001 1001 0
a range +84000 +84600 2003 1001 0
a range +84000 +84600 2004 1001 0
a range +84600 +85200 1001 2002 0
a range +84600 +85200 2002 1001 0
a range +84600 +85800 1001 2003 0
a range +84600 +85800 2003 1001 0
a range +84600 +86400 1001 2004 0
a range +85800 +86400 1001 2002 0
a range +85200 +86400 1001 2001 0
a range +85200 +86400 2001 1001 0
a range +85800 +86400 2002 1001 0
a range +84600 +86400 2004 1001 0
