a contact +0 +300 1001 9001 1200
a contact +0 +300 2001 1002 50
a contact +300 +600 1002 9001 1200
a contact +300 +600 2001 1001 50
a contact +600 +900 1002 9001 1200
a contact +600 +900 2001 1001 50
a contact +900 +1200 2001 1002 50
a contact +900 +1500 1001 9001 1200
a contact +1200 +1500 2001 1003 50
a contact +1500 +1800 1003 9001 1200
a contact +1500 +1800 2001 1002 50
a contact +1800 +2100 1003 9001 1200
a contact +1800 +2100 2001 1002 50
a contact +2100 +2400 1001 9001 1200
a contact +2400 +2700 1002 9001 1200
a contact +2100 +2700 2001 1003 50
a contact +2700 +3000 1003 9001 1200
a contact +3000 +3300 1002 9001 1200
a contact +2700 +3300 2001 1003 50
a contact +3300 +3600 1003 9001 1200
a contact +3300 +3600 2001 1003 50
a contact +3600 +3900 1003 9001 1200
a contact +3600 +3900 2001 1003 50

a range +0 +300 1001 9001 0.701
a range +0 +300 2001 1002 1103.3938
a range +300 +600 1002 9001 0.701
a range +300 +600 2001 1001 1103.3938
a range +600 +900 1002 9001 0.701
a range +600 +900 2001 1001 1103.3938
a range +900 +1200 2001 1002 1103.3938
a range +900 +1500 1001 9001 0.701
a range +1200 +1500 2001 1003 1103.3938
a range +1500 +1800 1003 9001 0.701
a range +1500 +1800 2001 1002 1103.3938
a range +1800 +2100 1003 9001 0.701
a range +1800 +2100 2001 1002 1103.3938
a range +2100 +2400 1001 9001 0.701
a range +2400 +2700 1002 9001 0.701
a range +2100 +2700 2001 1003 1103.3938
a range +2700 +3000 1003 9001 0.701
a range +3000 +3300 1002 9001 0.701
a range +2700 +3300 2001 1003 1103.3938
a range +3300 +3600 1003 9001 0.701
a range +3300 +3600 2001 1003 1103.3938
a range +3600 +3900 1003 9001 0.701
a range +3600 +3900 2001 1003 1103.3938
