a contact +0 +300 1 5 1200000000
a contact +0 +300 4 2 50000000
a contact +300 +600 2 5 1200000000
a contact +300 +600 4 1 50000000
a contact +600 +900 2 5 1200000000
a contact +600 +900 4 1 50000000
a contact +900 +1200 4 2 50000000
a contact +900 +1500 1 5 1200000000
a contact +1200 +1500 4 3 50000000
a contact +1500 +1800 3 5 1200000000
a contact +1500 +1800 4 2 50000000
a contact +1800 +2100 3 5 1200000000
a contact +1800 +2100 4 2 50000000
a contact +2100 +2400 1 5 1200000000
a contact +2400 +2700 2 5 1200000000
a contact +2100 +2700 4 3 50000000
a contact +2700 +3000 3 5 1200000000
a contact +3000 +3300 2 5 1200000000
a contact +2700 +3300 4 3 50000000
a contact +3300 +3600 3 5 1200000000
a contact +3300 +3600 4 3 50000000
a contact +3600 +3900 3 5 1200000000
a contact +3600 +3900 4 3 50000000

a range +0 +300 1 5 0.701
a range +0 +300 4 2 1103.3938
a range +300 +600 2 5 0.701
a range +300 +600 4 1 1103.3938
a range +600 +900 2 5 0.701
a range +600 +900 4 1 1103.3938
a range +900 +1200 4 2 1103.3938
a range +900 +1500 1 5 0.701
a range +1200 +1500 4 3 1103.3938
a range +1500 +1800 3 5 0.701
a range +1500 +1800 4 2 1103.3938
a range +1800 +2100 3 5 0.701
a range +1800 +2100 4 2 1103.3938
a range +2100 +2400 1 5 0.701
a range +2400 +2700 2 5 0.701
a range +2100 +2700 4 3 1103.3938
a range +2700 +3000 3 5 0.701
a range +3000 +3300 2 5 0.701
a range +2700 +3300 4 3 1103.3938
a range +3300 +3600 3 5 0.701
a range +3300 +3600 4 3 1103.3938
a range +3600 +3900 3 5 0.701
a range +3600 +3900 4 3 1103.3938
