a contact +0 +600 4 1 50000000
a contact +0 +600 4 2 50000000
a contact +300 +900 4 3 50000000
a contact +600 +1200 4 1 50000000
a contact +600 +1200 4 2 50000000
a contact +900 +1500 4 3 50000000
a contact +1200 +1800 4 1 50000000
a contact +1200 +1800 4 2 50000000
a contact +1500 +2100 4 3 50000000
a contact +1800 +2400 4 1 50000000
a contact +1800 +2400 4 2 50000000
a contact +2100 +2700 4 3 50000000
a contact +2400 +3000 4 1 50000000
a contact +2400 +3000 4 2 50000000
a contact +2700 +3300 4 3 50000000
a contact +3000 +3600 4 1 50000000
a contact +3000 +3600 4 2 50000000
a contact +3300 +3900 4 3 50000000
a contact +0 +600 1 5 1200000000
a contact +300 +900 2 5 1200000000
a contact +600 +1200 3 5 1200000000
a contact +900 +1500 1 5 1200000000
a contact +1200 +1800 2 5 1200000000
a contact +1500 +2100 3 5 1200000000
a contact +1800 +2400 1 5 1200000000
a contact +2100 +2700 2 5 1200000000
a contact +2400 +3000 3 5 1200000000
a contact +2700 +3300 1 5 1200000000
a contact +3000 +3600 2 5 1200000000
a contact +3300 +3900 3 5 1200000000

a range +0 +600 4 1 1103.3938
a range +0 +600 4 2 1103.3938
a range +300 +900 4 3 1103.3938
a range +600 +1200 4 1 1103.3938
a range +600 +1200 4 2 1103.3938
a range +900 +1500 4 3 1103.3938
a range +1200 +1800 4 1 1103.3938
a range +1200 +1800 4 2 1103.3938
a range +1500 +2100 4 3 1103.3938
a range +1800 +2400 4 1 1103.3938
a range +1800 +2400 4 2 1103.3938
a range +2100 +2700 4 3 1103.3938
a range +2400 +3000 4 1 1103.3938
a range +2400 +3000 4 2 1103.3938
a range +2700 +3300 4 3 1103.3938
a range +3000 +3600 4 1 1103.3938
a range +3000 +3600 4 2 1103.3938
a range +3300 +3900 4 3 1103.3938
a range +0 +600 1 5 0.701
a range +300 +900 2 5 0.701
a range +600 +1200 3 5 0.701
a range +900 +1500 1 5 0.701
a range +1200 +1800 2 5 0.701
a range +1500 +2100 3 5 0.701
a range +1800 +2400 1 5 0.701
a range +2100 +2700 2 5 0.701
a range +2400 +3000 3 5 0.701
a range +2700 +3300 1 5 0.701
a range +3000 +3600 2 5 0.701
a range +3300 +3900 3 5 0.701

a aer +0 +600 2001 1001 0 0 0 0 0 0
a aer +0 +600 2001 1002 0 0 0 0 0 0
a aer +300 +900 2001 1003 0 0 0 0 0 0
a aer +600 +1200 2001 1001 0 0 0 0 0 0
a aer +600 +1200 2001 1002 0 0 0 0 0 0
a aer +900 +1500 2001 1003 0 0 0 0 0 0
a aer +1200 +1800 2001 1001 0 0 0 0 0 0
a aer +1200 +1800 2001 1002 0 0 0 0 0 0
a aer +1500 +2100 2001 1003 0 0 0 0 0 0
a aer +1800 +2400 2001 1001 0 0 0 0 0 0
a aer +1800 +2400 2001 1002 0 0 0 0 0 0
a aer +2100 +2700 2001 1003 0 0 0 0 0 0
a aer +2400 +3000 2001 1001 0 0 0 0 0 0
a aer +2400 +3000 2001 1002 0 0 0 0 0 0
a aer +2700 +3300 2001 1003 0 0 0 0 0 0
a aer +3000 +3600 2001 1001 0 0 0 0 0 0
a aer +3000 +3600 2001 1002 0 0 0 0 0 0
a aer +3300 +3900 2001 1003 0 0 0 0 0 0
a aer +0 +600 1001 9001 0 0 0 0 0 0
a aer +300 +900 1002 9001 0 0 0 0 0 0
a aer +600 +1200 1003 9001 0 0 0 0 0 0
a aer +900 +1500 1001 9001 0 0 0 0 0 0
a aer +1200 +1800 1002 9001 0 0 0 0 0 0
a aer +1500 +2100 1003 9001 0 0 0 0 0 0
a aer +1800 +2400 1001 9001 0 0 0 0 0 0
a aer +2100 +2700 1002 9001 0 0 0 0 0 0
a aer +2400 +3000 1003 9001 0 0 0 0 0 0
a aer +2700 +3300 1001 9001 0 0 0 0 0 0
a aer +3000 +3600 1002 9001 0 0 0 0 0 0
a aer +3300 +3900 1003 9001 0 0 0 0 0 0
