num_k=13
num_nodes=5
duration=1.0833333333333333 hours
ipn_node_to_planet_map={0: '1', 1: '1', 2: '1'}
nodes=['1001', '1002', '1003', '2001', '9001']
oi to node={0: 0, 1: 0, 2: 1, 3: 1, 4: 2, 5: 2, 6: 3, 7: 4}
node to oi={0: [0, 1], 1: [2, 3], 2: [4, 5], 3: [6], 4: [7]}

  0,1,2,3,4,5,6,7,
0 *,0,0,0,0,0,0,0,
1 0,*,0,0,0,0,0,1,
2 0,0,*,0,0,0,0,0,
3 0,0,0,*,0,0,0,0,
4 0,0,0,0,*,0,0,0,
5 0,0,0,0,0,*,0,0,
6 0,0,0,1,0,0,*,0,
7 0,0,0,0,0,0,0,*,
k=1
t=300

  0,1,2,3,4,5,6,7,
0 *,0,0,0,0,0,0,0,
1 0,*,0,0,0,0,0,0,
2 0,0,*,0,0,0,0,0,
3 0,0,0,*,0,0,0,1,
4 0,0,0,0,*,0,0,0,
5 0,0,0,0,0,*,0,0,
6 1,0,0,0,0,0,*,0,
7 0,0,0,0,0,0,0,*,
k=2
t=300

  0,1,2,3,4,5,6,7,
0 *,0,0,0,0,0,0,0,
1 0,*,0,0,0,0,0,0,
2 0,0,*,0,0,0,0,1,
3 0,0,0,*,0,0,0,0,
4 0,0,0,0,*,0,0,0,
5 0,0,0,0,0,*,0,0,
6 0,1,0,0,0,0,*,0,
7 0,0,0,0,0,0,0,*,
k=3
t=300

  0,1,2,3,4,5,6,7,
0 *,0,0,0,0,0,0,1,
1 0,*,0,0,0,0,0,0,
2 0,0,*,0,0,0,0,0,
3 0,0,0,*,0,0,0,0,
4 0,0,0,0,*,0,0,0,
5 0,0,0,0,0,*,0,0,
6 0,0,1,0,0,0,*,0,
7 0,0,0,0,0,0,0,*,
k=4
t=300

  0,1,2,3,4,5,6,7,
0 *,0,0,0,0,0,0,1,
1 0,*,0,0,0,0,0,0,
2 0,0,*,0,0,0,0,0,
3 0,0,0,*,0,0,0,0,
4 0,0,0,0,*,0,0,0,
5 0,0,0,0,0,*,0,0,
6 0,0,0,0,0,1,*,0,
7 0,0,0,0,0,0,0,*,
k=5
t=300

  0,1,2,3,4,5,6,7,
0 *,0,0,0,0,0,0,0,
1 0,*,0,0,0,0,0,0,
2 0,0,*,0,0,0,0,0,
3 0,0,0,*,0,0,0,0,
4 0,0,0,0,*,0,0,0,
5 0,0,0,0,0,*,0,1,
6 0,0,1,0,0,0,*,0,
7 0,0,0,0,0,0,0,*,
k=6
t=300

  0,1,2,3,4,5,6,7,
0 *,0,0,0,0,0,0,0,
1 0,*,0,0,0,0,0,0,
2 0,0,*,0,0,0,0,0,
3 0,0,0,*,0,0,0,0,
4 0,0,0,0,*,0,0,1,
5 0,0,0,0,0,*,0,0,
6 0,0,0,1,0,0,*,0,
7 0,0,0,0,0,0,0,*,
k=7
t=300

  0,1,2,3,4,5,6,7,
0 *,0,0,0,0,0,0,0,
1 0,*,0,0,0,0,0,1,
2 0,0,*,0,0,0,0,0,
3 0,0,0,*,0,0,0,0,
4 0,0,0,0,*,0,0,0,
5 0,0,0,0,0,*,0,0,
6 0,0,0,0,1,0,*,0,
7 0,0,0,0,0,0,0,*,
k=8
t=300

  0,1,2,3,4,5,6,7,
0 *,0,0,0,0,0,0,0,
1 0,*,0,0,0,0,0,0,
2 0,0,*,0,0,0,0,1,
3 0,0,0,*,0,0,0,0,
4 0,0,0,0,*,0,0,0,
5 0,0,0,0,0,*,0,0,
6 0,0,0,0,1,0,*,0,
7 0,0,0,0,0,0,0,*,
k=9
t=300

  0,1,2,3,4,5,6,7,
0 *,0,0,0,0,0,0,0,
1 0,*,0,0,0,0,0,0,
2 0,0,*,0,0,0,0,0,
3 0,0,0,*,0,0,0,0,
4 0,0,0,0,*,0,0,1,
5 0,0,0,0,0,*,0,0,
6 0,0,0,0,0,1,*,0,
7 0,0,0,0,0,0,0,*,
k=10
t=300

  0,1,2,3,4,5,6,7,
0 *,0,0,0,0,0,0,0,
1 0,*,0,0,0,0,0,0,
2 0,0,*,0,0,0,0,0,
3 0,0,0,*,0,0,0,1,
4 0,0,0,0,*,0,0,0,
5 0,0,0,0,0,*,0,0,
6 0,0,0,0,0,1,*,0,
7 0,0,0,0,0,0,0,*,
k=11
t=300

  0,1,2,3,4,5,6,7,
0 *,0,0,0,0,0,0,0,
1 0,*,0,0,0,0,0,0,
2 0,0,*,0,0,0,0,0,
3 0,0,0,*,0,0,0,0,
4 0,0,0,0,*,0,0,0,
5 0,0,0,0,0,*,0,1,
6 0,0,0,0,1,0,*,0,
7 0,0,0,0,0,0,0,*,
k=12
t=300

  0,1,2,3,4,5,6,7,
0 *,0,0,0,0,0,0,0,
1 0,*,0,0,0,0,0,0,
2 0,0,*,0,0,0,0,0,
3 0,0,0,*,0,0,0,0,
4 0,0,0,0,*,0,0,1,
5 0,0,0,0,0,*,0,0,
6 0,0,0,0,0,1,*,0,
7 0,0,0,0,0,0,0,*,
k=13
t=300

