a contact +0 +500 2007 9001 1000
a contact +0 +500 2007 9002 1000
a contact +2400 +6300 2006 1001 1000
a contact +2400 +6300 2006 1001 1000
a contact +0 +6300 2006 9001 1000
a contact +0 +6300 2006 9002 1000
a contact +2400 +6800 2009 1001 1000
a contact +2400 +6800 2009 1001 1000
a contact +0 +6800 2009 9001 1000
a contact +0 +6800 2009 9002 1000
a contact +0 +7200 1001 9003 1000
a contact +0 +7200 1001 9003 1000
a contact +4200 +12000 1001 9001 1000
a contact +4200 +12000 1001 9001 1000
a contact +2400 +12600 2005 1001 1000
a contact +2400 +12600 2005 1001 1000
a contact +0 +12600 2005 9001 1000
a contact +0 +12600 2005 9002 1000
a contact +2400 +13100 2008 1001 1000
a contact +2400 +13100 2008 1001 1000
a contact +0 +13100 2008 9001 1000
a contact +0 +13100 2008 9002 1000
a contact +0 +15300 2001 9001 1000
a contact +0 +15300 2002 9001 1000
a contact +0 +15300 2003 9001 1000
a contact +2100 +15300 2004 9001 1000
a contact +14700 +15300 2005 9001 1000
a contact +8400 +15300 2006 9001 1000
a contact +1600 +15300 2007 9001 1000
a contact +14200 +15300 2008 9001 1000
a contact +7900 +15300 2009 9001 1000
a contact +0 +15300 2010 9001 1000
a contact +0 +15300 2011 9001 1000
a contact +0 +15300 2012 9001 1000
a contact +10000 +17700 1001 9002 1000
a contact +10000 +17700 1001 9002 1000
a contact +2400 +18800 2004 1001 1000
a contact +2400 +18800 2004 1001 1000
a contact +2100 +18800 2004 9002 1000
a contact +2400 +19400 2007 1001 1000
a contact +2400 +19400 2007 1001 1000
a contact +1600 +19400 2007 9002 1000
a contact +2400 +23200 2001 1001 1000
a contact +2400 +23200 2001 1001 1000
a contact +2400 +23200 2002 1001 1000
a contact +2400 +23200 2002 1001 1000
a contact +2400 +23200 2003 1001 1000
a contact +2400 +23200 2003 1001 1000
a contact +21000 +23200 2004 1001 1000
a contact +21000 +23200 2004 1001 1000
a contact +14700 +23200 2005 1001 1000
a contact +14700 +23200 2005 1001 1000
a contact +8400 +23200 2006 1001 1000
a contact +8400 +23200 2006 1001 1000
a contact +20500 +23200 2007 1001 1000
a contact +20500 +23200 2007 1001 1000
a contact +14200 +23200 2008 1001 1000
a contact +14200 +23200 2008 1001 1000
a contact +7900 +23200 2009 1001 1000
a contact +7900 +23200 2009 1001 1000
a contact +2400 +23200 2010 1001 1000
a contact +2400 +23200 2010 1001 1000
a contact +2400 +23200 2011 1001 1000
a contact +2400 +23200 2011 1001 1000
a contact +2400 +23200 2012 1001 1000
a contact +2400 +23200 2012 1001 1000
a contact +8400 +25100 2006 9002 1000
a contact +17800 +25600 1001 9003 1000
a contact +17800 +25600 1001 9003 1000
a contact +7900 +25600 2009 9002 1000
a contact +22600 +30500 1001 9001 1000
a contact +22600 +30500 1001 9001 1000
a contact +26000 +31400 2005 1001 1000
a contact +26000 +31400 2005 1001 1000
a contact +14700 +31400 2005 9002 1000
a contact +29800 +31400 2005 9003 1000
a contact +26000 +31900 2008 1001 1000
a contact +26000 +31900 2008 1001 1000
a contact +14200 +31900 2008 9002 1000
a contact +29800 +31900 2008 9003 1000
a contact +28400 +36200 1001 9002 1000
a contact +28400 +36200 1001 9002 1000
a contact +26000 +37700 2004 1001 1000
a contact +26000 +37700 2004 1001 1000
a contact +21000 +37700 2004 9002 1000
a contact +29800 +37700 2004 9003 1000
a contact +26000 +38200 2007 1001 1000
a contact +26000 +38200 2007 1001 1000
a contact +20500 +38200 2007 9002 1000
a contact +29800 +38200 2007 9003 1000
a contact +0 +42200 2001 9002 1000
a contact +0 +42200 2002 9002 1000
a contact +0 +42200 2003 9002 1000
a contact +39800 +42200 2004 9002 1000
a contact +33500 +42200 2005 9002 1000
a contact +27300 +42200 2006 9002 1000
a contact +39300 +42200 2007 9002 1000
a contact +33100 +42200 2008 9002 1000
a contact +26800 +42200 2009 9002 1000
a contact +0 +42200 2010 9002 1000
a contact +0 +42200 2011 9002 1000
a contact +0 +42200 2012 9002 1000
a contact +27300 +44000 2006 1001 1000
a contact +27300 +44000 2006 1001 1000
a contact +29800 +44000 2006 9003 1000
a contact +36200 +44100 1001 9003 1000
a contact +36200 +44100 1001 9003 1000
a contact +26800 +44500 2009 1001 1000
a contact +26800 +44500 2009 1001 1000
a contact +29800 +44500 2009 9003 1000
a contact +26000 +46700 2002 1001 1000
a contact +26000 +46700 2002 1001 1000
a contact +26000 +46700 2003 1001 1000
a contact +26000 +46700 2003 1001 1000
a contact +39800 +46700 2004 1001 1000
a contact +39800 +46700 2004 1001 1000
a contact +33500 +46700 2005 1001 1000
a contact +33500 +46700 2005 1001 1000
a contact +46100 +46700 2006 1001 1000
a contact +46100 +46700 2006 1001 1000
a contact +39300 +46700 2007 1001 1000
a contact +39300 +46700 2007 1001 1000
a contact +33100 +46700 2008 1001 1000
a contact +33100 +46700 2008 1001 1000
a contact +45600 +46700 2009 1001 1000
a contact +45600 +46700 2009 1001 1000
a contact +26000 +46700 2010 1001 1000
a contact +26000 +46700 2010 1001 1000
a contact +26000 +46700 2011 1001 1000
a contact +26000 +46700 2011 1001 1000
a contact +26000 +46800 2001 1001 1000
a contact +26000 +46800 2001 1001 1000
a contact +26000 +46800 2012 1001 1000
a contact +26000 +46800 2012 1001 1000
a contact +41100 +48900 1001 9001 1000
a contact +41100 +48900 1001 9001 1000
a contact +49500 +50300 2005 1001 1000
a contact +49500 +50300 2005 1001 1000
a contact +33500 +50300 2005 9003 1000
a contact +49500 +50700 2008 1001 1000
a contact +49500 +50700 2008 1001 1000
a contact +33100 +50700 2008 9003 1000
a contact +46900 +54600 1001 9002 1000
a contact +46900 +54600 1001 9002 1000
a contact +49500 +56600 2004 1001 1000
a contact +49500 +56600 2004 1001 1000
a contact +51900 +56600 2004 9001 1000
a contact +39800 +56600 2004 9003 1000
a contact +49500 +57000 2007 1001 1000
a contact +49500 +57000 2007 1001 1000
a contact +51900 +57000 2007 9001 1000
a contact +39300 +57000 2007 9003 1000
a contact +54700 +62500 1001 9003 1000
a contact +54700 +62500 1001 9003 1000
a contact +49500 +62900 2006 1001 1000
a contact +49500 +62900 2006 1001 1000
a contact +51900 +62900 2006 9001 1000
a contact +46100 +62900 2006 9003 1000
a contact +49500 +63300 2009 1001 1000
a contact +49500 +63300 2009 1001 1000
a contact +51900 +63300 2009 9001 1000
a contact +45600 +63300 2009 9003 1000
a contact +59500 +67400 1001 9001 1000
a contact +59500 +67400 1001 9001 1000
a contact +52400 +69100 2005 1001 1000
a contact +52400 +69100 2005 1001 1000
a contact +52400 +69100 2005 9001 1000
a contact +52400 +69100 2005 9003 1000
a contact +51900 +69600 2008 1001 1000
a contact +51900 +69600 2008 1001 1000
a contact +51900 +69600 2008 9001 1000
a contact +51900 +69600 2008 9003 1000
a contact +49500 +70300 2001 1001 1000
a contact +49500 +70300 2001 1001 1000
a contact +49500 +70300 2002 1001 1000
a contact +49500 +70300 2002 1001 1000
a contact +49500 +70300 2003 1001 1000
a contact +49500 +70300 2003 1001 1000
a contact +58700 +70300 2004 1001 1000
a contact +58700 +70300 2004 1001 1000
a contact +65000 +70300 2006 1001 1000
a contact +65000 +70300 2006 1001 1000
a contact +58200 +70300 2007 1001 1000
a contact +58200 +70300 2007 1001 1000
a contact +64500 +70300 2009 1001 1000
a contact +64500 +70300 2009 1001 1000
a contact +49500 +70300 2010 1001 1000
a contact +49500 +70300 2010 1001 1000
a contact +49500 +70300 2011 1001 1000
a contact +49500 +70300 2011 1001 1000
a contact +49500 +70300 2012 1001 1000
a contact +49500 +70300 2012 1001 1000
a contact +65300 +73100 1001 9002 1000
a contact +65300 +73100 1001 9002 1000
a contact +73000 +75400 2004 1001 1000
a contact +73000 +75400 2004 1001 1000
a contact +58700 +75400 2004 9001 1000
a contact +58700 +75400 2004 9003 1000
a contact +73000 +75900 2007 1001 1000
a contact +73000 +75900 2007 1001 1000
a contact +58200 +75900 2007 9001 1000
a contact +58200 +75900 2007 9003 1000
a contact +29800 +78200 2001 9003 1000
a contact +29800 +78200 2002 9003 1000
a contact +29800 +78200 2003 9003 1000
a contact +77500 +78200 2004 9003 1000
a contact +71200 +78200 2005 9003 1000
a contact +65000 +78200 2006 9003 1000
a contact +77100 +78200 2007 9003 1000
a contact +70800 +78200 2008 9003 1000
a contact +64500 +78200 2009 9003 1000
a contact +29800 +78200 2010 9003 1000
a contact +29800 +78200 2011 9003 1000
a contact +29800 +78200 2012 9003 1000
a contact +73100 +81000 1001 9003 1000
a contact +73100 +81000 1001 9003 1000
a contact +73000 +81700 2006 1001 1000
a contact +73000 +81700 2006 1001 1000
a contact +65000 +81700 2006 9001 1000
a contact +78400 +81700 2006 9002 1000
a contact +73000 +82100 2009 1001 1000
a contact +73000 +82100 2009 1001 1000
a contact +64500 +82100 2009 9001 1000
a contact +78400 +82100 2009 9002 1000
a contact +78000 +85800 1001 9001 1000
a contact +78000 +85800 1001 9001 1000
a contact +83800 +86400 1001 9002 1000
a contact +83800 +86400 1001 9002 1000
a contact +73000 +86400 2001 1001 1000
a contact +73000 +86400 2001 1001 1000
a contact +51900 +86400 2001 9001 1000
a contact +78400 +86400 2001 9002 1000
a contact +73000 +86400 2002 1001 1000
a contact +73000 +86400 2002 1001 1000
a contact +51900 +86400 2002 9001 1000
a contact +78400 +86400 2002 9002 1000
a contact +73000 +86400 2003 1001 1000
a contact +73000 +86400 2003 1001 1000
a contact +51900 +86400 2003 9001 1000
a contact +78400 +86400 2003 9002 1000
a contact +77500 +86400 2004 1001 1000
a contact +77500 +86400 2004 1001 1000
a contact +77500 +86400 2004 9001 1000
a contact +78400 +86400 2004 9002 1000
a contact +73000 +86400 2005 1001 1000
a contact +73000 +86400 2005 1001 1000
a contact +71200 +86400 2005 9001 1000
a contact +78400 +86400 2005 9002 1000
a contact +83800 +86400 2006 1001 1000
a contact +83800 +86400 2006 1001 1000
a contact +83800 +86400 2006 9001 1000
a contact +83800 +86400 2006 9002 1000
a contact +77100 +86400 2007 1001 1000
a contact +77100 +86400 2007 1001 1000
a contact +77100 +86400 2007 9001 1000
a contact +78400 +86400 2007 9002 1000
a contact +73000 +86400 2008 1001 1000
a contact +73000 +86400 2008 1001 1000
a contact +70800 +86400 2008 9001 1000
a contact +78400 +86400 2008 9002 1000
a contact +83400 +86400 2009 1001 1000
a contact +83400 +86400 2009 1001 1000
a contact +83400 +86400 2009 9001 1000
a contact +83400 +86400 2009 9002 1000
a contact +73000 +86400 2010 1001 1000
a contact +73000 +86400 2010 1001 1000
a contact +51900 +86400 2010 9001 1000
a contact +78400 +86400 2010 9002 1000
a contact +73000 +86400 2011 1001 1000
a contact +73000 +86400 2011 1001 1000
a contact +51900 +86400 2011 9001 1000
a contact +78400 +86400 2011 9002 1000
a contact +73000 +86400 2012 1001 1000
a contact +73000 +86400 2012 1001 1000
a contact +51900 +86400 2012 9001 1000
a contact +78400 +86400 2012 9002 1000

a range +0 +500 2007 9001 1101.7661
a range +0 +500 2007 9002 1101.7744
a range +2400 +6300 2006 1001 1102.0133
a range +2400 +6300 2006 1001 1102.0133
a range +0 +6300 2006 9001 1101.9964
a range +0 +6300 2006 9002 1101.9928
a range +2400 +6800 2009 1001 1102.0246
a range +2400 +6800 2009 1001 1102.0246
a range +0 +6800 2009 9001 1102.0162
a range +0 +6800 2009 9002 1102.0115
a range +0 +7200 1001 9003 0.0593
a range +0 +7200 1001 9003 0.0593
a range +4200 +12000 1001 9001 0.0592
a range +4200 +12000 1001 9001 0.0592
a range +2400 +12600 2005 1001 1102.1883
a range +2400 +12600 2005 1001 1102.1883
a range +0 +12600 2005 9001 1102.2478
a range +0 +12600 2005 9002 1102.232
a range +2400 +13100 2008 1001 1102.2076
a range +2400 +13100 2008 1001 1102.2076
a range +0 +13100 2008 9001 1102.2676
a range +0 +13100 2008 9002 1102.2509
a range +0 +15300 2001 9001 1102.3343
a range +0 +15300 2002 9001 1102.3428
a range +0 +15300 2003 9001 1102.3245
a range +2100 +15300 2004 9001 1102.335
a range +14700 +15300 2005 9001 1102.3531
a range +8400 +15300 2006 9001 1102.3134
a range +1600 +15300 2007 9001 1102.3349
a range +14200 +15300 2008 9001 1102.3522
a range +7900 +15300 2009 9001 1102.3144
a range +0 +15300 2010 9001 1102.3341
a range +0 +15300 2011 9001 1102.3406
a range +0 +15300 2012 9001 1102.3268
a range +10000 +17700 1001 9002 0.0591
a range +10000 +17700 1001 9002 0.0591
a range +2400 +18800 2004 1001 1102.4888
a range +2400 +18800 2004 1001 1102.4888
a range +2100 +18800 2004 9002 1102.4702
a range +2400 +19400 2007 1001 1102.5215
a range +2400 +19400 2007 1001 1102.5215
a range +1600 +19400 2007 9002 1102.4935
a range +2400 +23200 2001 1001 1102.6952
a range +2400 +23200 2001 1001 1102.6952
a range +2400 +23200 2002 1001 1102.6799
a range +2400 +23200 2002 1001 1102.6799
a range +2400 +23200 2003 1001 1102.6962
a range +2400 +23200 2003 1001 1102.6962
a range +21000 +23200 2004 1001 1102.7006
a range +21000 +23200 2004 1001 1102.7006
a range +14700 +23200 2005 1001 1102.6676
a range +14700 +23200 2005 1001 1102.6676
a range +8400 +23200 2006 1001 1102.7032
a range +8400 +23200 2006 1001 1102.7032
a range +20500 +23200 2007 1001 1102.7001
a range +20500 +23200 2007 1001 1102.7001
a range +14200 +23200 2008 1001 1102.6686
a range +14200 +23200 2008 1001 1102.6686
a range +7900 +23200 2009 1001 1102.7026
a range +7900 +23200 2009 1001 1102.7026
a range +2400 +23200 2010 1001 1102.6941
a range +2400 +23200 2010 1001 1102.6941
a range +2400 +23200 2011 1001 1102.6825
a range +2400 +23200 2011 1001 1102.6825
a range +2400 +23200 2012 1001 1102.6948
a range +2400 +23200 2012 1001 1102.6948
a range +8400 +25100 2006 9002 1102.7159
a range +17800 +25600 1001 9003 0.0591
a range +17800 +25600 1001 9003 0.0591
a range +7900 +25600 2009 9002 1102.7354
a range +22600 +30500 1001 9001 0.0595
a range +22600 +30500 1001 9001 0.0595
a range +26000 +31400 2005 1001 1102.9579
a range +26000 +31400 2005 1001 1102.9579
a range +14700 +31400 2005 9002 1102.9644
a range +29800 +31400 2005 9003 1102.9747
a range +26000 +31900 2008 1001 1102.9697
a range +26000 +31900 2008 1001 1102.9697
a range +14200 +31900 2008 9002 1102.9842
a range +29800 +31900 2008 9003 1102.9934
a range +28400 +36200 1001 9002 0.0594
a range +28400 +36200 1001 9002 0.0594
a range +26000 +37700 2004 1001 1103.1611
a range +26000 +37700 2004 1001 1103.1611
a range +21000 +37700 2004 9002 1103.2146
a range +29800 +37700 2004 9003 1103.2098
a range +26000 +38200 2007 1001 1103.1837
a range +26000 +38200 2007 1001 1103.1837
a range +20500 +38200 2007 9002 1103.2345
a range +29800 +38200 2007 9003 1103.2285
a range +0 +42200 2001 9002 1103.3763
a range +0 +42200 2002 9002 1103.3616
a range +0 +42200 2003 9002 1103.3782
a range +39800 +42200 2004 9002 1103.3811
a range +33500 +42200 2005 9002 1103.3492
a range +27300 +42200 2006 9002 1103.3856
a range +39300 +42200 2007 9002 1103.3807
a range +33100 +42200 2008 9002 1103.3502
a range +26800 +42200 2009 9002 1103.385
a range +0 +42200 2010 9002 1103.3753
a range +0 +42200 2011 9002 1103.364
a range +0 +42200 2012 9002 1103.3767
a range +27300 +44000 2006 1001 1103.4867
a range +27300 +44000 2006 1001 1103.4867
a range +29800 +44000 2006 9003 1103.4462
a range +36200 +44100 1001 9003 0.0594
a range +36200 +44100 1001 9003 0.0594
a range +26800 +44500 2009 1001 1103.5127
a range +26800 +44500 2009 1001 1103.5127
a range +29800 +44500 2009 9003 1103.465
a range +26000 +46700 2002 1001 1103.5973
a range +26000 +46700 2002 1001 1103.5973
a range +26000 +46700 2003 1001 1103.6058
a range +26000 +46700 2003 1001 1103.6058
a range +39800 +46700 2004 1001 1103.5766
a range +39800 +46700 2004 1001 1103.5766
a range +33500 +46700 2005 1001 1103.5979
a range +33500 +46700 2005 1001 1103.5979
a range +46100 +46700 2006 1001 1103.6163
a range +46100 +46700 2006 1001 1103.6163
a range +39300 +46700 2007 1001 1103.5775
a range +39300 +46700 2007 1001 1103.5775
a range +33100 +46700 2008 1001 1103.5979
a range +33100 +46700 2008 1001 1103.5979
a range +45600 +46700 2009 1001 1103.6154
a range +45600 +46700 2009 1001 1103.6154
a range +26000 +46700 2010 1001 1103.5898
a range +26000 +46700 2010 1001 1103.5898
a range +26000 +46700 2011 1001 1103.5972
a range +26000 +46700 2011 1001 1103.5972
a range +26000 +46800 2001 1001 1103.5919
a range +26000 +46800 2001 1001 1103.5919
a range +26000 +46800 2012 1001 1103.6081
a range +26000 +46800 2012 1001 1103.6081
a range +41100 +48900 1001 9001 0.0593
a range +41100 +48900 1001 9001 0.0593
a range +49500 +50300 2005 1001 1103.7512
a range +49500 +50300 2005 1001 1103.7512
a range +33500 +50300 2005 9003 1103.6853
a range +49500 +50700 2008 1001 1103.7626
a range +49500 +50700 2008 1001 1103.7626
a range +33100 +50700 2008 9003 1103.7004
a range +46900 +54600 1001 9002 0.0591
a range +46900 +54600 1001 9002 0.0591
a range +49500 +56600 2004 1001 1103.9066
a range +49500 +56600 2004 1001 1103.9066
a range +51900 +56600 2004 9001 1103.9427
a range +39800 +56600 2004 9003 1103.9278
a range +49500 +57000 2007 1001 1103.9173
a range +49500 +57000 2007 1001 1103.9173
a range +51900 +57000 2007 9001 1103.9574
a range +39300 +57000 2007 9003 1103.9432
a range +54700 +62500 1001 9003 0.0591
a range +54700 +62500 1001 9003 0.0591
a range +49500 +62900 2006 1001 1104.1472
a range +49500 +62900 2006 1001 1104.1472
a range +51900 +62900 2006 9001 1104.1779
a range +46100 +62900 2006 9003 1104.1739
a range +49500 +63300 2009 1001 1104.1673
a range +49500 +63300 2009 1001 1104.1673
a range +51900 +63300 2009 9001 1104.1927
a range +45600 +63300 2009 9003 1104.1895
a range +59500 +67400 1001 9001 0.0596
a range +59500 +67400 1001 9001 0.0596
a range +52400 +69100 2005 1001 1104.4727
a range +52400 +69100 2005 1001 1104.4727
a range +52400 +69100 2005 9001 1104.411
a range +52400 +69100 2005 9003 1104.4187
a range +51900 +69600 2008 1001 1104.4965
a range +51900 +69600 2008 1001 1104.4965
a range +51900 +69600 2008 9001 1104.43
a range +51900 +69600 2008 9003 1104.4386
a range +49500 +70300 2001 1001 1104.5018
a range +49500 +70300 2001 1001 1104.5018
a range +49500 +70300 2002 1001 1104.517
a range +49500 +70300 2002 1001 1104.517
a range +49500 +70300 2003 1001 1104.501
a range +49500 +70300 2003 1001 1104.501
a range +58700 +70300 2004 1001 1104.4962
a range +58700 +70300 2004 1001 1104.4962
a range +65000 +70300 2006 1001 1104.4941
a range +65000 +70300 2006 1001 1104.4941
a range +58200 +70300 2007 1001 1104.4967
a range +58200 +70300 2007 1001 1104.4967
a range +64500 +70300 2009 1001 1104.4947
a range +64500 +70300 2009 1001 1104.4947
a range +49500 +70300 2010 1001 1104.5028
a range +49500 +70300 2010 1001 1104.5028
a range +49500 +70300 2011 1001 1104.5148
a range +49500 +70300 2011 1001 1104.5148
a range +49500 +70300 2012 1001 1104.5023
a range +49500 +70300 2012 1001 1104.5023
a range +65300 +73100 1001 9002 0.0594
a range +65300 +73100 1001 9002 0.0594
a range +73000 +75400 2004 1001 1104.7002
a range +73000 +75400 2004 1001 1104.7002
a range +58700 +75400 2004 9001 1104.6512
a range +58700 +75400 2004 9003 1104.6691
a range +73000 +75900 2007 1001 1104.7125
a range +73000 +75900 2007 1001 1104.7125
a range +58200 +75900 2007 9001 1104.6705
a range +58200 +75900 2007 9003 1104.6891
a range +29800 +78200 2001 9003 1104.7676
a range +29800 +78200 2002 9003 1104.7497
a range +29800 +78200 2003 9003 1104.7596
a range +77500 +78200 2004 9003 1104.7779
a range +71200 +78200 2005 9003 1104.7384
a range +65000 +78200 2006 9003 1104.7605
a range +77100 +78200 2007 9003 1104.7772
a range +70800 +78200 2008 9003 1104.7392
a range +64500 +78200 2009 9003 1104.7604
a range +29800 +78200 2010 9003 1104.7658
a range +29800 +78200 2011 9003 1104.7517
a range +29800 +78200 2012 9003 1104.7594
a range +73100 +81000 1001 9003 0.0594
a range +73100 +81000 1001 9003 0.0594
a range +73000 +81700 2006 1001 1104.858
a range +73000 +81700 2006 1001 1104.858
a range +65000 +81700 2006 9001 1104.8951
a range +78400 +81700 2006 9002 1104.9112
a range +73000 +82100 2009 1001 1104.8709
a range +73000 +82100 2009 1001 1104.8709
a range +64500 +82100 2009 9001 1104.9106
a range +78400 +82100 2009 9002 1104.926
a range +78000 +85800 1001 9001 0.0593
a range +78000 +85800 1001 9001 0.0593
a range +83800 +86400 1001 9002 0.0467
a range +83800 +86400 1001 9002 0.0467
a range +73000 +86400 2001 1001 1105.0195
a range +73000 +86400 2001 1001 1105.0195
a range +51900 +86400 2001 9001 1105.0474
a range +78400 +86400 2001 9002 1105.0546
a range +73000 +86400 2002 1001 1105.0364
a range +73000 +86400 2002 1001 1105.0364
a range +51900 +86400 2002 9001 1105.0642
a range +78400 +86400 2002 9002 1105.0715
a range +73000 +86400 2003 1001 1105.0333
a range +73000 +86400 2003 1001 1105.0333
a range +51900 +86400 2003 9001 1105.0611
a range +78400 +86400 2003 9002 1105.0684
a range +77500 +86400 2004 1001 1105.0073
a range +77500 +86400 2004 1001 1105.0073
a range +77500 +86400 2004 9001 1105.0351
a range +78400 +86400 2004 9002 1105.0424
a range +73000 +86400 2005 1001 1105.0446
a range +73000 +86400 2005 1001 1105.0446
a range +71200 +86400 2005 9001 1105.0724
a range +78400 +86400 2005 9002 1105.0797
a range +83800 +86400 2006 1001 1105.0374
a range +83800 +86400 2006 1001 1105.0374
a range +83800 +86400 2006 9001 1105.0652
a range +83800 +86400 2006 9002 1105.0725
a range +77100 +86400 2007 1001 1105.0081
a range +77100 +86400 2007 1001 1105.0081
a range +77100 +86400 2007 9001 1105.036
a range +78400 +86400 2007 9002 1105.0432
a range +73000 +86400 2008 1001 1105.044
a range +73000 +86400 2008 1001 1105.044
a range +70800 +86400 2008 9001 1105.0718
a range +78400 +86400 2008 9002 1105.0791
a range +83400 +86400 2009 1001 1105.0371
a range +83400 +86400 2009 1001 1105.0371
a range +83400 +86400 2009 9001 1105.0649
a range +83400 +86400 2009 9002 1105.0722
a range +73000 +86400 2010 1001 1105.0216
a range +73000 +86400 2010 1001 1105.0216
a range +51900 +86400 2010 9001 1105.0495
a range +78400 +86400 2010 9002 1105.0567
a range +73000 +86400 2011 1001 1105.035
a range +73000 +86400 2011 1001 1105.035
a range +51900 +86400 2011 9001 1105.0628
a range +78400 +86400 2011 9002 1105.0701
a range +73000 +86400 2012 1001 1105.0326
a range +73000 +86400 2012 1001 1105.0326
a range +51900 +86400 2012 9001 1105.0604
a range +78400 +86400 2012 9002 1105.0677
