a contact +0 +200 1001 9003 100000
a contact +200 +500 1001 9003 100000
a contact +500 +1100 1001 9003 100000
a contact +1100 +1600 1001 9003 100000
a contact +1600 +2100 1001 9003 100000
a contact +2100 +2400 1001 9003 100000
a contact +2400 +2600 2014 1001 10000
a contact +2400 +2600 2015 1001 10000
a contact +2400 +2600 2016 1001 10000
a contact +2600 +3200 2014 1001 10000
a contact +2600 +3200 2015 1001 10000
a contact +2600 +3200 2016 1001 10000
a contact +3200 +3600 2014 1001 10000
a contact +3200 +3600 2015 1001 10000
a contact +3200 +3600 2016 1001 10000
a contact +3600 +4200 2014 1001 10000
a contact +3600 +4200 2015 1001 10000
a contact +3600 +4200 2016 1001 10000
a contact +4200 +4700 2014 1001 10000
a contact +4200 +4700 2015 1001 10000
a contact +4200 +4700 2016 1001 10000
a contact +4700 +4900 2014 1001 10000
a contact +4700 +4900 2015 1001 10000
a contact +4700 +4900 2016 1001 10000
a contact +4900 +5200 2014 1001 10000
a contact +4900 +5200 2015 1001 10000
a contact +4900 +5200 2016 1001 10000
a contact +5200 +5800 2014 1001 10000
a contact +5200 +5800 2015 1001 10000
a contact +5200 +5800 2016 1001 10000
a contact +5800 +6300 2014 1001 10000
a contact +5800 +6300 2015 1001 10000
a contact +5800 +6300 2016 1001 10000
a contact +6300 +6600 2014 1001 10000
a contact +6300 +6600 2015 1001 10000
a contact +6300 +6600 2016 1001 10000
a contact +6600 +6800 2011 1001 10000
a contact +6600 +6800 2012 1001 10000
a contact +6600 +6800 2013 1001 10000
a contact +6800 +7200 1001 9001 100000
a contact +6800 +7200 1001 9003 100000
a contact +6800 +7200 2001 1001 10000
a contact +7200 +7300 1001 9001 100000
a contact +7200 +7300 2001 1001 10000
a contact +7200 +7300 2013 1001 10000
a contact +7300 +7900 2001 1001 10000
a contact +7300 +7900 2002 1001 10000
a contact +7300 +7900 2013 1001 10000
a contact +7900 +8300 2001 1001 10000
a contact +7900 +8300 2002 1001 10000
a contact +7900 +8300 2013 1001 10000
a contact +8300 +8900 2001 1001 10000
a contact +8300 +8900 2002 1001 10000
a contact +8300 +8900 2013 1001 10000
a contact +8900 +9400 1001 9001 100000
a contact +8900 +9400 2003 1001 10000
a contact +8900 +9400 2012 1001 10000
a contact +9400 +9600 2003 1001 10000
a contact +9400 +9600 2004 1001 10000
a contact +9400 +9600 2012 1001 10000
a contact +9600 +9900 2003 1001 10000
a contact +9600 +9900 2004 1001 10000
a contact +9600 +9900 2012 1001 10000
a contact +9900 +10000 2008 1001 10000
a contact +9900 +10000 2009 1001 10000
a contact +9900 +10000 2010 1001 10000
a contact +10000 +10600 1001 9001 100000
a contact +10000 +10600 1001 9002 100000
a contact +10000 +10600 2005 1001 10000
a contact +10600 +11000 1001 9002 100000
a contact +10600 +11000 2005 1001 10000
a contact +10600 +11000 2010 1001 10000
a contact +11000 +11300 1001 9002 100000
a contact +11000 +11300 2005 1001 10000
a contact +11000 +11300 2010 1001 10000
a contact +11300 +11600 2005 1001 10000
a contact +11300 +11600 2006 1001 10000
a contact +11300 +11600 2010 1001 10000
a contact +11600 +12000 2005 1001 10000
a contact +11600 +12000 2006 1001 10000
a contact +11600 +12000 2010 1001 10000
a contact +12000 +12600 2005 1001 10000
a contact +12000 +12600 2006 1001 10000
a contact +12000 +12600 2010 1001 10000
a contact +12600 +13000 2005 1001 10000
a contact +12600 +13000 2006 1001 10000
a contact +12600 +13000 2010 1001 10000
a contact +13000 +13600 2005 1001 10000
a contact +13000 +13600 2006 1001 10000
a contact +13000 +13600 2010 1001 10000
a contact +13600 +14100 2005 1001 10000
a contact +13600 +14100 2006 1001 10000
a contact +13600 +14100 2010 1001 10000
a contact +14100 +14300 2008 1001 10000
a contact +14100 +14300 2009 1001 10000
a contact +14100 +14300 2011 1001 10000
a contact +14300 +14600 1001 9002 100000
a contact +14300 +14600 2007 1001 10000
a contact +14300 +14600 2009 1001 10000
a contact +14600 +15200 1001 9002 100000
a contact +14600 +15200 2004 1001 10000
a contact +14600 +15200 2007 1001 10000
a contact +15200 +15300 2007 1001 10000
a contact +15200 +15300 2008 1001 10000
a contact +15200 +15800 2004 1001 10000
a contact +15300 +15800 2007 1001 10000
a contact +15300 +15800 2008 1001 10000
a contact +15800 +16000 2004 1001 10000
a contact +15800 +16000 2007 1001 10000
a contact +15800 +16000 2008 1001 10000
a contact +16000 +16300 2004 1001 10000
a contact +16000 +16300 2007 1001 10000
a contact +16000 +16300 2008 1001 10000
a contact +16300 +16800 1001 9002 100000
a contact +16300 +16800 2003 1001 10000
a contact +16300 +16800 2011 1001 10000
a contact +16800 +17300 2003 1001 10000
a contact +16800 +17300 2009 1001 10000
a contact +16800 +17300 2011 1001 10000
a contact +17300 +17700 2003 1001 10000
a contact +17300 +17700 2009 1001 10000
a contact +17300 +17700 2011 1001 10000
a contact +17700 +17800 2008 1001 10000
a contact +17700 +17800 2012 1001 10000
a contact +17800 +18300 1001 9003 100000
a contact +17800 +18300 2009 1001 10000
a contact +17700 +18800 2007 1001 10000
a contact +18300 +18800 2009 1001 10000
a contact +18300 +18800 2012 1001 10000
a contact +18800 +19000 2007 1001 10000
a contact +18800 +19000 2009 1001 10000
a contact +18800 +19000 2012 1001 10000
a contact +19000 +19400 2007 1001 10000
a contact +19000 +19400 2009 1001 10000
a contact +19000 +19400 2012 1001 10000
a contact +19400 +20000 1001 9003 100000
a contact +19400 +20000 2001 1001 10000
a contact +19400 +20000 2002 1001 10000
a contact +20000 +20500 2001 1001 10000
a contact +20000 +20500 2002 1001 10000
a contact +20000 +20500 2008 1001 10000
a contact +20500 +20800 2001 1001 10000
a contact +20500 +20800 2002 1001 10000
a contact +20500 +20800 2008 1001 10000
a contact +20800 +21000 2001 1001 10000
a contact +20800 +21000 2002 1001 10000
a contact +21000 +21500 2001 1001 10000
a contact +21000 +21500 2002 1001 10000
a contact +20800 +21500 2008 1001 10000
a contact +21500 +22000 1001 9003 100000
a contact +21500 +22000 2004 1001 10000
a contact +21500 +22000 2011 1001 10000
a contact +22000 +22400 2004 1001 10000
a contact +22000 +22400 2006 1001 10000
a contact +22000 +22400 2011 1001 10000
a contact +22400 +22600 2004 1001 10000
a contact +22400 +22600 2006 1001 10000
a contact +22400 +22600 2011 1001 10000
a contact +22600 +23000 1001 9003 100000
a contact +22600 +23000 1001 9001 100000
a contact +22600 +23000 2013 1001 10000
a contact +23000 +23200 2003 1001 10000
a contact +23000 +23200 2013 1001 10000
a contact +23200 +23500 1001 9003 100000
a contact +23000 +23500 1001 9001 100000
a contact +23500 +23600 1001 9003 100000
a contact +23500 +23700 1001 9001 100000
a contact +23600 +23700 1001 9003 100000
a contact +23700 +24100 1001 9001 100000
a contact +23700 +24100 1001 9003 100000
a contact +24100 +24700 1001 9003 100000
a contact +24100 +24700 1001 9001 100000
a contact +24700 +25200 1001 9001 100000
a contact +24700 +25200 1001 9003 100000
a contact +25200 +25500 1001 9001 100000
a contact +25200 +25500 1001 9003 100000
a contact +25500 +25600 1001 9001 100000
a contact +25500 +25600 1001 9003 100000
a contact +25600 +25700 1001 9001 100000
a contact +25700 +26000 1001 9001 100000
a contact +26000 +26200 2003 1001 10000
a contact +26000 +26200 2012 1001 10000
a contact +26000 +26200 2013 1001 10000
a contact +26200 +26800 2003 1001 10000
a contact +26200 +26800 2012 1001 10000
a contact +26200 +26800 2013 1001 10000
a contact +26800 +27200 2003 1001 10000
a contact +26800 +27200 2012 1001 10000
a contact +26800 +27200 2013 1001 10000
a contact +27200 +27700 2003 1001 10000
a contact +27200 +27700 2012 1001 10000
a contact +27200 +27700 2013 1001 10000
a contact +27700 +28200 2003 1001 10000
a contact +27700 +28200 2012 1001 10000
a contact +27700 +28200 2013 1001 10000
a contact +28200 +28300 2003 1001 10000
a contact +28200 +28300 2012 1001 10000
a contact +28200 +28300 2013 1001 10000
a contact +28300 +28400 2003 1001 10000
a contact +28300 +28400 2012 1001 10000
a contact +28300 +28400 2013 1001 10000
a contact +28400 +28800 2003 1001 10000
a contact +28400 +28800 2012 1001 10000
a contact +28400 +28800 2013 1001 10000
a contact +28800 +29400 2003 1001 10000
a contact +28800 +29400 2012 1001 10000
a contact +28800 +29400 2013 1001 10000
a contact +29400 +29800 2003 1001 10000
a contact +29400 +29800 2012 1001 10000
a contact +29400 +29800 2013 1001 10000
a contact +29800 +30200 2003 1001 10000
a contact +29800 +30200 2012 1001 10000
a contact +29800 +30200 2013 1001 10000
a contact +30200 +30400 2003 1001 10000
a contact +30200 +30400 2012 1001 10000
a contact +30200 +30400 2013 1001 10000
a contact +30400 +30500 2003 1001 10000
a contact +30400 +30500 2013 1001 10000
a contact +30500 +30900 2003 1001 10000
a contact +30400 +30900 2012 1001 10000
a contact +30500 +30900 2013 1001 10000
a contact +30900 +31500 2003 1001 10000
a contact +30900 +31500 2012 1001 10000
a contact +30900 +31500 2013 1001 10000
a contact +31500 +31900 2003 1001 10000
a contact +31500 +31900 2012 1001 10000
a contact +31500 +31900 2013 1001 10000
a contact +31900 +32400 2003 1001 10000
a contact +31900 +32400 2012 1001 10000
a contact +31900 +32400 2013 1001 10000
a contact +32400 +32900 2003 1001 10000
a contact +32400 +32900 2012 1001 10000
a contact +32400 +32900 2013 1001 10000
a contact +32900 +33200 2003 1001 10000
a contact +32900 +33200 2012 1001 10000
a contact +32900 +33200 2013 1001 10000
a contact +33200 +33500 2003 1001 10000
a contact +33200 +33500 2012 1001 10000
a contact +33200 +33500 2013 1001 10000
a contact +33500 +34100 1001 9002 100000
a contact +33500 +34100 2008 1001 10000
a contact +33500 +34100 2009 1001 10000
a contact +34100 +34600 2008 1001 10000
a contact +34100 +34600 2009 1001 10000
a contact +34100 +34600 2011 1001 10000
a contact +34600 +34900 2008 1001 10000
a contact +34600 +34900 2009 1001 10000
a contact +34600 +34900 2011 1001 10000
a contact +34900 +35100 2008 1001 10000
a contact +34900 +35100 2009 1001 10000
a contact +35100 +35600 2008 1001 10000
a contact +35100 +35600 2009 1001 10000
a contact +34900 +35600 2011 1001 10000
a contact +35600 +36200 1001 9002 100000
a contact +35600 +36200 2002 1001 10000
a contact +35600 +36200 2010 1001 10000
a contact +36200 +36600 2002 1001 10000
a contact +36200 +36600 2006 1001 10000
a contact +36200 +36600 2010 1001 10000
a contact +36600 +37200 2002 1001 10000
a contact +36600 +37200 2006 1001 10000
a contact +36600 +37200 2010 1001 10000
a contact +37200 +37700 2002 1001 10000
a contact +37200 +37700 2006 1001 10000
a contact +37200 +37700 2010 1001 10000
a contact +37700 +37900 2004 1001 10000
a contact +37700 +37900 2007 1001 10000
a contact +37700 +37900 2011 1001 10000
a contact +37900 +38200 1001 9003 100000
a contact +37900 +38200 2001 1001 10000
a contact +37900 +38200 2004 1001 10000
a contact +38200 +38800 1001 9003 100000
a contact +38200 +38800 2004 1001 10000
a contact +38200 +38800 2007 1001 10000
a contact +38800 +39300 2004 1001 10000
a contact +38800 +39300 2006 1001 10000
a contact +38800 +39300 2007 1001 10000
a contact +39300 +39600 2004 1001 10000
a contact +39300 +39600 2006 1001 10000
a contact +39600 +39800 2004 1001 10000
a contact +39600 +39800 2006 1001 10000
a contact +39300 +39800 2007 1001 10000
a contact +39800 +40300 1001 9003 100000
a contact +39800 +40300 2005 1001 10000
a contact +39800 +40300 2014 1001 10000
a contact +40300 +40900 2005 1001 10000
a contact +40300 +40900 2014 1001 10000
a contact +40300 +40900 2015 1001 10000
a contact +40900 +41300 2005 1001 10000
a contact +40900 +41300 2014 1001 10000
a contact +40900 +41300 2015 1001 10000
a contact +41300 +41900 1001 9003 100000
a contact +41300 +41900 1001 9001 100000
a contact +41300 +41900 2011 1001 10000
a contact +41900 +42200 2011 1001 10000
a contact +41900 +42200 2016 1001 10000
a contact +41900 +42400 2015 1001 10000
a contact +42200 +42400 2016 1001 10000
a contact +42200 +42600 2011 1001 10000
a contact +42400 +42600 2015 1001 10000
a contact +42600 +42900 2011 1001 10000
a contact +42600 +42900 2015 1001 10000
a contact +42400 +42900 2016 1001 10000
a contact +42900 +43500 2011 1001 10000
a contact +42900 +43500 2015 1001 10000
a contact +42900 +43500 2016 1001 10000
a contact +43500 +44100 2011 1001 10000
a contact +43500 +44100 2015 1001 10000
a contact +43500 +44100 2016 1001 10000
a contact +44100 +44500 2011 1001 10000
a contact +44100 +44500 2015 1001 10000
a contact +44100 +44500 2016 1001 10000
a contact +44500 +45000 1001 9001 100000
a contact +44500 +45000 2001 1001 10000
a contact +44500 +45000 2002 1001 10000
a contact +45000 +45600 2001 1001 10000
a contact +45000 +45600 2002 1001 10000
a contact +45000 +45600 2004 1001 10000
a contact +45600 +46000 2001 1001 10000
a contact +45600 +46000 2002 1001 10000
a contact +45600 +46000 2004 1001 10000
a contact +46000 +46600 1001 9001 100000
a contact +46000 +46600 2008 1001 10000
a contact +46000 +46600 2009 1001 10000
a contact +46600 +46700 2005 1001 10000
a contact +46600 +46700 2008 1001 10000
a contact +46600 +46700 2009 1001 10000
a contact +46700 +46800 1001 9001 100000
a contact +46700 +46800 2001 1001 10000
a contact +46700 +46800 2015 1001 10000
a contact +46800 +46900 1001 9001 100000
a contact +46900 +47100 1001 9001 100000
a contact +46900 +47100 1001 9002 100000
a contact +47100 +47300 1001 9002 100000
a contact +47100 +47300 1001 9001 100000
a contact +47300 +47600 1001 9001 100000
a contact +47300 +47600 1001 9002 100000
a contact +47600 +48200 1001 9002 100000
a contact +47600 +48200 1001 9001 100000
a contact +48200 +48800 1001 9002 100000
a contact +48200 +48900 1001 9001 100000
a contact +48800 +49300 1001 9002 100000
a contact +49300 +49500 1001 9002 100000
a contact +49500 +49800 2009 1001 10000
a contact +49500 +49800 2010 1001 10000
a contact +49500 +50300 2007 1001 10000
a contact +49800 +50300 2009 1001 10000
a contact +49800 +50300 2010 1001 10000
a contact +50300 +50700 2007 1001 10000
a contact +50300 +50700 2009 1001 10000
a contact +50300 +50700 2010 1001 10000
a contact +50700 +51300 2007 1001 10000
a contact +50700 +51300 2009 1001 10000
a contact +50700 +51300 2010 1001 10000
a contact +51300 +51800 2007 1001 10000
a contact +51300 +51800 2009 1001 10000
a contact +51300 +51800 2010 1001 10000
a contact +51800 +52300 2007 1001 10000
a contact +51800 +52300 2009 1001 10000
a contact +51800 +52300 2010 1001 10000
a contact +52300 +52900 2005 1001 10000
a contact +52300 +52900 2007 1001 10000
a contact +52300 +52900 2009 1001 10000
a contact +52900 +53500 2005 1001 10000
a contact +52900 +53500 2007 1001 10000
a contact +52900 +53500 2009 1001 10000
a contact +53500 +54000 2005 1001 10000
a contact +53500 +54000 2007 1001 10000
a contact +53500 +54000 2009 1001 10000
a contact +54000 +54500 2005 1001 10000
a contact +54000 +54500 2007 1001 10000
a contact +54000 +54500 2009 1001 10000
a contact +54500 +54700 2005 1001 10000
a contact +54500 +54700 2007 1001 10000
a contact +54500 +54700 2009 1001 10000
a contact +54700 +55000 2005 1001 10000
a contact +54700 +55000 2007 1001 10000
a contact +54700 +55000 2009 1001 10000
a contact +55000 +55400 2005 1001 10000
a contact +55000 +55400 2007 1001 10000
a contact +55000 +55400 2009 1001 10000
a contact +55400 +56000 2005 1001 10000
a contact +55400 +56000 2007 1001 10000
a contact +55400 +56000 2009 1001 10000
a contact +56000 +56500 2005 1001 10000
a contact +56000 +56500 2007 1001 10000
a contact +56000 +56500 2009 1001 10000
a contact +56500 +56600 2005 1001 10000
a contact +56600 +57000 2006 1001 10000
a contact +56500 +57000 2007 1001 10000
a contact +56500 +57000 2009 1001 10000
a contact +57000 +57600 1001 9003 100000
a contact +57000 +57600 2008 1001 10000
a contact +57000 +57600 2014 1001 10000
a contact +57600 +58200 2006 1001 10000
a contact +57600 +58200 2008 1001 10000
a contact +57600 +58200 2014 1001 10000
a contact +58200 +58500 2006 1001 10000
a contact +58200 +58500 2008 1001 10000
a contact +58200 +58500 2014 1001 10000
a contact +58500 +58700 2008 1001 10000
a contact +58500 +58700 2014 1001 10000
a contact +58500 +59200 2006 1001 10000
a contact +58700 +59200 2008 1001 10000
a contact +58700 +59200 2014 1001 10000
a contact +59200 +59500 2001 1001 10000
a contact +59200 +59500 2004 1001 10000
a contact +59500 +59800 1001 9001 100000
a contact +59200 +59800 1001 9003 100000
a contact +59500 +59800 2004 1001 10000
a contact +59800 +60200 2001 1001 10000
a contact +59800 +60200 2004 1001 10000
a contact +59800 +60200 2016 1001 10000
a contact +60200 +60700 2001 1001 10000
a contact +60200 +60700 2004 1001 10000
a contact +60200 +60700 2016 1001 10000
a contact +60700 +61200 2001 1001 10000
a contact +60700 +61200 2004 1001 10000
a contact +60700 +61200 2016 1001 10000
a contact +61200 +61300 2006 1001 10000
a contact +61200 +61300 2008 1001 10000
a contact +61300 +61400 2001 1001 10000
a contact +61300 +61400 2011 1001 10000
a contact +61400 +61700 1001 9001 100000
a contact +61400 +61700 1001 9003 100000
a contact +61200 +61700 2002 1001 10000
a contact +61700 +62300 2002 1001 10000
a contact +61700 +62300 2006 1001 10000
a contact +61700 +62300 2014 1001 10000
a contact +62300 +62500 2004 1001 10000
a contact +62300 +62500 2006 1001 10000
a contact +62300 +62500 2011 1001 10000
a contact +62500 +62900 1001 9001 100000
a contact +62500 +62900 2001 1001 10000
a contact +62500 +62900 2015 1001 10000
a contact +62900 +63200 2001 1001 10000
a contact +62900 +63200 2015 1001 10000
a contact +62900 +63200 2016 1001 10000
a contact +63200 +63400 2001 1001 10000
a contact +63200 +63400 2016 1001 10000
a contact +63400 +63900 2001 1001 10000
a contact +63200 +63900 2015 1001 10000
a contact +63400 +63900 2016 1001 10000
a contact +63900 +64500 1001 9001 100000
a contact +63900 +64500 2002 1001 10000
a contact +63900 +64500 2008 1001 10000
a contact +64500 +64900 2008 1001 10000
a contact +64500 +64900 2011 1001 10000
a contact +64500 +65300 2002 1001 10000
a contact +64900 +65300 2008 1001 10000
a contact +64900 +65300 2011 1001 10000
a contact +65300 +65400 2002 1001 10000
a contact +65300 +65400 2008 1001 10000
a contact +65300 +65400 2011 1001 10000
a contact +65400 +65900 1001 9001 100000
a contact +65400 +65900 1001 9002 100000
a contact +65400 +65900 2010 1001 10000
a contact +65900 +66000 1001 9002 100000
a contact +65900 +66000 2014 1001 10000
a contact +66000 +66200 1001 9002 100000
a contact +66000 +66200 2014 1001 10000
a contact +65900 +66400 2010 1001 10000
a contact +66200 +66400 2014 1001 10000
a contact +66200 +67000 1001 9002 100000
a contact +66400 +67000 2010 1001 10000
a contact +66400 +67000 2014 1001 10000
a contact +67000 +67400 1001 9002 100000
a contact +67000 +67400 2010 1001 10000
a contact +67000 +67400 2014 1001 10000
a contact +67400 +67700 1001 9002 100000
a contact +67400 +67900 2010 1001 10000
a contact +67400 +67900 2014 1001 10000
a contact +67700 +68100 2004 1001 10000
a contact +67900 +68100 2010 1001 10000
a contact +67900 +68100 2014 1001 10000
a contact +68100 +68600 2004 1001 10000
a contact +68100 +68600 2010 1001 10000
a contact +68100 +68600 2014 1001 10000
a contact +68600 +69200 2004 1001 10000
a contact +68600 +69200 2010 1001 10000
a contact +68600 +69200 2014 1001 10000
a contact +69200 +69600 2004 1001 10000
a contact +69200 +69600 2010 1001 10000
a contact +69200 +69600 2014 1001 10000
a contact +69600 +70200 2004 1001 10000
a contact +69600 +70200 2010 1001 10000
a contact +69600 +70200 2014 1001 10000
a contact +70200 +70300 2004 1001 10000
a contact +70200 +70300 2010 1001 10000
a contact +70200 +70300 2014 1001 10000
a contact +70300 +70700 1001 9002 100000
a contact +70700 +70900 1001 9002 100000
a contact +70900 +71200 1001 9002 100000
a contact +71200 +71800 1001 9002 100000
a contact +71800 +72400 1001 9002 100000
a contact +72400 +72800 1001 9002 100000
a contact +72800 +73000 1001 9002 100000
a contact +73000 +73300 2006 1001 10000
a contact +73000 +73300 2016 1001 10000
a contact +73300 +73900 2006 1001 10000
a contact +73000 +73900 2011 1001 10000
a contact +73300 +73900 2016 1001 10000
a contact +73900 +74300 2006 1001 10000
a contact +73900 +74300 2011 1001 10000
a contact +73900 +74300 2016 1001 10000
a contact +74300 +74900 2006 1001 10000
a contact +74300 +74900 2011 1001 10000
a contact +74300 +74900 2016 1001 10000
a contact +74900 +75400 2006 1001 10000
a contact +74900 +75400 2011 1001 10000
a contact +74900 +75400 2016 1001 10000
a contact +75400 +75600 2006 1001 10000
a contact +75400 +75600 2011 1001 10000
a contact +75400 +75600 2016 1001 10000
a contact +75600 +75900 2006 1001 10000
a contact +75600 +75900 2011 1001 10000
a contact +75600 +75900 2016 1001 10000
a contact +75900 +76500 2006 1001 10000
a contact +75900 +76500 2011 1001 10000
a contact +75900 +76500 2016 1001 10000
a contact +76500 +77100 2006 1001 10000
a contact +76500 +77100 2011 1001 10000
a contact +76500 +77100 2016 1001 10000
a contact +77100 +77500 2006 1001 10000
a contact +77100 +77500 2011 1001 10000
a contact +77100 +77500 2016 1001 10000
a contact +77500 +78000 2006 1001 10000
a contact +77500 +78000 2011 1001 10000
a contact +77500 +78000 2016 1001 10000
a contact +78000 +78200 2008 1001 10000
a contact +78000 +78200 2015 1001 10000
a contact +78000 +78400 2001 1001 10000
a contact +78200 +78400 2002 1001 10000
a contact +78200 +78400 2015 1001 10000
a contact +78400 +78600 2001 1001 10000
a contact +78400 +78600 2002 1001 10000
a contact +78400 +78600 2015 1001 10000
a contact +78600 +79000 1001 9003 100000
a contact +78600 +79000 1001 9001 100000
a contact +78600 +79000 2012 1001 10000
a contact +79000 +79600 2001 1001 10000
a contact +79000 +79600 2005 1001 10000
a contact +79000 +79600 2012 1001 10000
a contact +79600 +80100 2001 1001 10000
a contact +79600 +80100 2005 1001 10000
a contact +79600 +80100 2012 1001 10000
a contact +80100 +80300 2003 1001 10000
a contact +80100 +80300 2013 1001 10000
a contact +80100 +80300 2015 1001 10000
a contact +80300 +80600 1001 9001 100000
a contact +80300 +80600 1001 9003 100000
a contact +80300 +80600 2015 1001 10000
a contact +80600 +81000 1001 9003 100000
a contact +80600 +81000 1001 9001 100000
a contact +80600 +81000 2002 1001 10000
a contact +81000 +81600 2001 1001 10000
a contact +81000 +81600 2003 1001 10000
a contact +81000 +81600 2005 1001 10000
a contact +81600 +81800 2013 1001 10000
a contact +81600 +82000 2001 1001 10000
a contact +81600 +82000 2005 1001 10000
a contact +82000 +82200 2001 1001 10000
a contact +82000 +82200 2005 1001 10000
a contact +81800 +82200 2012 1001 10000
a contact +82200 +82300 2001 1001 10000
a contact +82200 +82300 2005 1001 10000
a contact +82200 +82300 2012 1001 10000
a contact +82300 +82800 1001 9001 100000
a contact +82300 +82800 2002 1001 10000
a contact +82300 +82800 2008 1001 10000
a contact +82800 +83300 2001 1001 10000
a contact +82800 +83300 2005 1001 10000
a contact +82800 +83300 2012 1001 10000
a contact +83300 +83700 2001 1001 10000
a contact +83300 +83700 2005 1001 10000
a contact +83300 +83700 2012 1001 10000
a contact +83700 +83800 2003 1001 10000
a contact +83700 +83800 2004 1001 10000
a contact +83700 +83800 2008 1001 10000
a contact +83800 +84300 1001 9001 100000
a contact +83800 +84300 1001 9002 100000
a contact +83800 +84300 2008 1001 10000
a contact +84300 +84800 2001 1001 10000
a contact +84300 +84800 2005 1001 10000
a contact +84300 +84800 2012 1001 10000
a contact +84800 +84900 2001 1001 10000
a contact +84800 +84900 2005 1001 10000
a contact +84800 +84900 2012 1001 10000
a contact +84900 +85000 2001 1001 10000
a contact +84900 +85000 2005 1001 10000
a contact +85000 +85300 2001 1001 10000
a contact +85000 +85300 2005 1001 10000
a contact +84900 +85300 2012 1001 10000
a contact +85300 +85800 2001 1001 10000
a contact +85300 +85800 2005 1001 10000
a contact +85300 +85800 2012 1001 10000
a contact +85800 +86400 2001 1001 10000
a contact +85800 +86400 2005 1001 10000
a contact +85800 +86400 2012 1001 10000

a range +0 +200 1001 9003 0
a range +200 +500 1001 9003 0
a range +500 +1100 1001 9003 0
a range +1100 +1600 1001 9003 0
a range +1600 +2100 1001 9003 0
a range +2100 +2400 1001 9003 0
a range +2400 +2600 2014 1001 0
a range +2400 +2600 2015 1001 0
a range +2400 +2600 2016 1001 0
a range +2600 +3200 2014 1001 0
a range +2600 +3200 2015 1001 0
a range +2600 +3200 2016 1001 0
a range +3200 +3600 2014 1001 0
a range +3200 +3600 2015 1001 0
a range +3200 +3600 2016 1001 0
a range +3600 +4200 2014 1001 0
a range +3600 +4200 2015 1001 0
a range +3600 +4200 2016 1001 0
a range +4200 +4700 2014 1001 0
a range +4200 +4700 2015 1001 0
a range +4200 +4700 2016 1001 0
a range +4700 +4900 2014 1001 0
a range +4700 +4900 2015 1001 0
a range +4700 +4900 2016 1001 0
a range +4900 +5200 2014 1001 0
a range +4900 +5200 2015 1001 0
a range +4900 +5200 2016 1001 0
a range +5200 +5800 2014 1001 0
a range +5200 +5800 2015 1001 0
a range +5200 +5800 2016 1001 0
a range +5800 +6300 2014 1001 0
a range +5800 +6300 2015 1001 0
a range +5800 +6300 2016 1001 0
a range +6300 +6600 2014 1001 0
a range +6300 +6600 2015 1001 0
a range +6300 +6600 2016 1001 0
a range +6600 +6800 2011 1001 0
a range +6600 +6800 2012 1001 0
a range +6600 +6800 2013 1001 0
a range +6800 +7200 1001 9001 0
a range +6800 +7200 1001 9003 0
a range +6800 +7200 2001 1001 0
a range +7200 +7300 1001 9001 0
a range +7200 +7300 2001 1001 0
a range +7200 +7300 2013 1001 0
a range +7300 +7900 2001 1001 0
a range +7300 +7900 2002 1001 0
a range +7300 +7900 2013 1001 0
a range +7900 +8300 2001 1001 0
a range +7900 +8300 2002 1001 0
a range +7900 +8300 2013 1001 0
a range +8300 +8900 2001 1001 0
a range +8300 +8900 2002 1001 0
a range +8300 +8900 2013 1001 0
a range +8900 +9400 1001 9001 0
a range +8900 +9400 2003 1001 0
a range +8900 +9400 2012 1001 0
a range +9400 +9600 2003 1001 0
a range +9400 +9600 2004 1001 0
a range +9400 +9600 2012 1001 0
a range +9600 +9900 2003 1001 0
a range +9600 +9900 2004 1001 0
a range +9600 +9900 2012 1001 0
a range +9900 +10000 2008 1001 0
a range +9900 +10000 2009 1001 0
a range +9900 +10000 2010 1001 0
a range +10000 +10600 1001 9001 0
a range +10000 +10600 1001 9002 0
a range +10000 +10600 2005 1001 0
a range +10600 +11000 1001 9002 0
a range +10600 +11000 2005 1001 0
a range +10600 +11000 2010 1001 0
a range +11000 +11300 1001 9002 0
a range +11000 +11300 2005 1001 0
a range +11000 +11300 2010 1001 0
a range +11300 +11600 2005 1001 0
a range +11300 +11600 2006 1001 0
a range +11300 +11600 2010 1001 0
a range +11600 +12000 2005 1001 0
a range +11600 +12000 2006 1001 0
a range +11600 +12000 2010 1001 0
a range +12000 +12600 2005 1001 0
a range +12000 +12600 2006 1001 0
a range +12000 +12600 2010 1001 0
a range +12600 +13000 2005 1001 0
a range +12600 +13000 2006 1001 0
a range +12600 +13000 2010 1001 0
a range +13000 +13600 2005 1001 0
a range +13000 +13600 2006 1001 0
a range +13000 +13600 2010 1001 0
a range +13600 +14100 2005 1001 0
a range +13600 +14100 2006 1001 0
a range +13600 +14100 2010 1001 0
a range +14100 +14300 2008 1001 0
a range +14100 +14300 2009 1001 0
a range +14100 +14300 2011 1001 0
a range +14300 +14600 1001 9002 0
a range +14300 +14600 2007 1001 0
a range +14300 +14600 2009 1001 0
a range +14600 +15200 1001 9002 0
a range +14600 +15200 2004 1001 0
a range +14600 +15200 2007 1001 0
a range +15200 +15300 2007 1001 0
a range +15200 +15300 2008 1001 0
a range +15200 +15800 2004 1001 0
a range +15300 +15800 2007 1001 0
a range +15300 +15800 2008 1001 0
a range +15800 +16000 2004 1001 0
a range +15800 +16000 2007 1001 0
a range +15800 +16000 2008 1001 0
a range +16000 +16300 2004 1001 0
a range +16000 +16300 2007 1001 0
a range +16000 +16300 2008 1001 0
a range +16300 +16800 1001 9002 0
a range +16300 +16800 2003 1001 0
a range +16300 +16800 2011 1001 0
a range +16800 +17300 2003 1001 0
a range +16800 +17300 2009 1001 0
a range +16800 +17300 2011 1001 0
a range +17300 +17700 2003 1001 0
a range +17300 +17700 2009 1001 0
a range +17300 +17700 2011 1001 0
a range +17700 +17800 2008 1001 0
a range +17700 +17800 2012 1001 0
a range +17800 +18300 1001 9003 0
a range +17800 +18300 2009 1001 0
a range +17700 +18800 2007 1001 0
a range +18300 +18800 2009 1001 0
a range +18300 +18800 2012 1001 0
a range +18800 +19000 2007 1001 0
a range +18800 +19000 2009 1001 0
a range +18800 +19000 2012 1001 0
a range +19000 +19400 2007 1001 0
a range +19000 +19400 2009 1001 0
a range +19000 +19400 2012 1001 0
a range +19400 +20000 1001 9003 0
a range +19400 +20000 2001 1001 0
a range +19400 +20000 2002 1001 0
a range +20000 +20500 2001 1001 0
a range +20000 +20500 2002 1001 0
a range +20000 +20500 2008 1001 0
a range +20500 +20800 2001 1001 0
a range +20500 +20800 2002 1001 0
a range +20500 +20800 2008 1001 0
a range +20800 +21000 2001 1001 0
a range +20800 +21000 2002 1001 0
a range +21000 +21500 2001 1001 0
a range +21000 +21500 2002 1001 0
a range +20800 +21500 2008 1001 0
a range +21500 +22000 1001 9003 0
a range +21500 +22000 2004 1001 0
a range +21500 +22000 2011 1001 0
a range +22000 +22400 2004 1001 0
a range +22000 +22400 2006 1001 0
a range +22000 +22400 2011 1001 0
a range +22400 +22600 2004 1001 0
a range +22400 +22600 2006 1001 0
a range +22400 +22600 2011 1001 0
a range +22600 +23000 1001 9003 0
a range +22600 +23000 1001 9001 0
a range +22600 +23000 2013 1001 0
a range +23000 +23200 2003 1001 0
a range +23000 +23200 2013 1001 0
a range +23200 +23500 1001 9003 0
a range +23000 +23500 1001 9001 0
a range +23500 +23600 1001 9003 0
a range +23500 +23700 1001 9001 0
a range +23600 +23700 1001 9003 0
a range +23700 +24100 1001 9001 0
a range +23700 +24100 1001 9003 0
a range +24100 +24700 1001 9003 0
a range +24100 +24700 1001 9001 0
a range +24700 +25200 1001 9001 0
a range +24700 +25200 1001 9003 0
a range +25200 +25500 1001 9001 0
a range +25200 +25500 1001 9003 0
a range +25500 +25600 1001 9001 0
a range +25500 +25600 1001 9003 0
a range +25600 +25700 1001 9001 0
a range +25700 +26000 1001 9001 0
a range +26000 +26200 2003 1001 0
a range +26000 +26200 2012 1001 0
a range +26000 +26200 2013 1001 0
a range +26200 +26800 2003 1001 0
a range +26200 +26800 2012 1001 0
a range +26200 +26800 2013 1001 0
a range +26800 +27200 2003 1001 0
a range +26800 +27200 2012 1001 0
a range +26800 +27200 2013 1001 0
a range +27200 +27700 2003 1001 0
a range +27200 +27700 2012 1001 0
a range +27200 +27700 2013 1001 0
a range +27700 +28200 2003 1001 0
a range +27700 +28200 2012 1001 0
a range +27700 +28200 2013 1001 0
a range +28200 +28300 2003 1001 0
a range +28200 +28300 2012 1001 0
a range +28200 +28300 2013 1001 0
a range +28300 +28400 2003 1001 0
a range +28300 +28400 2012 1001 0
a range +28300 +28400 2013 1001 0
a range +28400 +28800 2003 1001 0
a range +28400 +28800 2012 1001 0
a range +28400 +28800 2013 1001 0
a range +28800 +29400 2003 1001 0
a range +28800 +29400 2012 1001 0
a range +28800 +29400 2013 1001 0
a range +29400 +29800 2003 1001 0
a range +29400 +29800 2012 1001 0
a range +29400 +29800 2013 1001 0
a range +29800 +30200 2003 1001 0
a range +29800 +30200 2012 1001 0
a range +29800 +30200 2013 1001 0
a range +30200 +30400 2003 1001 0
a range +30200 +30400 2012 1001 0
a range +30200 +30400 2013 1001 0
a range +30400 +30500 2003 1001 0
a range +30400 +30500 2013 1001 0
a range +30500 +30900 2003 1001 0
a range +30400 +30900 2012 1001 0
a range +30500 +30900 2013 1001 0
a range +30900 +31500 2003 1001 0
a range +30900 +31500 2012 1001 0
a range +30900 +31500 2013 1001 0
a range +31500 +31900 2003 1001 0
a range +31500 +31900 2012 1001 0
a range +31500 +31900 2013 1001 0
a range +31900 +32400 2003 1001 0
a range +31900 +32400 2012 1001 0
a range +31900 +32400 2013 1001 0
a range +32400 +32900 2003 1001 0
a range +32400 +32900 2012 1001 0
a range +32400 +32900 2013 1001 0
a range +32900 +33200 2003 1001 0
a range +32900 +33200 2012 1001 0
a range +32900 +33200 2013 1001 0
a range +33200 +33500 2003 1001 0
a range +33200 +33500 2012 1001 0
a range +33200 +33500 2013 1001 0
a range +33500 +34100 1001 9002 0
a range +33500 +34100 2008 1001 0
a range +33500 +34100 2009 1001 0
a range +34100 +34600 2008 1001 0
a range +34100 +34600 2009 1001 0
a range +34100 +34600 2011 1001 0
a range +34600 +34900 2008 1001 0
a range +34600 +34900 2009 1001 0
a range +34600 +34900 2011 1001 0
a range +34900 +35100 2008 1001 0
a range +34900 +35100 2009 1001 0
a range +35100 +35600 2008 1001 0
a range +35100 +35600 2009 1001 0
a range +34900 +35600 2011 1001 0
a range +35600 +36200 1001 9002 0
a range +35600 +36200 2002 1001 0
a range +35600 +36200 2010 1001 0
a range +36200 +36600 2002 1001 0
a range +36200 +36600 2006 1001 0
a range +36200 +36600 2010 1001 0
a range +36600 +37200 2002 1001 0
a range +36600 +37200 2006 1001 0
a range +36600 +37200 2010 1001 0
a range +37200 +37700 2002 1001 0
a range +37200 +37700 2006 1001 0
a range +37200 +37700 2010 1001 0
a range +37700 +37900 2004 1001 0
a range +37700 +37900 2007 1001 0
a range +37700 +37900 2011 1001 0
a range +37900 +38200 1001 9003 0
a range +37900 +38200 2001 1001 0
a range +37900 +38200 2004 1001 0
a range +38200 +38800 1001 9003 0
a range +38200 +38800 2004 1001 0
a range +38200 +38800 2007 1001 0
a range +38800 +39300 2004 1001 0
a range +38800 +39300 2006 1001 0
a range +38800 +39300 2007 1001 0
a range +39300 +39600 2004 1001 0
a range +39300 +39600 2006 1001 0
a range +39600 +39800 2004 1001 0
a range +39600 +39800 2006 1001 0
a range +39300 +39800 2007 1001 0
a range +39800 +40300 1001 9003 0
a range +39800 +40300 2005 1001 0
a range +39800 +40300 2014 1001 0
a range +40300 +40900 2005 1001 0
a range +40300 +40900 2014 1001 0
a range +40300 +40900 2015 1001 0
a range +40900 +41300 2005 1001 0
a range +40900 +41300 2014 1001 0
a range +40900 +41300 2015 1001 0
a range +41300 +41900 1001 9003 0
a range +41300 +41900 1001 9001 0
a range +41300 +41900 2011 1001 0
a range +41900 +42200 2011 1001 0
a range +41900 +42200 2016 1001 0
a range +41900 +42400 2015 1001 0
a range +42200 +42400 2016 1001 0
a range +42200 +42600 2011 1001 0
a range +42400 +42600 2015 1001 0
a range +42600 +42900 2011 1001 0
a range +42600 +42900 2015 1001 0
a range +42400 +42900 2016 1001 0
a range +42900 +43500 2011 1001 0
a range +42900 +43500 2015 1001 0
a range +42900 +43500 2016 1001 0
a range +43500 +44100 2011 1001 0
a range +43500 +44100 2015 1001 0
a range +43500 +44100 2016 1001 0
a range +44100 +44500 2011 1001 0
a range +44100 +44500 2015 1001 0
a range +44100 +44500 2016 1001 0
a range +44500 +45000 1001 9001 0
a range +44500 +45000 2001 1001 0
a range +44500 +45000 2002 1001 0
a range +45000 +45600 2001 1001 0
a range +45000 +45600 2002 1001 0
a range +45000 +45600 2004 1001 0
a range +45600 +46000 2001 1001 0
a range +45600 +46000 2002 1001 0
a range +45600 +46000 2004 1001 0
a range +46000 +46600 1001 9001 0
a range +46000 +46600 2008 1001 0
a range +46000 +46600 2009 1001 0
a range +46600 +46700 2005 1001 0
a range +46600 +46700 2008 1001 0
a range +46600 +46700 2009 1001 0
a range +46700 +46800 1001 9001 0
a range +46700 +46800 2001 1001 0
a range +46700 +46800 2015 1001 0
a range +46800 +46900 1001 9001 0
a range +46900 +47100 1001 9001 0
a range +46900 +47100 1001 9002 0
a range +47100 +47300 1001 9002 0
a range +47100 +47300 1001 9001 0
a range +47300 +47600 1001 9001 0
a range +47300 +47600 1001 9002 0
a range +47600 +48200 1001 9002 0
a range +47600 +48200 1001 9001 0
a range +48200 +48800 1001 9002 0
a range +48200 +48900 1001 9001 0
a range +48800 +49300 1001 9002 0
a range +49300 +49500 1001 9002 0
a range +49500 +49800 2009 1001 0
a range +49500 +49800 2010 1001 0
a range +49500 +50300 2007 1001 0
a range +49800 +50300 2009 1001 0
a range +49800 +50300 2010 1001 0
a range +50300 +50700 2007 1001 0
a range +50300 +50700 2009 1001 0
a range +50300 +50700 2010 1001 0
a range +50700 +51300 2007 1001 0
a range +50700 +51300 2009 1001 0
a range +50700 +51300 2010 1001 0
a range +51300 +51800 2007 1001 0
a range +51300 +51800 2009 1001 0
a range +51300 +51800 2010 1001 0
a range +51800 +52300 2007 1001 0
a range +51800 +52300 2009 1001 0
a range +51800 +52300 2010 1001 0
a range +52300 +52900 2005 1001 0
a range +52300 +52900 2007 1001 0
a range +52300 +52900 2009 1001 0
a range +52900 +53500 2005 1001 0
a range +52900 +53500 2007 1001 0
a range +52900 +53500 2009 1001 0
a range +53500 +54000 2005 1001 0
a range +53500 +54000 2007 1001 0
a range +53500 +54000 2009 1001 0
a range +54000 +54500 2005 1001 0
a range +54000 +54500 2007 1001 0
a range +54000 +54500 2009 1001 0
a range +54500 +54700 2005 1001 0
a range +54500 +54700 2007 1001 0
a range +54500 +54700 2009 1001 0
a range +54700 +55000 2005 1001 0
a range +54700 +55000 2007 1001 0
a range +54700 +55000 2009 1001 0
a range +55000 +55400 2005 1001 0
a range +55000 +55400 2007 1001 0
a range +55000 +55400 2009 1001 0
a range +55400 +56000 2005 1001 0
a range +55400 +56000 2007 1001 0
a range +55400 +56000 2009 1001 0
a range +56000 +56500 2005 1001 0
a range +56000 +56500 2007 1001 0
a range +56000 +56500 2009 1001 0
a range +56500 +56600 2005 1001 0
a range +56600 +57000 2006 1001 0
a range +56500 +57000 2007 1001 0
a range +56500 +57000 2009 1001 0
a range +57000 +57600 1001 9003 0
a range +57000 +57600 2008 1001 0
a range +57000 +57600 2014 1001 0
a range +57600 +58200 2006 1001 0
a range +57600 +58200 2008 1001 0
a range +57600 +58200 2014 1001 0
a range +58200 +58500 2006 1001 0
a range +58200 +58500 2008 1001 0
a range +58200 +58500 2014 1001 0
a range +58500 +58700 2008 1001 0
a range +58500 +58700 2014 1001 0
a range +58500 +59200 2006 1001 0
a range +58700 +59200 2008 1001 0
a range +58700 +59200 2014 1001 0
a range +59200 +59500 2001 1001 0
a range +59200 +59500 2004 1001 0
a range +59500 +59800 1001 9001 0
a range +59200 +59800 1001 9003 0
a range +59500 +59800 2004 1001 0
a range +59800 +60200 2001 1001 0
a range +59800 +60200 2004 1001 0
a range +59800 +60200 2016 1001 0
a range +60200 +60700 2001 1001 0
a range +60200 +60700 2004 1001 0
a range +60200 +60700 2016 1001 0
a range +60700 +61200 2001 1001 0
a range +60700 +61200 2004 1001 0
a range +60700 +61200 2016 1001 0
a range +61200 +61300 2006 1001 0
a range +61200 +61300 2008 1001 0
a range +61300 +61400 2001 1001 0
a range +61300 +61400 2011 1001 0
a range +61400 +61700 1001 9001 0
a range +61400 +61700 1001 9003 0
a range +61200 +61700 2002 1001 0
a range +61700 +62300 2002 1001 0
a range +61700 +62300 2006 1001 0
a range +61700 +62300 2014 1001 0
a range +62300 +62500 2004 1001 0
a range +62300 +62500 2006 1001 0
a range +62300 +62500 2011 1001 0
a range +62500 +62900 1001 9001 0
a range +62500 +62900 2001 1001 0
a range +62500 +62900 2015 1001 0
a range +62900 +63200 2001 1001 0
a range +62900 +63200 2015 1001 0
a range +62900 +63200 2016 1001 0
a range +63200 +63400 2001 1001 0
a range +63200 +63400 2016 1001 0
a range +63400 +63900 2001 1001 0
a range +63200 +63900 2015 1001 0
a range +63400 +63900 2016 1001 0
a range +63900 +64500 1001 9001 0
a range +63900 +64500 2002 1001 0
a range +63900 +64500 2008 1001 0
a range +64500 +64900 2008 1001 0
a range +64500 +64900 2011 1001 0
a range +64500 +65300 2002 1001 0
a range +64900 +65300 2008 1001 0
a range +64900 +65300 2011 1001 0
a range +65300 +65400 2002 1001 0
a range +65300 +65400 2008 1001 0
a range +65300 +65400 2011 1001 0
a range +65400 +65900 1001 9001 0
a range +65400 +65900 1001 9002 0
a range +65400 +65900 2010 1001 0
a range +65900 +66000 1001 9002 0
a range +65900 +66000 2014 1001 0
a range +66000 +66200 1001 9002 0
a range +66000 +66200 2014 1001 0
a range +65900 +66400 2010 1001 0
a range +66200 +66400 2014 1001 0
a range +66200 +67000 1001 9002 0
a range +66400 +67000 2010 1001 0
a range +66400 +67000 2014 1001 0
a range +67000 +67400 1001 9002 0
a range +67000 +67400 2010 1001 0
a range +67000 +67400 2014 1001 0
a range +67400 +67700 1001 9002 0
a range +67400 +67900 2010 1001 0
a range +67400 +67900 2014 1001 0
a range +67700 +68100 2004 1001 0
a range +67900 +68100 2010 1001 0
a range +67900 +68100 2014 1001 0
a range +68100 +68600 2004 1001 0
a range +68100 +68600 2010 1001 0
a range +68100 +68600 2014 1001 0
a range +68600 +69200 2004 1001 0
a range +68600 +69200 2010 1001 0
a range +68600 +69200 2014 1001 0
a range +69200 +69600 2004 1001 0
a range +69200 +69600 2010 1001 0
a range +69200 +69600 2014 1001 0
a range +69600 +70200 2004 1001 0
a range +69600 +70200 2010 1001 0
a range +69600 +70200 2014 1001 0
a range +70200 +70300 2004 1001 0
a range +70200 +70300 2010 1001 0
a range +70200 +70300 2014 1001 0
a range +70300 +70700 1001 9002 0
a range +70700 +70900 1001 9002 0
a range +70900 +71200 1001 9002 0
a range +71200 +71800 1001 9002 0
a range +71800 +72400 1001 9002 0
a range +72400 +72800 1001 9002 0
a range +72800 +73000 1001 9002 0
a range +73000 +73300 2006 1001 0
a range +73000 +73300 2016 1001 0
a range +73300 +73900 2006 1001 0
a range +73000 +73900 2011 1001 0
a range +73300 +73900 2016 1001 0
a range +73900 +74300 2006 1001 0
a range +73900 +74300 2011 1001 0
a range +73900 +74300 2016 1001 0
a range +74300 +74900 2006 1001 0
a range +74300 +74900 2011 1001 0
a range +74300 +74900 2016 1001 0
a range +74900 +75400 2006 1001 0
a range +74900 +75400 2011 1001 0
a range +74900 +75400 2016 1001 0
a range +75400 +75600 2006 1001 0
a range +75400 +75600 2011 1001 0
a range +75400 +75600 2016 1001 0
a range +75600 +75900 2006 1001 0
a range +75600 +75900 2011 1001 0
a range +75600 +75900 2016 1001 0
a range +75900 +76500 2006 1001 0
a range +75900 +76500 2011 1001 0
a range +75900 +76500 2016 1001 0
a range +76500 +77100 2006 1001 0
a range +76500 +77100 2011 1001 0
a range +76500 +77100 2016 1001 0
a range +77100 +77500 2006 1001 0
a range +77100 +77500 2011 1001 0
a range +77100 +77500 2016 1001 0
a range +77500 +78000 2006 1001 0
a range +77500 +78000 2011 1001 0
a range +77500 +78000 2016 1001 0
a range +78000 +78200 2008 1001 0
a range +78000 +78200 2015 1001 0
a range +78000 +78400 2001 1001 0
a range +78200 +78400 2002 1001 0
a range +78200 +78400 2015 1001 0
a range +78400 +78600 2001 1001 0
a range +78400 +78600 2002 1001 0
a range +78400 +78600 2015 1001 0
a range +78600 +79000 1001 9003 0
a range +78600 +79000 1001 9001 0
a range +78600 +79000 2012 1001 0
a range +79000 +79600 2001 1001 0
a range +79000 +79600 2005 1001 0
a range +79000 +79600 2012 1001 0
a range +79600 +80100 2001 1001 0
a range +79600 +80100 2005 1001 0
a range +79600 +80100 2012 1001 0
a range +80100 +80300 2003 1001 0
a range +80100 +80300 2013 1001 0
a range +80100 +80300 2015 1001 0
a range +80300 +80600 1001 9001 0
a range +80300 +80600 1001 9003 0
a range +80300 +80600 2015 1001 0
a range +80600 +81000 1001 9003 0
a range +80600 +81000 1001 9001 0
a range +80600 +81000 2002 1001 0
a range +81000 +81600 2001 1001 0
a range +81000 +81600 2003 1001 0
a range +81000 +81600 2005 1001 0
a range +81600 +81800 2013 1001 0
a range +81600 +82000 2001 1001 0
a range +81600 +82000 2005 1001 0
a range +82000 +82200 2001 1001 0
a range +82000 +82200 2005 1001 0
a range +81800 +82200 2012 1001 0
a range +82200 +82300 2001 1001 0
a range +82200 +82300 2005 1001 0
a range +82200 +82300 2012 1001 0
a range +82300 +82800 1001 9001 0
a range +82300 +82800 2002 1001 0
a range +82300 +82800 2008 1001 0
a range +82800 +83300 2001 1001 0
a range +82800 +83300 2005 1001 0
a range +82800 +83300 2012 1001 0
a range +83300 +83700 2001 1001 0
a range +83300 +83700 2005 1001 0
a range +83300 +83700 2012 1001 0
a range +83700 +83800 2003 1001 0
a range +83700 +83800 2004 1001 0
a range +83700 +83800 2008 1001 0
a range +83800 +84300 1001 9001 0
a range +83800 +84300 1001 9002 0
a range +83800 +84300 2008 1001 0
a range +84300 +84800 2001 1001 0
a range +84300 +84800 2005 1001 0
a range +84300 +84800 2012 1001 0
a range +84800 +84900 2001 1001 0
a range +84800 +84900 2005 1001 0
a range +84800 +84900 2012 1001 0
a range +84900 +85000 2001 1001 0
a range +84900 +85000 2005 1001 0
a range +85000 +85300 2001 1001 0
a range +85000 +85300 2005 1001 0
a range +84900 +85300 2012 1001 0
a range +85300 +85800 2001 1001 0
a range +85300 +85800 2005 1001 0
a range +85300 +85800 2012 1001 0
a range +85800 +86400 2001 1001 0
a range +85800 +86400 2005 1001 0
a range +85800 +86400 2012 1001 0
