a contact +0 +1200 1 21 625000
a contact +0 +1200 21 1 625000
a contact +1200 +2400 1 21 625000
a contact +1200 +2400 21 1 625000
a contact +0 +6000 2 12 625000
a contact +0 +6000 12 2 625000
a contact +0 +9600 2 17 625000
a contact +0 +9600 17 2 625000
a contact +2400 +10800 1 3 625000
a contact +2400 +10800 3 1 625000
a contact +0 +11400 8 19 625000
a contact +0 +11400 19 8 625000
a contact +9600 +12000 2 6 625000
a contact +6000 +12000 2 14 625000
a contact +9600 +12000 6 2 625000
a contact +6000 +12000 14 2 625000
a contact +0 +13800 9 20 625000
a contact +0 +13800 20 9 625000
a contact +12000 +14400 2 21 625000
a contact +12000 +14400 21 2 625000
a contact +11400 +15600 12 19 625000
a contact +11400 +15600 19 12 625000
a contact +2400 +19200 1 11 625000
a contact +2400 +19200 11 1 625000
a contact +14400 +19800 2 14 625000
a contact +14400 +19800 14 2 625000
a contact +10800 +23400 1 17 625000
a contact +19200 +23400 1 3 625000
a contact +19200 +23400 3 1 625000
a contact +10800 +23400 17 1 625000
a contact +23400 +25200 1 21 625000
a contact +23400 +25200 1 19 625000
a contact +23400 +25200 19 1 625000
a contact +23400 +25200 21 1 625000
a contact +25200 +25800 1 21 625000
a contact +14400 +25800 2 4 625000
a contact +14400 +25800 4 2 625000
a contact +25200 +25800 21 1 625000
a contact +25200 +26400 1 19 625000
a contact +25200 +26400 19 1 625000
a contact +26400 +33600 1 17 625000
a contact +26400 +33600 17 1 625000
a contact +25800 +35400 2 8 625000
a contact +19800 +35400 2 5 625000
a contact +19800 +35400 5 2 625000
a contact +25800 +35400 8 2 625000
a contact +35400 +36600 2 19 625000
a contact +35400 +36600 19 2 625000
a contact +36600 +37800 2 19 625000
a contact +36600 +37800 19 2 625000
a contact +13800 +42600 13 20 625000
a contact +13800 +42600 20 13 625000
a contact +26400 +46800 1 16 625000
a contact +33600 +46800 1 10 625000
a contact +33600 +46800 10 1 625000
a contact +26400 +46800 16 1 625000
a contact +47400 +48600 1 20 625000
a contact +47400 +48600 20 1 625000
a contact +46800 +49200 1 19 625000
a contact +46800 +49200 19 1 625000
a contact +49200 +49800 1 20 625000
a contact +49200 +49800 20 1 625000
a contact +37800 +52200 2 9 625000
a contact +37800 +52200 9 2 625000
a contact +30000 +55800 18 21 625000
a contact +30000 +55800 21 18 625000
a contact +37800 +58800 2 3 625000
a contact +52200 +58800 2 6 625000
a contact +37800 +58800 3 2 625000
a contact +52200 +58800 6 2 625000
a contact +58800 +60000 2 20 625000
a contact +58800 +60000 20 2 625000
a contact +60000 +61800 2 20 625000
a contact +60000 +61800 20 2 625000
a contact +55800 +63000 10 21 625000
a contact +55800 +63000 21 10 625000
a contact +49800 +65400 1 4 625000
a contact +49800 +65400 4 1 625000
a contact +52200 +65400 7 19 625000
a contact +52200 +65400 19 7 625000
a contact +61800 +70200 2 14 625000
a contact +61800 +70200 14 2 625000
a contact +65400 +70800 1 5 625000
a contact +49800 +70800 1 15 625000
a contact +61800 +70800 2 16 625000
a contact +65400 +70800 5 1 625000
a contact +49800 +70800 15 1 625000
a contact +61800 +70800 16 2 625000
a contact +70800 +71400 1 20 625000
a contact +70800 +71400 20 1 625000
a contact +71400 +73200 1 20 625000
a contact +71400 +73200 20 1 625000
a contact +63000 +78600 12 21 625000
a contact +63000 +78600 21 12 625000
a contact +73200 +79800 1 15 625000
a contact +73200 +79800 1 8 625000
a contact +73200 +79800 8 1 625000
a contact +73200 +79800 15 1 625000
a contact +70200 +80400 2 11 625000
a contact +70200 +80400 11 2 625000
a contact +80400 +82200 2 17 625000
a contact +70800 +82200 2 7 625000
a contact +70800 +82200 7 2 625000
a contact +80400 +82200 17 2 625000
a contact +82800 +83400 2 21 625000
a contact +82800 +83400 21 2 625000
a contact +83400 +84600 2 21 625000
a contact +83400 +84600 21 2 625000
a contact +84600 +85200 2 21 625000
a contact +84600 +85200 21 2 625000
a contact +79800 +86400 1 14 625000
a contact +79800 +86400 1 10 625000
a contact +85200 +86400 2 17 625000
a contact +85200 +86400 2 7 625000
a contact +78600 +86400 5 20 625000
a contact +65400 +86400 6 19 625000
a contact +85200 +86400 7 2 625000
a contact +79800 +86400 10 1 625000
a contact +79800 +86400 14 1 625000
a contact +85200 +86400 17 2 625000
a contact +65400 +86400 19 6 625000
a contact +78600 +86400 20 5 625000

a range +0 +1200 1 21 0.0593
a range +0 +1200 21 1 0.0593
a range +1200 +2400 1 21 0.0593
a range +1200 +2400 21 1 0.0593
a range +0 +6000 2 12 1102.2457
a range +0 +6000 12 2 1102.2457
a range +0 +9600 2 17 1102.267
a range +0 +9600 17 2 1102.267
a range +2400 +10800 1 3 1102.7095
a range +2400 +10800 3 1 1102.7095
a range +0 +11400 8 19 1102.3551
a range +0 +11400 19 8 1102.3551
a range +9600 +12000 2 6 1102.2679
a range +6000 +12000 2 14 1102.2751
a range +9600 +12000 6 2 1102.2679
a range +6000 +12000 14 2 1102.2751
a range +0 +13800 9 20 1102.2804
a range +0 +13800 20 9 1102.2804
a range +12000 +14400 2 21 0.0615
a range +12000 +14400 21 2 0.0615
a range +11400 +15600 12 19 1102.355
a range +11400 +15600 19 12 1102.355
a range +2400 +19200 1 11 1102.7209
a range +2400 +19200 11 1 1102.7209
a range +14400 +19800 2 14 1102.9141
a range +14400 +19800 14 2 1102.9141
a range +10800 +23400 1 17 1102.6912
a range +19200 +23400 1 3 1102.7095
a range +19200 +23400 3 1 1102.7095
a range +10800 +23400 17 1 1102.6912
a range +23400 +25200 1 21 0.0602
a range +23400 +25200 1 19 0.0601
a range +23400 +25200 19 1 0.0601
a range +23400 +25200 21 1 0.0602
a range +25200 +25800 1 21 0.0602
a range +14400 +25800 2 4 1103.1639
a range +14400 +25800 4 2 1103.1639
a range +25200 +25800 21 1 0.0602
a range +25200 +26400 1 19 0.0601
a range +25200 +26400 19 1 0.0601
a range +26400 +33600 1 17 1103.5934
a range +26400 +33600 17 1 1103.5934
a range +25800 +35400 2 8 1103.1653
a range +19800 +35400 2 5 1103.1746
a range +19800 +35400 5 2 1103.1746
a range +25800 +35400 8 2 1103.1653
a range +35400 +36600 2 19 0.0623
a range +35400 +36600 19 2 0.0623
a range +36600 +37800 2 19 0.0623
a range +36600 +37800 19 2 0.0623
a range +13800 +42600 13 20 1103.3729
a range +13800 +42600 20 13 1103.3729
a range +26400 +46800 1 16 1103.598
a range +33600 +46800 1 10 1103.6103
a range +33600 +46800 10 1 1103.6103
a range +26400 +46800 16 1 1103.598
a range +47400 +48600 1 20 0.0591
a range +47400 +48600 20 1 0.0591
a range +46800 +49200 1 19 0.061
a range +46800 +49200 19 1 0.061
a range +49200 +49800 1 20 0.0591
a range +49200 +49800 20 1 0.0591
a range +37800 +52200 2 9 1103.9124
a range +37800 +52200 9 2 1103.9124
a range +30000 +55800 18 21 1104.7702
a range +30000 +55800 21 18 1104.7702
a range +37800 +58800 2 3 1104.0574
a range +52200 +58800 2 6 1104.0568
a range +37800 +58800 3 2 1104.0574
a range +52200 +58800 6 2 1104.0568
a range +58800 +60000 2 20 0.0612
a range +58800 +60000 20 2 0.0612
a range +60000 +61800 2 20 0.0612
a range +60000 +61800 20 2 0.0612
a range +55800 +63000 10 21 1104.4884
a range +55800 +63000 21 10 1104.4884
a range +49800 +65400 1 4 1104.5173
a range +49800 +65400 4 1 1104.5173
a range +52200 +65400 7 19 1104.2733
a range +52200 +65400 19 7 1104.2733
a range +61800 +70200 2 14 1104.4577
a range +61800 +70200 14 2 1104.4577
a range +65400 +70800 1 5 1104.5251
a range +49800 +70800 1 15 1104.5299
a range +61800 +70800 2 16 1104.974
a range +65400 +70800 5 1 1104.5251
a range +49800 +70800 15 1 1104.5299
a range +61800 +70800 16 2 1104.974
a range +70800 +71400 1 20 0.0599
a range +70800 +71400 20 1 0.0599
a range +71400 +73200 1 20 0.0599
a range +71400 +73200 20 1 0.0599
a range +63000 +78600 12 21 1104.7873
a range +63000 +78600 21 12 1104.7873
a range +73200 +79800 1 15 1105.0383
a range +73200 +79800 1 8 1104.8575
a range +73200 +79800 8 1 1104.8575
a range +73200 +79800 15 1 1105.0383
a range +70200 +80400 2 11 1104.9671
a range +70200 +80400 11 2 1104.9671
a range +80400 +82200 2 17 1104.9646
a range +70800 +82200 2 7 1104.9668
a range +70800 +82200 7 2 1104.9668
a range +80400 +82200 17 2 1104.9646
a range +82800 +83400 2 21 0.0435
a range +82800 +83400 21 2 0.0435
a range +83400 +84600 2 21 0.0435
a range +83400 +84600 21 2 0.0435
a range +84600 +85200 2 21 0.0435
a range +84600 +85200 21 2 0.0435
a range +79800 +86400 1 14 1105.0244
a range +79800 +86400 1 10 1105.0238
a range +85200 +86400 2 17 1105.1029
a range +85200 +86400 2 7 1105.1351
a range +78600 +86400 5 20 1105.0542
a range +65400 +86400 6 19 1105.0546
a range +85200 +86400 7 2 1105.1351
a range +79800 +86400 10 1 1105.0238
a range +79800 +86400 14 1 1105.0244
a range +85200 +86400 17 2 1105.1029
a range +65400 +86400 19 6 1105.0546
a range +78600 +86400 20 5 1105.0542
