a contact +0 +600 4 15 625000
a contact +0 +600 6 17 625000
a contact +0 +600 15 4 625000
a contact +0 +600 17 6 625000
a contact +0 +1800 4 14 625000
a contact +0 +1800 6 12 625000
a contact +0 +1800 8 18 625000
a contact +0 +1800 10 16 625000
a contact +0 +1800 12 6 625000
a contact +0 +1800 14 4 625000
a contact +0 +1800 16 10 625000
a contact +0 +1800 18 8 625000
a contact +0 +2400 4 18 625000
a contact +0 +2400 6 16 625000
a contact +0 +2400 16 6 625000
a contact +0 +2400 18 4 625000
a contact +2400 +3000 1 7 625000
a contact +0 +3000 2 7 625000
a contact +0 +3000 2 19 625000
a contact +2400 +3000 7 1 625000
a contact +0 +3000 7 2 625000
a contact +0 +3000 7 19 625000
a contact +0 +3000 7 20 625000
a contact +0 +3000 19 2 625000
a contact +0 +3000 19 7 625000
a contact +0 +3000 20 7 625000
a contact +0 +3600 3 15 625000
a contact +0 +3600 5 17 625000
a contact +0 +3600 15 3 625000
a contact +0 +3600 17 5 625000
a contact +0 +5400 3 18 625000
a contact +0 +5400 4 17 625000
a contact +0 +5400 5 16 625000
a contact +0 +5400 6 15 625000
a contact +0 +5400 15 6 625000
a contact +0 +5400 16 5 625000
a contact +0 +5400 17 4 625000
a contact +0 +5400 18 3 625000
a contact +0 +7200 1 21 625000
a contact +1200 +7200 3 13 625000
a contact +1200 +7200 5 11 625000
a contact +1200 +7200 7 17 625000
a contact +1200 +7200 9 15 625000
a contact +1200 +7200 11 5 625000
a contact +1200 +7200 13 3 625000
a contact +1200 +7200 15 9 625000
a contact +1200 +7200 17 7 625000
a contact +0 +7200 21 1 625000
a contact +600 +7800 3 17 625000
a contact +600 +7800 5 15 625000
a contact +600 +7800 15 5 625000
a contact +600 +7800 17 3 625000
a contact +2400 +8400 1 10 625000
a contact +0 +8400 2 10 625000
a contact +0 +8400 4 16 625000
a contact +0 +8400 6 18 625000
a contact +2400 +8400 10 1 625000
a contact +0 +8400 10 2 625000
a contact +0 +8400 10 19 625000
a contact +0 +8400 10 20 625000
a contact +0 +8400 16 4 625000
a contact +0 +8400 18 6 625000
a contact +0 +8400 19 10 625000
a contact +0 +8400 20 10 625000
a contact +1200 +9000 2 20 625000
a contact +1200 +9000 20 2 625000
a contact +3000 +10800 3 16 625000
a contact +3000 +10800 4 15 625000
a contact +3000 +10800 5 18 625000
a contact +3000 +10800 6 17 625000
a contact +3000 +10800 15 4 625000
a contact +3000 +10800 16 3 625000
a contact +3000 +10800 17 6 625000
a contact +3000 +10800 18 5 625000
a contact +4200 +12000 1 19 625000
a contact +0 +12000 2 3 625000
a contact +0 +12000 2 4 625000
a contact +0 +12000 2 5 625000
a contact +0 +12000 2 6 625000
a contact +5400 +12000 2 7 625000
a contact +0 +12000 2 8 625000
a contact +0 +12000 2 9 625000
a contact +10200 +12000 2 10 625000
a contact +0 +12000 2 11 625000
a contact +0 +12000 2 12 625000
a contact +0 +12000 2 13 625000
a contact +0 +12000 2 14 625000
a contact +0 +12000 2 15 625000
a contact +0 +12000 2 16 625000
a contact +0 +12000 2 17 625000
a contact +0 +12000 2 18 625000
a contact +0 +12000 3 2 625000
a contact +0 +12000 4 2 625000
a contact +0 +12000 5 2 625000
a contact +0 +12000 6 2 625000
a contact +5400 +12000 7 2 625000
a contact +0 +12000 8 2 625000
a contact +0 +12000 9 2 625000
a contact +10200 +12000 10 2 625000
a contact +0 +12000 11 2 625000
a contact +0 +12000 12 2 625000
a contact +0 +12000 13 2 625000
a contact +0 +12000 14 2 625000
a contact +0 +12000 15 2 625000
a contact +0 +12000 16 2 625000
a contact +0 +12000 17 2 625000
a contact +0 +12000 18 2 625000
a contact +4200 +12000 19 1 625000
a contact +6600 +12600 4 14 625000
a contact +6600 +12600 6 12 625000
a contact +6600 +12600 8 18 625000
a contact +6600 +12600 10 16 625000
a contact +6600 +12600 12 6 625000
a contact +6600 +12600 14 4 625000
a contact +6600 +12600 16 10 625000
a contact +6600 +12600 18 8 625000
a contact +6000 +13200 4 18 625000
a contact +6000 +13200 6 16 625000
a contact +6000 +13200 16 6 625000
a contact +6000 +13200 18 4 625000
a contact +2400 +13800 1 9 625000
a contact +4800 +13800 3 15 625000
a contact +4800 +13800 5 17 625000
a contact +2400 +13800 9 1 625000
a contact +0 +13800 9 19 625000
a contact +0 +13800 9 20 625000
a contact +4800 +13800 15 3 625000
a contact +4800 +13800 17 5 625000
a contact +0 +13800 19 9 625000
a contact +0 +13800 20 9 625000
a contact +0 +15600 3 19 625000
a contact +7800 +15600 4 17 625000
a contact +0 +15600 4 19 625000
a contact +0 +15600 5 19 625000
a contact +7800 +15600 6 15 625000
a contact +0 +15600 6 19 625000
a contact +5400 +15600 7 19 625000
a contact +0 +15600 8 19 625000
a contact +10200 +15600 10 19 625000
a contact +0 +15600 11 19 625000
a contact +0 +15600 12 19 625000
a contact +0 +15600 13 19 625000
a contact +0 +15600 14 19 625000
a contact +7800 +15600 15 6 625000
a contact +0 +15600 15 19 625000
a contact +0 +15600 16 19 625000
a contact +7800 +15600 17 4 625000
a contact +0 +15600 17 19 625000
a contact +0 +15600 18 19 625000
a contact +0 +15600 19 3 625000
a contact +0 +15600 19 4 625000
a contact +0 +15600 19 5 625000
a contact +0 +15600 19 6 625000
a contact +5400 +15600 19 7 625000
a contact +0 +15600 19 8 625000
a contact +10200 +15600 19 10 625000
a contact +0 +15600 19 11 625000
a contact +0 +15600 19 12 625000
a contact +0 +15600 19 13 625000
a contact +0 +15600 19 14 625000
a contact +0 +15600 19 15 625000
a contact +0 +15600 19 16 625000
a contact +0 +15600 19 17 625000
a contact +0 +15600 19 18 625000
a contact +7800 +16200 3 18 625000
a contact +7800 +16200 5 16 625000
a contact +7800 +16200 16 5 625000
a contact +7800 +16200 18 3 625000
a contact +9000 +16800 2 21 625000
a contact +9000 +16800 21 2 625000
a contact +11400 +17400 3 13 625000
a contact +11400 +17400 5 11 625000
a contact +11400 +17400 7 17 625000
a contact +11400 +17400 9 15 625000
a contact +11400 +17400 11 5 625000
a contact +11400 +17400 13 3 625000
a contact +11400 +17400 15 9 625000
a contact +11400 +17400 17 7 625000
a contact +10200 +18000 1 20 625000
a contact +10800 +18000 3 17 625000
a contact +10800 +18000 5 15 625000
a contact +10800 +18000 15 5 625000
a contact +10800 +18000 17 3 625000
a contact +10200 +18000 20 1 625000
a contact +2400 +18600 1 8 625000
a contact +14400 +18600 2 8 625000
a contact +2400 +18600 8 1 625000
a contact +14400 +18600 8 2 625000
a contact +0 +18600 8 20 625000
a contact +0 +18600 20 8 625000
a contact +10200 +19200 4 16 625000
a contact +10200 +19200 6 18 625000
a contact +10200 +19200 16 4 625000
a contact +10200 +19200 18 6 625000
a contact +13200 +21000 3 16 625000
a contact +13200 +21000 4 15 625000
a contact +13200 +21000 5 18 625000
a contact +13200 +21000 6 17 625000
a contact +13200 +21000 15 4 625000
a contact +13200 +21000 16 3 625000
a contact +13200 +21000 17 6 625000
a contact +13200 +21000 18 5 625000
a contact +13800 +21600 2 19 625000
a contact +13800 +21600 19 2 625000
a contact +16800 +22800 4 14 625000
a contact +16800 +22800 6 12 625000
a contact +16800 +22800 8 18 625000
a contact +16800 +22800 10 16 625000
a contact +16800 +22800 12 6 625000
a contact +16800 +22800 14 4 625000
a contact +16800 +22800 16 10 625000
a contact +16800 +22800 18 8 625000
a contact +2400 +23400 1 3 625000
a contact +2400 +23400 1 4 625000
a contact +2400 +23400 1 5 625000
a contact +2400 +23400 1 6 625000
a contact +5400 +23400 1 7 625000
a contact +21000 +23400 1 8 625000
a contact +15600 +23400 1 9 625000
a contact +10200 +23400 1 10 625000
a contact +2400 +23400 1 11 625000
a contact +2400 +23400 1 12 625000
a contact +2400 +23400 1 13 625000
a contact +2400 +23400 1 14 625000
a contact +2400 +23400 1 15 625000
a contact +2400 +23400 1 16 625000
a contact +2400 +23400 1 17 625000
a contact +2400 +23400 1 18 625000
a contact +2400 +23400 3 1 625000
a contact +2400 +23400 4 1 625000
a contact +16200 +23400 4 18 625000
a contact +2400 +23400 5 1 625000
a contact +2400 +23400 6 1 625000
a contact +16200 +23400 6 16 625000
a contact +5400 +23400 7 1 625000
a contact +21000 +23400 8 1 625000
a contact +15600 +23400 9 1 625000
a contact +10200 +23400 10 1 625000
a contact +2400 +23400 11 1 625000
a contact +2400 +23400 12 1 625000
a contact +2400 +23400 13 1 625000
a contact +2400 +23400 14 1 625000
a contact +2400 +23400 15 1 625000
a contact +2400 +23400 16 1 625000
a contact +16200 +23400 16 6 625000
a contact +2400 +23400 17 1 625000
a contact +2400 +23400 18 1 625000
a contact +16200 +23400 18 4 625000
a contact +14400 +24000 2 7 625000
a contact +15600 +24000 3 15 625000
a contact +15600 +24000 5 17 625000
a contact +14400 +24000 7 2 625000
a contact +5400 +24000 7 20 625000
a contact +15600 +24000 15 3 625000
a contact +15600 +24000 17 5 625000
a contact +5400 +24000 20 7 625000
a contact +14400 +24600 2 11 625000
a contact +14400 +24600 11 2 625000
a contact +0 +24600 11 20 625000
a contact +0 +24600 20 11 625000
a contact +18000 +25800 1 21 625000
a contact +18000 +25800 21 1 625000
a contact +18600 +26400 3 18 625000
a contact +18600 +26400 4 17 625000
a contact +18600 +26400 5 16 625000
a contact +18600 +26400 6 15 625000
a contact +18600 +26400 15 6 625000
a contact +18600 +26400 16 5 625000
a contact +18600 +26400 17 4 625000
a contact +18600 +26400 18 3 625000
a contact +19200 +27000 2 20 625000
a contact +19200 +27000 20 2 625000
a contact +22200 +28200 3 13 625000
a contact +22200 +28200 5 11 625000
a contact +22200 +28200 7 17 625000
a contact +22200 +28200 9 15 625000
a contact +22200 +28200 11 5 625000
a contact +22200 +28200 13 3 625000
a contact +22200 +28200 15 9 625000
a contact +22200 +28200 17 7 625000
a contact +21600 +28800 3 17 625000
a contact +21600 +28800 5 15 625000
a contact +21600 +28800 15 5 625000
a contact +21600 +28800 17 3 625000
a contact +26400 +29400 1 10 625000
a contact +14400 +29400 2 10 625000
a contact +20400 +29400 4 16 625000
a contact +20400 +29400 6 18 625000
a contact +26400 +29400 10 1 625000
a contact +14400 +29400 10 2 625000
a contact +10200 +29400 10 20 625000
a contact +20400 +29400 16 4 625000
a contact +20400 +29400 18 6 625000
a contact +10200 +29400 20 10 625000
a contact +26400 +30000 1 14 625000
a contact +14400 +30000 2 14 625000
a contact +26400 +30000 14 1 625000
a contact +14400 +30000 14 2 625000
a contact +0 +30000 14 20 625000
a contact +0 +30000 20 14 625000
a contact +22800 +30600 1 19 625000
a contact +22800 +30600 19 1 625000
a contact +23400 +31800 3 16 625000
a contact +23400 +31800 4 15 625000
a contact +23400 +31800 5 18 625000
a contact +23400 +31800 6 17 625000
a contact +23400 +31800 15 4 625000
a contact +23400 +31800 16 3 625000
a contact +23400 +31800 17 6 625000
a contact +23400 +31800 18 5 625000
a contact +27000 +33000 4 14 625000
a contact +27000 +33000 6 12 625000
a contact +27000 +33000 8 18 625000
a contact +27000 +33000 10 16 625000
a contact +27000 +33000 12 6 625000
a contact +27000 +33000 14 4 625000
a contact +27000 +33000 16 10 625000
a contact +27000 +33000 18 8 625000
a contact +26400 +33600 4 18 625000
a contact +26400 +33600 6 16 625000
a contact +26400 +33600 16 6 625000
a contact +26400 +33600 18 4 625000
a contact +26400 +34200 1 9 625000
a contact +15600 +34200 2 9 625000
a contact +26400 +34200 9 1 625000
a contact +15600 +34200 9 2 625000
a contact +15600 +34200 9 20 625000
a contact +30000 +34200 9 21 625000
a contact +15600 +34200 20 9 625000
a contact +30000 +34200 21 9 625000
a contact +25800 +34800 3 15 625000
a contact +25800 +34800 5 17 625000
a contact +25800 +34800 15 3 625000
a contact +25800 +34800 17 5 625000
a contact +14400 +35400 2 3 625000
a contact +14400 +35400 2 4 625000
a contact +14400 +35400 2 5 625000
a contact +14400 +35400 2 6 625000
a contact +25800 +35400 2 7 625000
a contact +21000 +35400 2 8 625000
a contact +31200 +35400 2 10 625000
a contact +25200 +35400 2 11 625000
a contact +14400 +35400 2 12 625000
a contact +14400 +35400 2 13 625000
a contact +30600 +35400 2 14 625000
a contact +14400 +35400 2 15 625000
a contact +14400 +35400 2 16 625000
a contact +14400 +35400 2 17 625000
a contact +14400 +35400 2 18 625000
a contact +27000 +35400 2 21 625000
a contact +14400 +35400 3 2 625000
a contact +14400 +35400 4 2 625000
a contact +14400 +35400 5 2 625000
a contact +14400 +35400 6 2 625000
a contact +25800 +35400 7 2 625000
a contact +21000 +35400 8 2 625000
a contact +31200 +35400 10 2 625000
a contact +25200 +35400 11 2 625000
a contact +14400 +35400 12 2 625000
a contact +14400 +35400 13 2 625000
a contact +30600 +35400 14 2 625000
a contact +14400 +35400 15 2 625000
a contact +14400 +35400 16 2 625000
a contact +14400 +35400 17 2 625000
a contact +14400 +35400 18 2 625000
a contact +27000 +35400 21 2 625000
a contact +28800 +36600 1 20 625000
a contact +28800 +36600 3 18 625000
a contact +28800 +36600 4 17 625000
a contact +28800 +36600 5 16 625000
a contact +28800 +36600 6 15 625000
a contact +28800 +36600 15 6 625000
a contact +28800 +36600 16 5 625000
a contact +28800 +36600 17 4 625000
a contact +28800 +36600 18 3 625000
a contact +28800 +36600 20 1 625000
a contact +32400 +38400 3 13 625000
a contact +32400 +38400 5 11 625000
a contact +32400 +38400 7 17 625000
a contact +32400 +38400 9 15 625000
a contact +32400 +38400 11 5 625000
a contact +32400 +38400 13 3 625000
a contact +32400 +38400 15 9 625000
a contact +32400 +38400 17 7 625000
a contact +31800 +39000 3 17 625000
a contact +31800 +39000 5 15 625000
a contact +31800 +39000 15 5 625000
a contact +31800 +39000 17 3 625000
a contact +26400 +39600 1 8 625000
a contact +37800 +39600 2 8 625000
a contact +31200 +39600 4 16 625000
a contact +31200 +39600 6 18 625000
a contact +26400 +39600 8 1 625000
a contact +37800 +39600 8 2 625000
a contact +21000 +39600 8 20 625000
a contact +30000 +39600 8 21 625000
a contact +31200 +39600 16 4 625000
a contact +31200 +39600 18 6 625000
a contact +21000 +39600 20 8 625000
a contact +30000 +39600 21 8 625000
a contact +26400 +40200 1 12 625000
a contact +37800 +40200 2 12 625000
a contact +31800 +40200 2 19 625000
a contact +26400 +40200 12 1 625000
a contact +37800 +40200 12 2 625000
a contact +0 +40200 12 20 625000
a contact +30000 +40200 12 21 625000
a contact +31800 +40200 19 2 625000
a contact +0 +40200 20 12 625000
a contact +30000 +40200 21 12 625000
a contact +34200 +42000 3 16 625000
a contact +34200 +42000 4 15 625000
a contact +34200 +42000 5 18 625000
a contact +34200 +42000 6 17 625000
a contact +34200 +42000 15 4 625000
a contact +34200 +42000 16 3 625000
a contact +34200 +42000 17 6 625000
a contact +34200 +42000 18 5 625000
a contact +0 +42600 3 20 625000
a contact +0 +42600 4 20 625000
a contact +0 +42600 5 20 625000
a contact +0 +42600 6 20 625000
a contact +25800 +42600 7 20 625000
a contact +41400 +42600 8 20 625000
a contact +36600 +42600 9 20 625000
a contact +31200 +42600 10 20 625000
a contact +25200 +42600 11 20 625000
a contact +40800 +42600 12 20 625000
a contact +0 +42600 13 20 625000
a contact +30600 +42600 14 20 625000
a contact +0 +42600 15 20 625000
a contact +0 +42600 16 20 625000
a contact +0 +42600 17 20 625000
a contact +0 +42600 18 20 625000
a contact +0 +42600 20 3 625000
a contact +0 +42600 20 4 625000
a contact +0 +42600 20 5 625000
a contact +0 +42600 20 6 625000
a contact +25800 +42600 20 7 625000
a contact +41400 +42600 20 8 625000
a contact +36600 +42600 20 9 625000
a contact +31200 +42600 20 10 625000
a contact +25200 +42600 20 11 625000
a contact +40800 +42600 20 12 625000
a contact +0 +42600 20 13 625000
a contact +30600 +42600 20 14 625000
a contact +0 +42600 20 15 625000
a contact +0 +42600 20 16 625000
a contact +0 +42600 20 17 625000
a contact +0 +42600 20 18 625000
a contact +37800 +43800 4 14 625000
a contact +37800 +43800 6 12 625000
a contact +37800 +43800 8 18 625000
a contact +37800 +43800 10 16 625000
a contact +37800 +43800 12 6 625000
a contact +37800 +43800 14 4 625000
a contact +37800 +43800 16 10 625000
a contact +37800 +43800 18 8 625000
a contact +36600 +44400 1 21 625000
a contact +37200 +44400 4 18 625000
a contact +37200 +44400 6 16 625000
a contact +37200 +44400 16 6 625000
a contact +37200 +44400 18 4 625000
a contact +36600 +44400 21 1 625000
a contact +26400 +45000 1 7 625000
a contact +37800 +45000 2 7 625000
a contact +36000 +45000 3 15 625000
a contact +36000 +45000 5 17 625000
a contact +26400 +45000 7 1 625000
a contact +37800 +45000 7 2 625000
a contact +30000 +45000 7 21 625000
a contact +36000 +45000 15 3 625000
a contact +36000 +45000 17 5 625000
a contact +30000 +45000 21 7 625000
a contact +26400 +45600 1 11 625000
a contact +37800 +45600 2 11 625000
a contact +37800 +45600 2 20 625000
a contact +26400 +45600 11 1 625000
a contact +37800 +45600 11 2 625000
a contact +30000 +45600 11 21 625000
a contact +37800 +45600 20 2 625000
a contact +30000 +45600 21 11 625000
a contact +26400 +46800 1 3 625000
a contact +26400 +46800 1 4 625000
a contact +26400 +46800 1 5 625000
a contact +26400 +46800 1 6 625000
a contact +41400 +46800 1 8 625000
a contact +36600 +46800 1 9 625000
a contact +31200 +46800 1 10 625000
a contact +46200 +46800 1 11 625000
a contact +40800 +46800 1 12 625000
a contact +26400 +46800 1 13 625000
a contact +30600 +46800 1 14 625000
a contact +26400 +46800 1 15 625000
a contact +26400 +46800 1 16 625000
a contact +26400 +46800 1 17 625000
a contact +26400 +46800 1 18 625000
a contact +26400 +46800 3 1 625000
a contact +26400 +46800 4 1 625000
a contact +26400 +46800 5 1 625000
a contact +26400 +46800 6 1 625000
a contact +41400 +46800 8 1 625000
a contact +36600 +46800 9 1 625000
a contact +31200 +46800 10 1 625000
a contact +46200 +46800 11 1 625000
a contact +40800 +46800 12 1 625000
a contact +26400 +46800 13 1 625000
a contact +30600 +46800 14 1 625000
a contact +26400 +46800 15 1 625000
a contact +26400 +46800 16 1 625000
a contact +26400 +46800 17 1 625000
a contact +26400 +46800 18 1 625000
a contact +39000 +47400 3 18 625000
a contact +39000 +47400 4 17 625000
a contact +39000 +47400 5 16 625000
a contact +39000 +47400 6 15 625000
a contact +39000 +47400 15 6 625000
a contact +39000 +47400 16 5 625000
a contact +39000 +47400 17 4 625000
a contact +39000 +47400 18 3 625000
a contact +42600 +48600 3 13 625000
a contact +42600 +48600 5 11 625000
a contact +42600 +48600 7 17 625000
a contact +42600 +48600 9 15 625000
a contact +42600 +48600 11 5 625000
a contact +42600 +48600 13 3 625000
a contact +42600 +48600 15 9 625000
a contact +42600 +48600 17 7 625000
a contact +41400 +49200 1 19 625000
a contact +42000 +49200 3 17 625000
a contact +42000 +49200 5 15 625000
a contact +42000 +49200 15 5 625000
a contact +42000 +49200 17 3 625000
a contact +41400 +49200 19 1 625000
a contact +37800 +49800 2 10 625000
a contact +37800 +49800 10 2 625000
a contact +31200 +49800 10 21 625000
a contact +31200 +49800 21 10 625000
a contact +41400 +50400 4 16 625000
a contact +41400 +50400 6 18 625000
a contact +41400 +50400 16 4 625000
a contact +41400 +50400 18 6 625000
a contact +44400 +52200 3 16 625000
a contact +44400 +52200 4 15 625000
a contact +44400 +52200 5 18 625000
a contact +44400 +52200 6 17 625000
a contact +44400 +52200 15 4 625000
a contact +44400 +52200 16 3 625000
a contact +44400 +52200 17 6 625000
a contact +44400 +52200 18 5 625000
a contact +45600 +53400 2 21 625000
a contact +45600 +53400 21 2 625000
a contact +48000 +54000 4 14 625000
a contact +48000 +54000 6 12 625000
a contact +48000 +54000 8 18 625000
a contact +48000 +54000 10 16 625000
a contact +48000 +54000 12 6 625000
a contact +48000 +54000 14 4 625000
a contact +48000 +54000 16 10 625000
a contact +48000 +54000 18 8 625000
a contact +47400 +54600 1 20 625000
a contact +47400 +54600 4 18 625000
a contact +47400 +54600 6 16 625000
a contact +47400 +54600 16 6 625000
a contact +47400 +54600 18 4 625000
a contact +47400 +54600 20 1 625000
a contact +49800 +55200 1 9 625000
a contact +37800 +55200 2 9 625000
a contact +46800 +55200 3 15 625000
a contact +46800 +55200 5 17 625000
a contact +49800 +55200 9 1 625000
a contact +37800 +55200 9 2 625000
a contact +52200 +55200 9 19 625000
a contact +36600 +55200 9 21 625000
a contact +46800 +55200 15 3 625000
a contact +46800 +55200 17 5 625000
a contact +52200 +55200 19 9 625000
a contact +36600 +55200 21 9 625000
a contact +49800 +55800 1 13 625000
a contact +37800 +55800 2 13 625000
a contact +49800 +55800 13 1 625000
a contact +37800 +55800 13 2 625000
a contact +52200 +55800 13 19 625000
a contact +30000 +55800 13 21 625000
a contact +52200 +55800 19 13 625000
a contact +30000 +55800 21 13 625000
a contact +49800 +57600 3 18 625000
a contact +49800 +57600 4 17 625000
a contact +49800 +57600 5 16 625000
a contact +49800 +57600 6 15 625000
a contact +49800 +57600 15 6 625000
a contact +49800 +57600 16 5 625000
a contact +49800 +57600 17 4 625000
a contact +49800 +57600 18 3 625000
a contact +50400 +58200 2 19 625000
a contact +50400 +58200 19 2 625000
a contact +37800 +58800 2 3 625000
a contact +37800 +58800 2 4 625000
a contact +37800 +58800 2 5 625000
a contact +37800 +58800 2 6 625000
a contact +46800 +58800 2 7 625000
a contact +41400 +58800 2 8 625000
a contact +57000 +58800 2 9 625000
a contact +52200 +58800 2 10 625000
a contact +46200 +58800 2 11 625000
a contact +40800 +58800 2 12 625000
a contact +56400 +58800 2 13 625000
a contact +37800 +58800 2 14 625000
a contact +37800 +58800 2 15 625000
a contact +37800 +58800 2 16 625000
a contact +37800 +58800 2 17 625000
a contact +37800 +58800 2 18 625000
a contact +37800 +58800 3 2 625000
a contact +37800 +58800 4 2 625000
a contact +37800 +58800 5 2 625000
a contact +37800 +58800 6 2 625000
a contact +46800 +58800 7 2 625000
a contact +41400 +58800 8 2 625000
a contact +57000 +58800 9 2 625000
a contact +52200 +58800 10 2 625000
a contact +46200 +58800 11 2 625000
a contact +40800 +58800 12 2 625000
a contact +56400 +58800 13 2 625000
a contact +37800 +58800 14 2 625000
a contact +37800 +58800 15 2 625000
a contact +37800 +58800 16 2 625000
a contact +37800 +58800 17 2 625000
a contact +37800 +58800 18 2 625000
a contact +53400 +59400 3 13 625000
a contact +53400 +59400 5 11 625000
a contact +53400 +59400 7 17 625000
a contact +53400 +59400 9 15 625000
a contact +53400 +59400 11 5 625000
a contact +53400 +59400 13 3 625000
a contact +53400 +59400 15 9 625000
a contact +53400 +59400 17 7 625000
a contact +52800 +60000 3 17 625000
a contact +52800 +60000 5 15 625000
a contact +52800 +60000 15 5 625000
a contact +52800 +60000 17 3 625000
a contact +49800 +60600 1 8 625000
a contact +51600 +60600 4 16 625000
a contact +51600 +60600 6 18 625000
a contact +49800 +60600 8 1 625000
a contact +52200 +60600 8 19 625000
a contact +41400 +60600 8 21 625000
a contact +51600 +60600 16 4 625000
a contact +51600 +60600 18 6 625000
a contact +52200 +60600 19 8 625000
a contact +41400 +60600 21 8 625000
a contact +49800 +61200 1 12 625000
a contact +49800 +61200 12 1 625000
a contact +52200 +61200 12 19 625000
a contact +40800 +61200 12 21 625000
a contact +52200 +61200 19 12 625000
a contact +40800 +61200 21 12 625000
a contact +55200 +63000 1 21 625000
a contact +54600 +63000 3 16 625000
a contact +54600 +63000 4 15 625000
a contact +54600 +63000 5 18 625000
a contact +54600 +63000 6 17 625000
a contact +54600 +63000 15 4 625000
a contact +54600 +63000 16 3 625000
a contact +54600 +63000 17 6 625000
a contact +54600 +63000 18 5 625000
a contact +55200 +63000 21 1 625000
a contact +56400 +64200 2 20 625000
a contact +58200 +64200 4 14 625000
a contact +58200 +64200 6 12 625000
a contact +58200 +64200 8 18 625000
a contact +58200 +64200 10 16 625000
a contact +58200 +64200 12 6 625000
a contact +58200 +64200 14 4 625000
a contact +58200 +64200 16 10 625000
a contact +58200 +64200 18 8 625000
a contact +56400 +64200 20 2 625000
a contact +57600 +64800 4 18 625000
a contact +57600 +64800 6 16 625000
a contact +57600 +64800 16 6 625000
a contact +57600 +64800 18 4 625000
a contact +49800 +65400 1 7 625000
a contact +61800 +65400 2 7 625000
a contact +49800 +65400 7 1 625000
a contact +61800 +65400 7 2 625000
a contact +52200 +65400 7 19 625000
a contact +46800 +65400 7 21 625000
a contact +52200 +65400 19 7 625000
a contact +46800 +65400 21 7 625000
a contact +57000 +66000 3 15 625000
a contact +57000 +66000 5 17 625000
a contact +57000 +66000 15 3 625000
a contact +57000 +66000 17 5 625000
a contact +49800 +66600 1 11 625000
a contact +61800 +66600 2 11 625000
a contact +49800 +66600 11 1 625000
a contact +61800 +66600 11 2 625000
a contact +52200 +66600 11 19 625000
a contact +46200 +66600 11 21 625000
a contact +52200 +66600 19 11 625000
a contact +46200 +66600 21 11 625000
a contact +60000 +67800 1 19 625000
a contact +60000 +67800 3 18 625000
a contact +60000 +67800 4 17 625000
a contact +60000 +67800 5 16 625000
a contact +60000 +67800 6 15 625000
a contact +60000 +67800 15 6 625000
a contact +60000 +67800 16 5 625000
a contact +60000 +67800 17 4 625000
a contact +60000 +67800 18 3 625000
a contact +60000 +67800 19 1 625000
a contact +63600 +69600 3 13 625000
a contact +63600 +69600 5 11 625000
a contact +63600 +69600 7 17 625000
a contact +63600 +69600 9 15 625000
a contact +63600 +69600 11 5 625000
a contact +63600 +69600 13 3 625000
a contact +63600 +69600 15 9 625000
a contact +63600 +69600 17 7 625000
a contact +63000 +70200 3 17 625000
a contact +63000 +70200 5 15 625000
a contact +63000 +70200 15 5 625000
a contact +63000 +70200 17 3 625000
a contact +49800 +70800 1 3 625000
a contact +49800 +70800 1 4 625000
a contact +49800 +70800 1 5 625000
a contact +49800 +70800 1 6 625000
a contact +67800 +70800 1 7 625000
a contact +62400 +70800 1 8 625000
a contact +57000 +70800 1 9 625000
a contact +52200 +70800 1 10 625000
a contact +67200 +70800 1 11 625000
a contact +61800 +70800 1 12 625000
a contact +56400 +70800 1 13 625000
a contact +49800 +70800 1 14 625000
a contact +49800 +70800 1 15 625000
a contact +49800 +70800 1 16 625000
a contact +49800 +70800 1 17 625000
a contact +49800 +70800 1 18 625000
a contact +61800 +70800 2 10 625000
a contact +49800 +70800 3 1 625000
a contact +49800 +70800 4 1 625000
a contact +62400 +70800 4 16 625000
a contact +49800 +70800 5 1 625000
a contact +49800 +70800 6 1 625000
a contact +62400 +70800 6 18 625000
a contact +67800 +70800 7 1 625000
a contact +62400 +70800 8 1 625000
a contact +57000 +70800 9 1 625000
a contact +52200 +70800 10 1 625000
a contact +61800 +70800 10 2 625000
a contact +52200 +70800 10 19 625000
a contact +52200 +70800 10 21 625000
a contact +67200 +70800 11 1 625000
a contact +61800 +70800 12 1 625000
a contact +56400 +70800 13 1 625000
a contact +49800 +70800 14 1 625000
a contact +49800 +70800 15 1 625000
a contact +49800 +70800 16 1 625000
a contact +62400 +70800 16 4 625000
a contact +49800 +70800 17 1 625000
a contact +49800 +70800 18 1 625000
a contact +62400 +70800 18 6 625000
a contact +52200 +70800 19 10 625000
a contact +52200 +70800 21 10 625000
a contact +61800 +71400 2 14 625000
a contact +61800 +71400 14 2 625000
a contact +52200 +71400 14 19 625000
a contact +30600 +71400 14 21 625000
a contact +52200 +71400 19 14 625000
a contact +30600 +71400 21 14 625000
a contact +64200 +72000 2 21 625000
a contact +64200 +72000 21 2 625000
a contact +65400 +73200 1 20 625000
a contact +65400 +73200 3 16 625000
a contact +65400 +73200 4 15 625000
a contact +65400 +73200 5 18 625000
a contact +65400 +73200 6 17 625000
a contact +65400 +73200 15 4 625000
a contact +65400 +73200 16 3 625000
a contact +65400 +73200 17 6 625000
a contact +65400 +73200 18 5 625000
a contact +65400 +73200 20 1 625000
a contact +69000 +75000 4 14 625000
a contact +69000 +75000 6 12 625000
a contact +69000 +75000 8 18 625000
a contact +69000 +75000 10 16 625000
a contact +69000 +75000 12 6 625000
a contact +69000 +75000 14 4 625000
a contact +69000 +75000 16 10 625000
a contact +69000 +75000 18 8 625000
a contact +68400 +75600 4 18 625000
a contact +68400 +75600 6 16 625000
a contact +68400 +75600 16 6 625000
a contact +68400 +75600 18 4 625000
a contact +73200 +76200 1 9 625000
a contact +61800 +76200 2 9 625000
a contact +67200 +76200 3 15 625000
a contact +67200 +76200 5 17 625000
a contact +73200 +76200 9 1 625000
a contact +61800 +76200 9 2 625000
a contact +57000 +76200 9 19 625000
a contact +57000 +76200 9 21 625000
a contact +67200 +76200 15 3 625000
a contact +67200 +76200 17 5 625000
a contact +57000 +76200 19 9 625000
a contact +57000 +76200 21 9 625000
a contact +73200 +76800 1 13 625000
a contact +61800 +76800 2 13 625000
a contact +69000 +76800 2 19 625000
a contact +73200 +76800 13 1 625000
a contact +61800 +76800 13 2 625000
a contact +56400 +76800 13 19 625000
a contact +56400 +76800 13 21 625000
a contact +69000 +76800 19 2 625000
a contact +56400 +76800 19 13 625000
a contact +56400 +76800 21 13 625000
a contact +70200 +78600 3 18 625000
a contact +30000 +78600 3 21 625000
a contact +70800 +78600 4 17 625000
a contact +30000 +78600 4 21 625000
a contact +70200 +78600 5 16 625000
a contact +30000 +78600 5 21 625000
a contact +70800 +78600 6 15 625000
a contact +30000 +78600 6 21 625000
a contact +67800 +78600 7 21 625000
a contact +62400 +78600 8 21 625000
a contact +78000 +78600 9 21 625000
a contact +72600 +78600 10 21 625000
a contact +67200 +78600 11 21 625000
a contact +61800 +78600 12 21 625000
a contact +77400 +78600 13 21 625000
a contact +72000 +78600 14 21 625000
a contact +70800 +78600 15 6 625000
a contact +30000 +78600 15 21 625000
a contact +70200 +78600 16 5 625000
a contact +30000 +78600 16 21 625000
a contact +70800 +78600 17 4 625000
a contact +30000 +78600 17 21 625000
a contact +70200 +78600 18 3 625000
a contact +30000 +78600 18 21 625000
a contact +30000 +78600 21 3 625000
a contact +30000 +78600 21 4 625000
a contact +30000 +78600 21 5 625000
a contact +30000 +78600 21 6 625000
a contact +67800 +78600 21 7 625000
a contact +62400 +78600 21 8 625000
a contact +78000 +78600 21 9 625000
a contact +72600 +78600 21 10 625000
a contact +67200 +78600 21 11 625000
a contact +61800 +78600 21 12 625000
a contact +77400 +78600 21 13 625000
a contact +72000 +78600 21 14 625000
a contact +30000 +78600 21 15 625000
a contact +30000 +78600 21 16 625000
a contact +30000 +78600 21 17 625000
a contact +30000 +78600 21 18 625000
a contact +73800 +79800 3 13 625000
a contact +73800 +79800 5 11 625000
a contact +73800 +79800 7 17 625000
a contact +73800 +79800 9 15 625000
a contact +73800 +79800 11 5 625000
a contact +73800 +79800 13 3 625000
a contact +73800 +79800 15 9 625000
a contact +73800 +79800 17 7 625000
a contact +73200 +80400 3 17 625000
a contact +73200 +80400 5 15 625000
a contact +73200 +80400 15 5 625000
a contact +73200 +80400 17 3 625000
a contact +73200 +81000 1 21 625000
a contact +73200 +81000 21 1 625000
a contact +73200 +81600 1 8 625000
a contact +62400 +81600 2 8 625000
a contact +72600 +81600 4 16 625000
a contact +72600 +81600 6 18 625000
a contact +73200 +81600 8 1 625000
a contact +62400 +81600 8 2 625000
a contact +62400 +81600 8 19 625000
a contact +78600 +81600 8 20 625000
a contact +72600 +81600 16 4 625000
a contact +72600 +81600 18 6 625000
a contact +62400 +81600 19 8 625000
a contact +78600 +81600 20 8 625000
a contact +73200 +82200 1 12 625000
a contact +61800 +82200 2 3 625000
a contact +61800 +82200 2 4 625000
a contact +61800 +82200 2 5 625000
a contact +61800 +82200 2 6 625000
a contact +67800 +82200 2 7 625000
a contact +78000 +82200 2 9 625000
a contact +72600 +82200 2 10 625000
a contact +67200 +82200 2 11 625000
a contact +61800 +82200 2 12 625000
a contact +77400 +82200 2 13 625000
a contact +72000 +82200 2 14 625000
a contact +61800 +82200 2 15 625000
a contact +61800 +82200 2 16 625000
a contact +61800 +82200 2 17 625000
a contact +61800 +82200 2 18 625000
a contact +61800 +82200 3 2 625000
a contact +61800 +82200 4 2 625000
a contact +61800 +82200 5 2 625000
a contact +61800 +82200 6 2 625000
a contact +67800 +82200 7 2 625000
a contact +78000 +82200 9 2 625000
a contact +72600 +82200 10 2 625000
a contact +67200 +82200 11 2 625000
a contact +73200 +82200 12 1 625000
a contact +61800 +82200 12 2 625000
a contact +61800 +82200 12 19 625000
a contact +78600 +82200 12 20 625000
a contact +77400 +82200 13 2 625000
a contact +72000 +82200 14 2 625000
a contact +61800 +82200 15 2 625000
a contact +61800 +82200 16 2 625000
a contact +61800 +82200 17 2 625000
a contact +61800 +82200 18 2 625000
a contact +61800 +82200 19 12 625000
a contact +78600 +82200 20 12 625000
a contact +75000 +82800 2 20 625000
a contact +75000 +82800 20 2 625000
a contact +75600 +83400 3 16 625000
a contact +75600 +83400 4 15 625000
a contact +75600 +83400 5 18 625000
a contact +75600 +83400 6 17 625000
a contact +75600 +83400 15 4 625000
a contact +75600 +83400 16 3 625000
a contact +75600 +83400 17 6 625000
a contact +75600 +83400 18 5 625000
a contact +79200 +85200 4 14 625000
a contact +79200 +85200 6 12 625000
a contact +79200 +85200 8 18 625000
a contact +79200 +85200 10 16 625000
a contact +79200 +85200 12 6 625000
a contact +79200 +85200 14 4 625000
a contact +79200 +85200 16 10 625000
a contact +79200 +85200 18 8 625000
a contact +78000 +85800 1 19 625000
a contact +78600 +85800 4 18 625000
a contact +78600 +85800 6 16 625000
a contact +78600 +85800 16 6 625000
a contact +78600 +85800 18 4 625000
a contact +78000 +85800 19 1 625000
a contact +73200 +86400 1 3 625000
a contact +73200 +86400 1 4 625000
a contact +73200 +86400 1 5 625000
a contact +73200 +86400 1 6 625000
a contact +73200 +86400 1 7 625000
a contact +83400 +86400 1 8 625000
a contact +78000 +86400 1 9 625000
a contact +73200 +86400 1 10 625000
a contact +73200 +86400 1 11 625000
a contact +82800 +86400 1 12 625000
a contact +77400 +86400 1 13 625000
a contact +73200 +86400 1 14 625000
a contact +73200 +86400 1 15 625000
a contact +73200 +86400 1 16 625000
a contact +73200 +86400 1 17 625000
a contact +73200 +86400 1 18 625000
a contact +84000 +86400 1 20 625000
a contact +85200 +86400 2 3 625000
a contact +85200 +86400 2 4 625000
a contact +85200 +86400 2 5 625000
a contact +85200 +86400 2 6 625000
a contact +85200 +86400 2 7 625000
a contact +85200 +86400 2 8 625000
a contact +85200 +86400 2 9 625000
a contact +85200 +86400 2 10 625000
a contact +85200 +86400 2 11 625000
a contact +85200 +86400 2 12 625000
a contact +85200 +86400 2 13 625000
a contact +85200 +86400 2 14 625000
a contact +85200 +86400 2 15 625000
a contact +85200 +86400 2 16 625000
a contact +85200 +86400 2 17 625000
a contact +85200 +86400 2 18 625000
a contact +82800 +86400 2 21 625000
a contact +73200 +86400 3 1 625000
a contact +85200 +86400 3 2 625000
a contact +0 +86400 3 4 625000
a contact +0 +86400 3 6 625000
a contact +0 +86400 3 7 625000
a contact +0 +86400 3 8 625000
a contact +0 +86400 3 10 625000
a contact +0 +86400 3 11 625000
a contact +0 +86400 3 12 625000
a contact +84600 +86400 3 13 625000
a contact +0 +86400 3 14 625000
a contact +78000 +86400 3 15 625000
a contact +84000 +86400 3 17 625000
a contact +81000 +86400 3 18 625000
a contact +52200 +86400 3 19 625000
a contact +78600 +86400 3 20 625000
a contact +73200 +86400 4 1 625000
a contact +85200 +86400 4 2 625000
a contact +0 +86400 4 3 625000
a contact +0 +86400 4 5 625000
a contact +0 +86400 4 7 625000
a contact +0 +86400 4 8 625000
a contact +0 +86400 4 9 625000
a contact +0 +86400 4 11 625000
a contact +0 +86400 4 12 625000
a contact +0 +86400 4 13 625000
a contact +85800 +86400 4 15 625000
a contact +82800 +86400 4 16 625000
a contact +81000 +86400 4 17 625000
a contact +52200 +86400 4 19 625000
a contact +78600 +86400 4 20 625000
a contact +73200 +86400 5 1 625000
a contact +85200 +86400 5 2 625000
a contact +0 +86400 5 4 625000
a contact +0 +86400 5 6 625000
a contact +0 +86400 5 8 625000
a contact +0 +86400 5 9 625000
a contact +0 +86400 5 10 625000
a contact +84600 +86400 5 11 625000
a contact +0 +86400 5 12 625000
a contact +0 +86400 5 13 625000
a contact +0 +86400 5 14 625000
a contact +84000 +86400 5 15 625000
a contact +81000 +86400 5 16 625000
a contact +78000 +86400 5 17 625000
a contact +52200 +86400 5 19 625000
a contact +78600 +86400 5 20 625000
a contact +73200 +86400 6 1 625000
a contact +85200 +86400 6 2 625000
a contact +0 +86400 6 3 625000
a contact +0 +86400 6 5 625000
a contact +0 +86400 6 7 625000
a contact +0 +86400 6 9 625000
a contact +0 +86400 6 10 625000
a contact +0 +86400 6 11 625000
a contact +0 +86400 6 13 625000
a contact +0 +86400 6 14 625000
a contact +81000 +86400 6 15 625000
a contact +85800 +86400 6 17 625000
a contact +82800 +86400 6 18 625000
a contact +52200 +86400 6 19 625000
a contact +78600 +86400 6 20 625000
a contact +73200 +86400 7 1 625000
a contact +85200 +86400 7 2 625000
a contact +0 +86400 7 3 625000
a contact +0 +86400 7 4 625000
a contact +0 +86400 7 6 625000
a contact +0 +86400 7 8 625000
a contact +0 +86400 7 10 625000
a contact +0 +86400 7 11 625000
a contact +0 +86400 7 12 625000
a contact +0 +86400 7 14 625000
a contact +0 +86400 7 15 625000
a contact +0 +86400 7 16 625000
a contact +84600 +86400 7 17 625000
a contact +0 +86400 7 18 625000
a contact +67800 +86400 7 19 625000
a contact +78600 +86400 7 20 625000
a contact +83400 +86400 8 1 625000
a contact +85200 +86400 8 2 625000
a contact +0 +86400 8 3 625000
a contact +0 +86400 8 4 625000
a contact +0 +86400 8 5 625000
a contact +0 +86400 8 7 625000
a contact +0 +86400 8 9 625000
a contact +0 +86400 8 11 625000
a contact +0 +86400 8 12 625000
a contact +0 +86400 8 13 625000
a contact +0 +86400 8 15 625000
a contact +0 +86400 8 16 625000
a contact +0 +86400 8 17 625000
a contact +83400 +86400 8 19 625000
a contact +83400 +86400 8 20 625000
a contact +78000 +86400 9 1 625000
a contact +85200 +86400 9 2 625000
a contact +0 +86400 9 4 625000
a contact +0 +86400 9 5 625000
a contact +0 +86400 9 6 625000
a contact +0 +86400 9 8 625000
a contact +0 +86400 9 10 625000
a contact +0 +86400 9 12 625000
a contact +0 +86400 9 13 625000
a contact +0 +86400 9 14 625000
a contact +84600 +86400 9 15 625000
a contact +0 +86400 9 16 625000
a contact +0 +86400 9 17 625000
a contact +0 +86400 9 18 625000
a contact +78000 +86400 9 19 625000
a contact +78600 +86400 9 20 625000
a contact +73200 +86400 10 1 625000
a contact +85200 +86400 10 2 625000
a contact +0 +86400 10 3 625000
a contact +0 +86400 10 5 625000
a contact +0 +86400 10 6 625000
a contact +0 +86400 10 7 625000
a contact +0 +86400 10 9 625000
a contact +0 +86400 10 11 625000
a contact +0 +86400 10 13 625000
a contact +0 +86400 10 14 625000
a contact +0 +86400 10 15 625000
a contact +0 +86400 10 17 625000
a contact +0 +86400 10 18 625000
a contact +72600 +86400 10 19 625000
a contact +78600 +86400 10 20 625000
a contact +73200 +86400 11 1 625000
a contact +85200 +86400 11 2 625000
a contact +0 +86400 11 3 625000
a contact +0 +86400 11 4 625000
a contact +84600 +86400 11 5 625000
a contact +0 +86400 11 6 625000
a contact +0 +86400 11 7 625000
a contact +0 +86400 11 8 625000
a contact +0 +86400 11 10 625000
a contact +0 +86400 11 12 625000
a contact +0 +86400 11 14 625000
a contact +0 +86400 11 15 625000
a contact +0 +86400 11 16 625000
a contact +0 +86400 11 18 625000
a contact +67200 +86400 11 19 625000
a contact +78600 +86400 11 20 625000
a contact +82800 +86400 12 1 625000
a contact +85200 +86400 12 2 625000
a contact +0 +86400 12 3 625000
a contact +0 +86400 12 4 625000
a contact +0 +86400 12 5 625000
a contact +0 +86400 12 7 625000
a contact +0 +86400 12 8 625000
a contact +0 +86400 12 9 625000
a contact +0 +86400 12 11 625000
a contact +0 +86400 12 13 625000
a contact +0 +86400 12 15 625000
a contact +0 +86400 12 16 625000
a contact +0 +86400 12 17 625000
a contact +82800 +86400 12 19 625000
a contact +82800 +86400 12 20 625000
a contact +77400 +86400 13 1 625000
a contact +85200 +86400 13 2 625000
a contact +84600 +86400 13 3 625000
a contact +0 +86400 13 4 625000
a contact +0 +86400 13 5 625000
a contact +0 +86400 13 6 625000
a contact +0 +86400 13 8 625000
a contact +0 +86400 13 9 625000
a contact +0 +86400 13 10 625000
a contact +0 +86400 13 12 625000
a contact +0 +86400 13 14 625000
a contact +0 +86400 13 16 625000
a contact +0 +86400 13 17 625000
a contact +0 +86400 13 18 625000
a contact +77400 +86400 13 19 625000
a contact +78600 +86400 13 20 625000
a contact +73200 +86400 14 1 625000
a contact +85200 +86400 14 2 625000
a contact +0 +86400 14 3 625000
a contact +0 +86400 14 5 625000
a contact +0 +86400 14 6 625000
a contact +0 +86400 14 7 625000
a contact +0 +86400 14 9 625000
a contact +0 +86400 14 10 625000
a contact +0 +86400 14 11 625000
a contact +0 +86400 14 13 625000
a contact +0 +86400 14 15 625000
a contact +0 +86400 14 17 625000
a contact +0 +86400 14 18 625000
a contact +72000 +86400 14 19 625000
a contact +78600 +86400 14 20 625000
a contact +73200 +86400 15 1 625000
a contact +85200 +86400 15 2 625000
a contact +78000 +86400 15 3 625000
a contact +85800 +86400 15 4 625000
a contact +84000 +86400 15 5 625000
a contact +81000 +86400 15 6 625000
a contact +0 +86400 15 7 625000
a contact +0 +86400 15 8 625000
a contact +84600 +86400 15 9 625000
a contact +0 +86400 15 10 625000
a contact +0 +86400 15 11 625000
a contact +0 +86400 15 12 625000
a contact +0 +86400 15 14 625000
a contact +0 +86400 15 16 625000
a contact +0 +86400 15 18 625000
a contact +52200 +86400 15 19 625000
a contact +78600 +86400 15 20 625000
a contact +73200 +86400 16 1 625000
a contact +85200 +86400 16 2 625000
a contact +82800 +86400 16 4 625000
a contact +81000 +86400 16 5 625000
a contact +0 +86400 16 7 625000
a contact +0 +86400 16 8 625000
a contact +0 +86400 16 9 625000
a contact +0 +86400 16 11 625000
a contact +0 +86400 16 12 625000
a contact +0 +86400 16 13 625000
a contact +0 +86400 16 15 625000
a contact +0 +86400 16 17 625000
a contact +52200 +86400 16 19 625000
a contact +78600 +86400 16 20 625000
a contact +73200 +86400 17 1 625000
a contact +85200 +86400 17 2 625000
a contact +84000 +86400 17 3 625000
a contact +81000 +86400 17 4 625000
a contact +78000 +86400 17 5 625000
a contact +85800 +86400 17 6 625000
a contact +84600 +86400 17 7 625000
a contact +0 +86400 17 8 625000
a contact +0 +86400 17 9 625000
a contact +0 +86400 17 10 625000
a contact +0 +86400 17 12 625000
a contact +0 +86400 17 13 625000
a contact +0 +86400 17 14 625000
a contact +0 +86400 17 16 625000
a contact +0 +86400 17 18 625000
a contact +52200 +86400 17 19 625000
a contact +78600 +86400 17 20 625000
a contact +73200 +86400 18 1 625000
a contact +85200 +86400 18 2 625000
a contact +81000 +86400 18 3 625000
a contact +82800 +86400 18 6 625000
a contact +0 +86400 18 7 625000
a contact +0 +86400 18 9 625000
a contact +0 +86400 18 10 625000
a contact +0 +86400 18 11 625000
a contact +0 +86400 18 13 625000
a contact +0 +86400 18 14 625000
a contact +0 +86400 18 15 625000
a contact +0 +86400 18 17 625000
a contact +52200 +86400 18 19 625000
a contact +78600 +86400 18 20 625000
a contact +52200 +86400 19 3 625000
a contact +52200 +86400 19 4 625000
a contact +52200 +86400 19 5 625000
a contact +52200 +86400 19 6 625000
a contact +67800 +86400 19 7 625000
a contact +83400 +86400 19 8 625000
a contact +78000 +86400 19 9 625000
a contact +72600 +86400 19 10 625000
a contact +67200 +86400 19 11 625000
a contact +82800 +86400 19 12 625000
a contact +77400 +86400 19 13 625000
a contact +72000 +86400 19 14 625000
a contact +52200 +86400 19 15 625000
a contact +52200 +86400 19 16 625000
a contact +52200 +86400 19 17 625000
a contact +52200 +86400 19 18 625000
a contact +84000 +86400 20 1 625000
a contact +78600 +86400 20 3 625000
a contact +78600 +86400 20 4 625000
a contact +78600 +86400 20 5 625000
a contact +78600 +86400 20 6 625000
a contact +78600 +86400 20 7 625000
a contact +83400 +86400 20 8 625000
a contact +78600 +86400 20 9 625000
a contact +78600 +86400 20 10 625000
a contact +78600 +86400 20 11 625000
a contact +82800 +86400 20 12 625000
a contact +78600 +86400 20 13 625000
a contact +78600 +86400 20 14 625000
a contact +78600 +86400 20 15 625000
a contact +78600 +86400 20 16 625000
a contact +78600 +86400 20 17 625000
a contact +78600 +86400 20 18 625000
a contact +82800 +86400 21 2 625000

a range +0 +600 4 15 0.0490
a range +0 +600 6 17 0.0490
a range +0 +600 15 4 0.0490
a range +0 +600 17 6 0.0490
a range +0 +1800 4 14 0.0473
a range +0 +1800 6 12 0.0473
a range +0 +1800 8 18 0.0475
a range +0 +1800 10 16 0.0475
a range +0 +1800 12 6 0.0473
a range +0 +1800 14 4 0.0473
a range +0 +1800 16 10 0.0475
a range +0 +1800 18 8 0.0475
a range +0 +2400 4 18 0.0478
a range +0 +2400 6 16 0.0478
a range +0 +2400 16 6 0.0478
a range +0 +2400 18 4 0.0478
a range +2400 +3000 1 7 1101.9294
a range +0 +3000 2 7 1101.8273
a range +0 +3000 2 19 0.0605
a range +2400 +3000 7 1 1101.9294
a range +0 +3000 7 2 1101.8273
a range +0 +3000 7 19 1101.8672
a range +0 +3000 7 20 1101.8704
a range +0 +3000 19 2 0.0605
a range +0 +3000 19 7 1101.8672
a range +0 +3000 20 7 1101.8704
a range +0 +3600 3 15 0.0478
a range +0 +3600 5 17 0.0478
a range +0 +3600 15 3 0.0478
a range +0 +3600 17 5 0.0478
a range +0 +5400 3 18 0.0476
a range +0 +5400 4 17 0.0478
a range +0 +5400 5 16 0.0476
a range +0 +5400 6 15 0.0478
a range +0 +5400 15 6 0.0478
a range +0 +5400 16 5 0.0476
a range +0 +5400 17 4 0.0478
a range +0 +5400 18 3 0.0476
a range +0 +7200 1 21 0.0593
a range +1200 +7200 3 13 0.0480
a range +1200 +7200 5 11 0.0480
a range +1200 +7200 7 17 0.0482
a range +1200 +7200 9 15 0.0482
a range +1200 +7200 11 5 0.0480
a range +1200 +7200 13 3 0.0480
a range +1200 +7200 15 9 0.0482
a range +1200 +7200 17 7 0.0482
a range +0 +7200 21 1 0.0593
a range +600 +7800 3 17 0.0488
a range +600 +7800 5 15 0.0488
a range +600 +7800 15 5 0.0488
a range +600 +7800 17 3 0.0488
a range +2400 +8400 1 10 1102.0642
a range +0 +8400 2 10 1102.1105
a range +0 +8400 4 16 0.0470
a range +0 +8400 6 18 0.0470
a range +2400 +8400 10 1 1102.0642
a range +0 +8400 10 2 1102.1105
a range +0 +8400 10 19 1102.0824
a range +0 +8400 10 20 1102.0744
a range +0 +8400 16 4 0.0470
a range +0 +8400 18 6 0.0470
a range +0 +8400 19 10 1102.0824
a range +0 +8400 20 10 1102.0744
a range +1200 +9000 2 20 0.0619
a range +1200 +9000 20 2 0.0619
a range +3000 +10800 3 16 0.0486
a range +3000 +10800 4 15 0.0484
a range +3000 +10800 5 18 0.0486
a range +3000 +10800 6 17 0.0484
a range +3000 +10800 15 4 0.0484
a range +3000 +10800 16 3 0.0486
a range +3000 +10800 17 6 0.0484
a range +3000 +10800 18 5 0.0486
a range +4200 +12000 1 19 0.0592
a range +0 +12000 2 3 1102.2519
a range +0 +12000 2 4 1102.2529
a range +0 +12000 2 5 1102.2689
a range +0 +12000 2 6 1102.2679
a range +5400 +12000 2 7 1102.2416
a range +0 +12000 2 8 1102.2447
a range +0 +12000 2 9 1102.2792
a range +10200 +12000 2 10 1102.2761
a range +0 +12000 2 11 1102.2422
a range +0 +12000 2 12 1102.2457
a range +0 +12000 2 13 1102.2786
a range +0 +12000 2 14 1102.2751
a range +0 +12000 2 15 1102.2537
a range +0 +12000 2 16 1102.2551
a range +0 +12000 2 17 1102.2670
a range +0 +12000 2 18 1102.2657
a range +0 +12000 3 2 1102.2519
a range +0 +12000 4 2 1102.2529
a range +0 +12000 5 2 1102.2689
a range +0 +12000 6 2 1102.2679
a range +5400 +12000 7 2 1102.2416
a range +0 +12000 8 2 1102.2447
a range +0 +12000 9 2 1102.2792
a range +10200 +12000 10 2 1102.2761
a range +0 +12000 11 2 1102.2422
a range +0 +12000 12 2 1102.2457
a range +0 +12000 13 2 1102.2786
a range +0 +12000 14 2 1102.2751
a range +0 +12000 15 2 1102.2537
a range +0 +12000 16 2 1102.2551
a range +0 +12000 17 2 1102.2670
a range +0 +12000 18 2 1102.2657
a range +4200 +12000 19 1 0.0592
a range +6600 +12600 4 14 0.0487
a range +6600 +12600 6 12 0.0487
a range +6600 +12600 8 18 0.0489
a range +6600 +12600 10 16 0.0489
a range +6600 +12600 12 6 0.0487
a range +6600 +12600 14 4 0.0487
a range +6600 +12600 16 10 0.0489
a range +6600 +12600 18 8 0.0489
a range +6000 +13200 4 18 0.0497
a range +6000 +13200 6 16 0.0497
a range +6000 +13200 16 6 0.0497
a range +6000 +13200 18 4 0.0497
a range +2400 +13800 1 9 1102.2393
a range +4800 +13800 3 15 0.0475
a range +4800 +13800 5 17 0.0475
a range +2400 +13800 9 1 1102.2393
a range +0 +13800 9 19 1102.2982
a range +0 +13800 9 20 1102.2804
a range +4800 +13800 15 3 0.0475
a range +4800 +13800 17 5 0.0475
a range +0 +13800 19 9 1102.2982
a range +0 +13800 20 9 1102.2804
a range +0 +15600 3 19 1102.3352
a range +7800 +15600 4 17 0.0468
a range +0 +15600 4 19 1102.3498
a range +0 +15600 5 19 1102.3564
a range +7800 +15600 6 15 0.0468
a range +0 +15600 6 19 1102.3418
a range +5400 +15600 7 19 1102.3231
a range +0 +15600 8 19 1102.3551
a range +10200 +15600 10 19 1102.3365
a range +0 +15600 11 19 1102.3244
a range +0 +15600 12 19 1102.3550
a range +0 +15600 13 19 1102.3672
a range +0 +15600 14 19 1102.3366
a range +7800 +15600 15 6 0.0468
a range +0 +15600 15 19 1102.3380
a range +0 +15600 16 19 1102.3492
a range +7800 +15600 17 4 0.0468
a range +0 +15600 17 19 1102.3536
a range +0 +15600 18 19 1102.3424
a range +0 +15600 19 3 1102.3352
a range +0 +15600 19 4 1102.3498
a range +0 +15600 19 5 1102.3564
a range +0 +15600 19 6 1102.3418
a range +5400 +15600 19 7 1102.3231
a range +0 +15600 19 8 1102.3551
a range +10200 +15600 19 10 1102.3365
a range +0 +15600 19 11 1102.3244
a range +0 +15600 19 12 1102.3550
a range +0 +15600 19 13 1102.3672
a range +0 +15600 19 14 1102.3366
a range +0 +15600 19 15 1102.3380
a range +0 +15600 19 16 1102.3492
a range +0 +15600 19 17 1102.3536
a range +0 +15600 19 18 1102.3424
a range +7800 +16200 3 18 0.0490
a range +7800 +16200 5 16 0.0490
a range +7800 +16200 16 5 0.0490
a range +7800 +16200 18 3 0.0490
a range +9000 +16800 2 21 0.0615
a range +9000 +16800 21 2 0.0615
a range +11400 +17400 3 13 0.0472
a range +11400 +17400 5 11 0.0472
a range +11400 +17400 7 17 0.0474
a range +11400 +17400 9 15 0.0474
a range +11400 +17400 11 5 0.0472
a range +11400 +17400 13 3 0.0472
a range +11400 +17400 15 9 0.0474
a range +11400 +17400 17 7 0.0474
a range +10200 +18000 1 20 0.0607
a range +10800 +18000 3 17 0.0477
a range +10800 +18000 5 15 0.0477
a range +10800 +18000 15 5 0.0477
a range +10800 +18000 17 3 0.0477
a range +10200 +18000 20 1 0.0607
a range +2400 +18600 1 8 1102.4800
a range +14400 +18600 2 8 1102.4820
a range +2400 +18600 8 1 1102.4800
a range +14400 +18600 8 2 1102.4820
a range +0 +18600 8 20 1102.4645
a range +0 +18600 20 8 1102.4645
a range +10200 +19200 4 16 0.0478
a range +10200 +19200 6 18 0.0478
a range +10200 +19200 16 4 0.0478
a range +10200 +19200 18 6 0.0478
a range +13200 +21000 3 16 0.0477
a range +13200 +21000 4 15 0.0475
a range +13200 +21000 5 18 0.0477
a range +13200 +21000 6 17 0.0475
a range +13200 +21000 15 4 0.0475
a range +13200 +21000 16 3 0.0477
a range +13200 +21000 17 6 0.0475
a range +13200 +21000 18 5 0.0477
a range +13800 +21600 2 19 0.0614
a range +13800 +21600 19 2 0.0614
a range +16800 +22800 4 14 0.0479
a range +16800 +22800 6 12 0.0479
a range +16800 +22800 8 18 0.0482
a range +16800 +22800 10 16 0.0482
a range +16800 +22800 12 6 0.0479
a range +16800 +22800 14 4 0.0479
a range +16800 +22800 16 10 0.0482
a range +16800 +22800 18 8 0.0482
a range +2400 +23400 1 3 1102.7095
a range +2400 +23400 1 4 1102.7038
a range +2400 +23400 1 5 1102.6889
a range +2400 +23400 1 6 1102.6945
a range +5400 +23400 1 7 1102.7218
a range +21000 +23400 1 8 1102.7087
a range +15600 +23400 1 9 1102.6766
a range +10200 +23400 1 10 1102.6897
a range +2400 +23400 1 11 1102.7209
a range +2400 +23400 1 12 1102.7079
a range +2400 +23400 1 13 1102.6775
a range +2400 +23400 1 14 1102.6905
a range +2400 +23400 1 15 1102.7071
a range +2400 +23400 1 16 1102.7024
a range +2400 +23400 1 17 1102.6912
a range +2400 +23400 1 18 1102.6960
a range +2400 +23400 3 1 1102.7095
a range +2400 +23400 4 1 1102.7038
a range +16200 +23400 4 18 0.0487
a range +2400 +23400 5 1 1102.6889
a range +2400 +23400 6 1 1102.6945
a range +16200 +23400 6 16 0.0487
a range +5400 +23400 7 1 1102.7218
a range +21000 +23400 8 1 1102.7087
a range +15600 +23400 9 1 1102.6766
a range +10200 +23400 10 1 1102.6897
a range +2400 +23400 11 1 1102.7209
a range +2400 +23400 12 1 1102.7079
a range +2400 +23400 13 1 1102.6775
a range +2400 +23400 14 1 1102.6905
a range +2400 +23400 15 1 1102.7071
a range +2400 +23400 16 1 1102.7024
a range +16200 +23400 16 6 0.0487
a range +2400 +23400 17 1 1102.6912
a range +2400 +23400 18 1 1102.6960
a range +16200 +23400 18 4 0.0487
a range +14400 +24000 2 7 1102.6313
a range +15600 +24000 3 15 0.0470
a range +15600 +24000 5 17 0.0470
a range +14400 +24000 7 2 1102.6313
a range +5400 +24000 7 20 1102.6751
a range +15600 +24000 15 3 0.0470
a range +15600 +24000 17 5 0.0470
a range +5400 +24000 20 7 1102.6751
a range +14400 +24600 2 11 1102.6533
a range +14400 +24600 11 2 1102.6533
a range +0 +24600 11 20 1102.6981
a range +0 +24600 20 11 1102.6981
a range +18000 +25800 1 21 0.0602
a range +18000 +25800 21 1 0.0602
a range +18600 +26400 3 18 0.0483
a range +18600 +26400 4 17 0.0485
a range +18600 +26400 5 16 0.0483
a range +18600 +26400 6 15 0.0485
a range +18600 +26400 15 6 0.0485
a range +18600 +26400 16 5 0.0483
a range +18600 +26400 17 4 0.0485
a range +18600 +26400 18 3 0.0483
a range +19200 +27000 2 20 0.0595
a range +19200 +27000 20 2 0.0595
a range +22200 +28200 3 13 0.0487
a range +22200 +28200 5 11 0.0487
a range +22200 +28200 7 17 0.0489
a range +22200 +28200 9 15 0.0489
a range +22200 +28200 11 5 0.0487
a range +22200 +28200 13 3 0.0487
a range +22200 +28200 15 9 0.0489
a range +22200 +28200 17 7 0.0489
a range +21600 +28800 3 17 0.0496
a range +21600 +28800 5 15 0.0496
a range +21600 +28800 15 5 0.0496
a range +21600 +28800 17 3 0.0496
a range +26400 +29400 1 10 1102.9146
a range +14400 +29400 2 10 1102.8825
a range +20400 +29400 4 16 0.0475
a range +20400 +29400 6 18 0.0475
a range +26400 +29400 10 1 1102.9146
a range +14400 +29400 10 2 1102.8825
a range +10200 +29400 10 20 1102.8878
a range +20400 +29400 16 4 0.0475
a range +20400 +29400 18 6 0.0475
a range +10200 +29400 20 10 1102.8878
a range +26400 +30000 1 14 1102.9276
a range +14400 +30000 2 14 1102.9141
a range +26400 +30000 14 1 1102.9276
a range +14400 +30000 14 2 1102.9141
a range +0 +30000 14 20 1102.9107
a range +0 +30000 20 14 1102.9107
a range +22800 +30600 1 19 0.0601
a range +22800 +30600 19 1 0.0601
a range +23400 +31800 3 16 0.0491
a range +23400 +31800 4 15 0.0489
a range +23400 +31800 5 18 0.0491
a range +23400 +31800 6 17 0.0489
a range +23400 +31800 15 4 0.0489
a range +23400 +31800 16 3 0.0491
a range +23400 +31800 17 6 0.0489
a range +23400 +31800 18 5 0.0491
a range +27000 +33000 4 14 0.0471
a range +27000 +33000 6 12 0.0471
a range +27000 +33000 8 18 0.0473
a range +27000 +33000 10 16 0.0473
a range +27000 +33000 12 6 0.0471
a range +27000 +33000 14 4 0.0471
a range +27000 +33000 16 10 0.0473
a range +27000 +33000 18 8 0.0473
a range +26400 +33600 4 18 0.0476
a range +26400 +33600 6 16 0.0476
a range +26400 +33600 16 6 0.0476
a range +26400 +33600 18 4 0.0476
a range +26400 +34200 1 9 1103.0331
a range +15600 +34200 2 9 1103.1331
a range +26400 +34200 9 1 1103.0331
a range +15600 +34200 9 2 1103.1331
a range +15600 +34200 9 20 1103.0774
a range +30000 +34200 9 21 1103.0811
a range +15600 +34200 20 9 1103.0774
a range +30000 +34200 21 9 1103.0811
a range +25800 +34800 3 15 0.0478
a range +25800 +34800 5 17 0.0478
a range +25800 +34800 15 3 0.0478
a range +25800 +34800 17 5 0.0478
a range +14400 +35400 2 3 1103.1521
a range +14400 +35400 2 4 1103.1639
a range +14400 +35400 2 5 1103.1746
a range +14400 +35400 2 6 1103.1627
a range +25800 +35400 2 7 1103.1389
a range +21000 +35400 2 8 1103.1653
a range +31200 +35400 2 10 1103.1614
a range +25200 +35400 2 11 1103.1401
a range +14400 +35400 2 12 1103.1656
a range +14400 +35400 2 13 1103.1866
a range +30600 +35400 2 14 1103.1611
a range +14400 +35400 2 15 1103.1548
a range +14400 +35400 2 16 1103.1642
a range +14400 +35400 2 17 1103.1719
a range +14400 +35400 2 18 1103.1625
a range +27000 +35400 2 21 0.0624
a range +14400 +35400 3 2 1103.1521
a range +14400 +35400 4 2 1103.1639
a range +14400 +35400 5 2 1103.1746
a range +14400 +35400 6 2 1103.1627
a range +25800 +35400 7 2 1103.1389
a range +21000 +35400 8 2 1103.1653
a range +31200 +35400 10 2 1103.1614
a range +25200 +35400 11 2 1103.1401
a range +14400 +35400 12 2 1103.1656
a range +14400 +35400 13 2 1103.1866
a range +30600 +35400 14 2 1103.1611
a range +14400 +35400 15 2 1103.1548
a range +14400 +35400 16 2 1103.1642
a range +14400 +35400 17 2 1103.1719
a range +14400 +35400 18 2 1103.1625
a range +27000 +35400 21 2 0.0624
a range +28800 +36600 1 20 0.0615
a range +28800 +36600 3 18 0.0474
a range +28800 +36600 4 17 0.0476
a range +28800 +36600 5 16 0.0474
a range +28800 +36600 6 15 0.0476
a range +28800 +36600 15 6 0.0476
a range +28800 +36600 16 5 0.0474
a range +28800 +36600 17 4 0.0476
a range +28800 +36600 18 3 0.0474
a range +28800 +36600 20 1 0.0615
a range +32400 +38400 3 13 0.0479
a range +32400 +38400 5 11 0.0479
a range +32400 +38400 7 17 0.0481
a range +32400 +38400 9 15 0.0481
a range +32400 +38400 11 5 0.0479
a range +32400 +38400 13 3 0.0479
a range +32400 +38400 15 9 0.0481
a range +32400 +38400 17 7 0.0481
a range +31800 +39000 3 17 0.0486
a range +31800 +39000 5 15 0.0486
a range +31800 +39000 15 5 0.0486
a range +31800 +39000 17 3 0.0486
a range +26400 +39600 1 8 1103.2540
a range +37800 +39600 2 8 1103.3295
a range +31200 +39600 4 16 0.0469
a range +31200 +39600 6 18 0.0469
a range +26400 +39600 8 1 1103.2540
a range +37800 +39600 8 2 1103.3295
a range +21000 +39600 8 20 1103.2925
a range +30000 +39600 8 21 1103.2832
a range +31200 +39600 16 4 0.0469
a range +31200 +39600 18 6 0.0469
a range +21000 +39600 20 8 1103.2925
a range +30000 +39600 21 8 1103.2832
a range +26400 +40200 1 12 1103.2844
a range +37800 +40200 2 12 1103.3445
a range +31800 +40200 2 19 0.0623
a range +26400 +40200 12 1 1103.2844
a range +37800 +40200 12 2 1103.3445
a range +0 +40200 12 20 1103.3159
a range +30000 +40200 12 21 1103.3052
a range +31800 +40200 19 2 0.0623
a range +0 +40200 20 12 1103.3159
a range +30000 +40200 21 12 1103.3052
a range +34200 +42000 3 16 0.0484
a range +34200 +42000 4 15 0.0482
a range +34200 +42000 5 18 0.0484
a range +34200 +42000 6 17 0.0482
a range +34200 +42000 15 4 0.0482
a range +34200 +42000 16 3 0.0484
a range +34200 +42000 17 6 0.0482
a range +34200 +42000 18 5 0.0484
a range +0 +42600 3 20 1103.3947
a range +0 +42600 4 20 1103.3968
a range +0 +42600 5 20 1103.3811
a range +0 +42600 6 20 1103.3790
a range +25800 +42600 7 20 1103.4033
a range +41400 +42600 8 20 1103.4069
a range +36600 +42600 9 20 1103.3725
a range +31200 +42600 10 20 1103.3689
a range +25200 +42600 11 20 1103.4029
a range +40800 +42600 12 20 1103.4058
a range +0 +42600 13 20 1103.3729
a range +30600 +42600 14 20 1103.3700
a range +0 +42600 15 20 1103.3935
a range +0 +42600 16 20 1103.3945
a range +0 +42600 17 20 1103.3823
a range +0 +42600 18 20 1103.3813
a range +0 +42600 20 3 1103.3947
a range +0 +42600 20 4 1103.3968
a range +0 +42600 20 5 1103.3811
a range +0 +42600 20 6 1103.3790
a range +25800 +42600 20 7 1103.4033
a range +41400 +42600 20 8 1103.4069
a range +36600 +42600 20 9 1103.3725
a range +31200 +42600 20 10 1103.3689
a range +25200 +42600 20 11 1103.4029
a range +40800 +42600 20 12 1103.4058
a range +0 +42600 20 13 1103.3729
a range +30600 +42600 20 14 1103.3700
a range +0 +42600 20 15 1103.3935
a range +0 +42600 20 16 1103.3945
a range +0 +42600 20 17 1103.3823
a range +0 +42600 20 18 1103.3813
a range +37800 +43800 4 14 0.0486
a range +37800 +43800 6 12 0.0486
a range +37800 +43800 8 18 0.0488
a range +37800 +43800 10 16 0.0488
a range +37800 +43800 12 6 0.0486
a range +37800 +43800 14 4 0.0486
a range +37800 +43800 16 10 0.0488
a range +37800 +43800 18 8 0.0488
a range +36600 +44400 1 21 0.0611
a range +37200 +44400 4 18 0.0495
a range +37200 +44400 6 16 0.0495
a range +37200 +44400 16 6 0.0495
a range +37200 +44400 18 4 0.0495
a range +36600 +44400 21 1 0.0611
a range +26400 +45000 1 7 1103.5406
a range +37800 +45000 2 7 1103.4600
a range +36000 +45000 3 15 0.0474
a range +36000 +45000 5 17 0.0474
a range +26400 +45000 7 1 1103.5406
a range +37800 +45000 7 2 1103.4600
a range +30000 +45000 7 21 1103.4865
a range +36000 +45000 15 3 0.0474
a range +36000 +45000 17 5 0.0474
a range +30000 +45000 21 7 1103.4865
a range +26400 +45600 1 11 1103.5694
a range +37800 +45600 2 11 1103.4760
a range +37800 +45600 2 20 0.0603
a range +26400 +45600 11 1 1103.5694
a range +37800 +45600 11 2 1103.4760
a range +30000 +45600 11 21 1103.5084
a range +37800 +45600 20 2 0.0603
a range +30000 +45600 21 11 1103.5084
a range +26400 +46800 1 3 1103.6119
a range +26400 +46800 1 4 1103.5975
a range +26400 +46800 1 5 1103.5908
a range +26400 +46800 1 6 1103.6052
a range +41400 +46800 1 8 1103.5924
a range +36600 +46800 1 9 1103.5786
a range +31200 +46800 1 10 1103.6103
a range +46200 +46800 1 11 1103.6230
a range +40800 +46800 1 12 1103.5924
a range +26400 +46800 1 13 1103.5797
a range +30600 +46800 1 14 1103.6103
a range +26400 +46800 1 15 1103.6093
a range +26400 +46800 1 16 1103.5980
a range +26400 +46800 1 17 1103.5934
a range +26400 +46800 1 18 1103.6047
a range +26400 +46800 3 1 1103.6119
a range +26400 +46800 4 1 1103.5975
a range +26400 +46800 5 1 1103.5908
a range +26400 +46800 6 1 1103.6052
a range +41400 +46800 8 1 1103.5924
a range +36600 +46800 9 1 1103.5786
a range +31200 +46800 10 1 1103.6103
a range +46200 +46800 11 1 1103.6230
a range +40800 +46800 12 1 1103.5924
a range +26400 +46800 13 1 1103.5797
a range +30600 +46800 14 1 1103.6103
a range +26400 +46800 15 1 1103.6093
a range +26400 +46800 16 1 1103.5980
a range +26400 +46800 17 1 1103.5934
a range +26400 +46800 18 1 1103.6047
a range +39000 +47400 3 18 0.0488
a range +39000 +47400 4 17 0.0490
a range +39000 +47400 5 16 0.0488
a range +39000 +47400 6 15 0.0490
a range +39000 +47400 15 6 0.0490
a range +39000 +47400 16 5 0.0488
a range +39000 +47400 17 4 0.0490
a range +39000 +47400 18 3 0.0488
a range +42600 +48600 3 13 0.0470
a range +42600 +48600 5 11 0.0470
a range +42600 +48600 7 17 0.0472
a range +42600 +48600 9 15 0.0472
a range +42600 +48600 11 5 0.0470
a range +42600 +48600 13 3 0.0470
a range +42600 +48600 15 9 0.0472
a range +42600 +48600 17 7 0.0472
a range +41400 +49200 1 19 0.0610
a range +42000 +49200 3 17 0.0474
a range +42000 +49200 5 15 0.0474
a range +42000 +49200 15 5 0.0474
a range +42000 +49200 17 3 0.0474
a range +41400 +49200 19 1 0.0610
a range +37800 +49800 2 10 1103.6317
a range +37800 +49800 10 2 1103.6317
a range +31200 +49800 10 21 1103.6680
a range +31200 +49800 21 10 1103.6680
a range +41400 +50400 4 16 0.0477
a range +41400 +50400 6 18 0.0477
a range +41400 +50400 16 4 0.0477
a range +41400 +50400 18 6 0.0477
a range +44400 +52200 3 16 0.0475
a range +44400 +52200 4 15 0.0473
a range +44400 +52200 5 18 0.0475
a range +44400 +52200 6 17 0.0473
a range +44400 +52200 15 4 0.0473
a range +44400 +52200 16 3 0.0475
a range +44400 +52200 17 6 0.0473
a range +44400 +52200 18 5 0.0475
a range +45600 +53400 2 21 0.0598
a range +45600 +53400 21 2 0.0598
a range +48000 +54000 4 14 0.0478
a range +48000 +54000 6 12 0.0478
a range +48000 +54000 8 18 0.0480
a range +48000 +54000 10 16 0.0480
a range +48000 +54000 12 6 0.0478
a range +48000 +54000 14 4 0.0478
a range +48000 +54000 16 10 0.0480
a range +48000 +54000 18 8 0.0480
a range +47400 +54600 1 20 0.0591
a range +47400 +54600 4 18 0.0485
a range +47400 +54600 6 16 0.0485
a range +47400 +54600 16 6 0.0485
a range +47400 +54600 18 4 0.0485
a range +47400 +54600 20 1 0.0591
a range +49800 +55200 1 9 1103.8739
a range +37800 +55200 2 9 1103.9124
a range +46800 +55200 3 15 0.0468
a range +46800 +55200 5 17 0.0468
a range +49800 +55200 9 1 1103.8739
a range +37800 +55200 9 2 1103.9124
a range +52200 +55200 9 19 1103.8927
a range +36600 +55200 9 21 1103.8757
a range +46800 +55200 15 3 0.0468
a range +46800 +55200 17 5 0.0468
a range +52200 +55200 19 9 1103.8927
a range +36600 +55200 21 9 1103.8757
a range +49800 +55800 1 13 1103.8879
a range +37800 +55800 2 13 1103.9438
a range +49800 +55800 13 1 1103.8879
a range +37800 +55800 13 2 1103.9438
a range +52200 +55800 13 19 1103.9146
a range +30000 +55800 13 21 1103.8985
a range +52200 +55800 19 13 1103.9146
a range +30000 +55800 21 13 1103.8985
a range +49800 +57600 3 18 0.0481
a range +49800 +57600 4 17 0.0483
a range +49800 +57600 5 16 0.0481
a range +49800 +57600 6 15 0.0483
a range +49800 +57600 15 6 0.0483
a range +49800 +57600 16 5 0.0481
a range +49800 +57600 17 4 0.0483
a range +49800 +57600 18 3 0.0481
a range +50400 +58200 2 19 0.0597
a range +50400 +58200 19 2 0.0597
a range +37800 +58800 2 3 1104.0574
a range +37800 +58800 2 4 1104.0732
a range +37800 +58800 2 5 1104.0725
a range +37800 +58800 2 6 1104.0568
a range +46800 +58800 2 7 1104.0489
a range +41400 +58800 2 8 1104.0834
a range +57000 +58800 2 9 1104.0810
a range +52200 +58800 2 10 1104.0465
a range +46200 +58800 2 11 1104.0499
a range +40800 +58800 2 12 1104.0829
a range +56400 +58800 2 13 1104.0801
a range +37800 +58800 2 14 1104.0470
a range +37800 +58800 2 15 1104.0594
a range +37800 +58800 2 16 1104.0716
a range +37800 +58800 2 17 1104.0705
a range +37800 +58800 2 18 1104.0583
a range +37800 +58800 3 2 1104.0574
a range +37800 +58800 4 2 1104.0732
a range +37800 +58800 5 2 1104.0725
a range +37800 +58800 6 2 1104.0568
a range +46800 +58800 7 2 1104.0489
a range +41400 +58800 8 2 1104.0834
a range +57000 +58800 9 2 1104.0810
a range +52200 +58800 10 2 1104.0465
a range +46200 +58800 11 2 1104.0499
a range +40800 +58800 12 2 1104.0829
a range +56400 +58800 13 2 1104.0801
a range +37800 +58800 14 2 1104.0470
a range +37800 +58800 15 2 1104.0594
a range +37800 +58800 16 2 1104.0716
a range +37800 +58800 17 2 1104.0705
a range +37800 +58800 18 2 1104.0583
a range +53400 +59400 3 13 0.0485
a range +53400 +59400 5 11 0.0485
a range +53400 +59400 7 17 0.0487
a range +53400 +59400 9 15 0.0487
a range +53400 +59400 11 5 0.0485
a range +53400 +59400 13 3 0.0485
a range +53400 +59400 15 9 0.0487
a range +53400 +59400 17 7 0.0487
a range +52800 +60000 3 17 0.0494
a range +52800 +60000 5 15 0.0494
a range +52800 +60000 15 5 0.0494
a range +52800 +60000 17 3 0.0494
a range +49800 +60600 1 8 1104.0435
a range +51600 +60600 4 16 0.0474
a range +51600 +60600 6 18 0.0474
a range +49800 +60600 8 1 1104.0435
a range +52200 +60600 8 19 1104.0943
a range +41400 +60600 8 21 1104.0861
a range +51600 +60600 16 4 0.0474
a range +51600 +60600 18 6 0.0474
a range +52200 +60600 19 8 1104.0943
a range +41400 +60600 21 8 1104.0861
a range +49800 +61200 1 12 1104.0686
a range +49800 +61200 12 1 1104.0686
a range +52200 +61200 12 19 1104.1160
a range +40800 +61200 12 21 1104.1089
a range +52200 +61200 19 12 1104.1160
a range +40800 +61200 21 12 1104.1089
a range +55200 +63000 1 21 0.0620
a range +54600 +63000 3 16 0.0490
a range +54600 +63000 4 15 0.0488
a range +54600 +63000 5 18 0.0490
a range +54600 +63000 6 17 0.0488
a range +54600 +63000 15 4 0.0488
a range +54600 +63000 16 3 0.0490
a range +54600 +63000 17 6 0.0488
a range +54600 +63000 18 5 0.0490
a range +55200 +63000 21 1 0.0620
a range +56400 +64200 2 20 0.0612
a range +58200 +64200 4 14 0.0469
a range +58200 +64200 6 12 0.0469
a range +58200 +64200 8 18 0.0471
a range +58200 +64200 10 16 0.0471
a range +58200 +64200 12 6 0.0469
a range +58200 +64200 14 4 0.0469
a range +58200 +64200 16 10 0.0471
a range +58200 +64200 18 8 0.0471
a range +56400 +64200 20 2 0.0612
a range +57600 +64800 4 18 0.0473
a range +57600 +64800 6 16 0.0473
a range +57600 +64800 16 6 0.0473
a range +57600 +64800 18 4 0.0473
a range +49800 +65400 1 7 1104.2806
a range +61800 +65400 2 7 1104.2908
a range +49800 +65400 7 1 1104.2806
a range +61800 +65400 7 2 1104.2908
a range +52200 +65400 7 19 1104.2733
a range +46800 +65400 7 21 1104.2741
a range +52200 +65400 19 7 1104.2733
a range +46800 +65400 21 7 1104.2741
a range +57000 +66000 3 15 0.0477
a range +57000 +66000 5 17 0.0477
a range +57000 +66000 15 3 0.0477
a range +57000 +66000 17 5 0.0477
a range +49800 +66600 1 11 1104.3456
a range +61800 +66600 2 11 1104.3181
a range +49800 +66600 11 1 1104.3456
a range +61800 +66600 11 2 1104.3181
a range +52200 +66600 11 19 1104.3184
a range +46200 +66600 11 21 1104.3215
a range +52200 +66600 19 11 1104.3184
a range +46200 +66600 21 11 1104.3215
a range +60000 +67800 1 19 0.0619
a range +60000 +67800 3 18 0.0472
a range +60000 +67800 4 17 0.0474
a range +60000 +67800 5 16 0.0472
a range +60000 +67800 6 15 0.0474
a range +60000 +67800 15 6 0.0474
a range +60000 +67800 16 5 0.0472
a range +60000 +67800 17 4 0.0474
a range +60000 +67800 18 3 0.0472
a range +60000 +67800 19 1 0.0619
a range +63600 +69600 3 13 0.0477
a range +63600 +69600 5 11 0.0477
a range +63600 +69600 7 17 0.0479
a range +63600 +69600 9 15 0.0479
a range +63600 +69600 11 5 0.0477
a range +63600 +69600 13 3 0.0477
a range +63600 +69600 15 9 0.0479
a range +63600 +69600 17 7 0.0479
a range +63000 +70200 3 17 0.0484
a range +63000 +70200 5 15 0.0484
a range +63000 +70200 15 5 0.0484
a range +63000 +70200 17 3 0.0484
a range +49800 +70800 1 3 1104.5310
a range +49800 +70800 1 4 1104.5173
a range +49800 +70800 1 5 1104.5251
a range +49800 +70800 1 6 1104.5388
a range +67800 +70800 1 7 1104.5338
a range +62400 +70800 1 8 1104.5043
a range +57000 +70800 1 9 1104.5223
a range +52200 +70800 1 10 1104.5518
a range +67200 +70800 1 11 1104.5332
a range +61800 +70800 1 12 1104.5052
a range +56400 +70800 1 13 1104.5229
a range +49800 +70800 1 14 1104.5509
a range +49800 +70800 1 15 1104.5299
a range +49800 +70800 1 16 1104.5195
a range +49800 +70800 1 17 1104.5262
a range +49800 +70800 1 18 1104.5366
a range +61800 +70800 2 10 1104.4362
a range +49800 +70800 3 1 1104.5310
a range +49800 +70800 4 1 1104.5173
a range +62400 +70800 4 16 0.0468
a range +49800 +70800 5 1 1104.5251
a range +49800 +70800 6 1 1104.5388
a range +62400 +70800 6 18 0.0468
a range +67800 +70800 7 1 1104.5338
a range +62400 +70800 8 1 1104.5043
a range +57000 +70800 9 1 1104.5223
a range +52200 +70800 10 1 1104.5518
a range +61800 +70800 10 2 1104.4362
a range +52200 +70800 10 19 1104.4777
a range +52200 +70800 10 21 1104.4884
a range +67200 +70800 11 1 1104.5332
a range +61800 +70800 12 1 1104.5052
a range +56400 +70800 13 1 1104.5229
a range +49800 +70800 14 1 1104.5509
a range +49800 +70800 15 1 1104.5299
a range +49800 +70800 16 1 1104.5195
a range +62400 +70800 16 4 0.0468
a range +49800 +70800 17 1 1104.5262
a range +49800 +70800 18 1 1104.5366
a range +62400 +70800 18 6 0.0468
a range +52200 +70800 19 10 1104.4777
a range +52200 +70800 21 10 1104.4884
a range +61800 +71400 2 14 1104.4577
a range +61800 +71400 14 2 1104.4577
a range +52200 +71400 14 19 1104.5002
a range +30600 +71400 14 21 1104.5119
a range +52200 +71400 19 14 1104.5002
a range +30600 +71400 21 14 1104.5119
a range +64200 +72000 2 21 0.0607
a range +64200 +72000 21 2 0.0607
a range +65400 +73200 1 20 0.0599
a range +65400 +73200 3 16 0.0482
a range +65400 +73200 4 15 0.0480
a range +65400 +73200 5 18 0.0482
a range +65400 +73200 6 17 0.0480
a range +65400 +73200 15 4 0.0480
a range +65400 +73200 16 3 0.0482
a range +65400 +73200 17 6 0.0480
a range +65400 +73200 18 5 0.0482
a range +65400 +73200 20 1 0.0599
a range +69000 +75000 4 14 0.0484
a range +69000 +75000 6 12 0.0484
a range +69000 +75000 8 18 0.0486
a range +69000 +75000 10 16 0.0486
a range +69000 +75000 12 6 0.0484
a range +69000 +75000 14 4 0.0484
a range +69000 +75000 16 10 0.0486
a range +69000 +75000 18 8 0.0486
a range +68400 +75600 4 18 0.0493
a range +68400 +75600 6 16 0.0493
a range +68400 +75600 16 6 0.0493
a range +68400 +75600 18 4 0.0493
a range +73200 +76200 1 9 1104.7221
a range +61800 +76200 2 9 1104.6822
a range +67200 +76200 3 15 0.0473
a range +67200 +76200 5 17 0.0473
a range +73200 +76200 9 1 1104.7221
a range +61800 +76200 9 2 1104.6822
a range +57000 +76200 9 19 1104.6845
a range +57000 +76200 9 21 1104.7034
a range +67200 +76200 15 3 0.0473
a range +67200 +76200 17 5 0.0473
a range +57000 +76200 19 9 1104.6845
a range +57000 +76200 21 9 1104.7034
a range +73200 +76800 1 13 1104.7355
a range +61800 +76800 2 13 1104.7138
a range +69000 +76800 2 19 0.0606
a range +73200 +76800 13 1 1104.7355
a range +61800 +76800 13 2 1104.7138
a range +56400 +76800 13 19 1104.7070
a range +56400 +76800 13 21 1104.7267
a range +69000 +76800 19 2 0.0606
a range +56400 +76800 19 13 1104.7070
a range +56400 +76800 21 13 1104.7267
a range +70200 +78600 3 18 0.0487
a range +30000 +78600 3 21 1104.7652
a range +70800 +78600 4 17 0.0489
a range +30000 +78600 4 21 1104.7803
a range +70200 +78600 5 16 0.0487
a range +30000 +78600 5 21 1104.7845
a range +70800 +78600 6 15 0.0489
a range +30000 +78600 6 21 1104.7694
a range +67800 +78600 7 21 1104.7539
a range +62400 +78600 8 21 1104.7875
a range +78000 +78600 9 21 1104.7958
a range +72600 +78600 10 21 1104.7622
a range +67200 +78600 11 21 1104.7550
a range +61800 +78600 12 21 1104.7873
a range +77400 +78600 13 21 1104.7947
a range +72000 +78600 14 21 1104.7624
a range +70800 +78600 15 6 0.0489
a range +30000 +78600 15 21 1104.7675
a range +70200 +78600 16 5 0.0487
a range +30000 +78600 16 21 1104.7795
a range +70800 +78600 17 4 0.0489
a range +30000 +78600 17 21 1104.7822
a range +70200 +78600 18 3 0.0487
a range +30000 +78600 18 21 1104.7702
a range +30000 +78600 21 3 1104.7652
a range +30000 +78600 21 4 1104.7803
a range +30000 +78600 21 5 1104.7845
a range +30000 +78600 21 6 1104.7694
a range +67800 +78600 21 7 1104.7539
a range +62400 +78600 21 8 1104.7875
a range +78000 +78600 21 9 1104.7958
a range +72600 +78600 21 10 1104.7622
a range +67200 +78600 21 11 1104.7550
a range +61800 +78600 21 12 1104.7873
a range +77400 +78600 21 13 1104.7947
a range +72000 +78600 21 14 1104.7624
a range +30000 +78600 21 15 1104.7675
a range +30000 +78600 21 16 1104.7795
a range +30000 +78600 21 17 1104.7822
a range +30000 +78600 21 18 1104.7702
a range +73800 +79800 3 13 0.0468
a range +73800 +79800 5 11 0.0468
a range +73800 +79800 7 17 0.0470
a range +73800 +79800 9 15 0.0470
a range +73800 +79800 11 5 0.0468
a range +73800 +79800 13 3 0.0468
a range +73800 +79800 15 9 0.0470
a range +73800 +79800 17 7 0.0470
a range +73200 +80400 3 17 0.0472
a range +73200 +80400 5 15 0.0472
a range +73200 +80400 15 5 0.0472
a range +73200 +80400 17 3 0.0472
a range +73200 +81000 1 21 0.0594
a range +73200 +81000 21 1 0.0594
a range +73200 +81600 1 8 1104.8575
a range +62400 +81600 2 8 1104.9629
a range +72600 +81600 4 16 0.0477
a range +72600 +81600 6 18 0.0477
a range +73200 +81600 8 1 1104.8575
a range +62400 +81600 8 2 1104.9629
a range +62400 +81600 8 19 1104.8938
a range +78600 +81600 8 20 1104.9101
a range +72600 +81600 16 4 0.0477
a range +72600 +81600 18 6 0.0477
a range +62400 +81600 19 8 1104.8938
a range +78600 +81600 20 8 1104.9101
a range +73200 +82200 1 12 1104.8761
a range +61800 +82200 2 3 1104.9657
a range +61800 +82200 2 4 1104.9764
a range +61800 +82200 2 5 1104.9650
a range +61800 +82200 2 6 1104.9542
a range +67800 +82200 2 7 1104.9668
a range +78000 +82200 2 9 1104.9639
a range +72600 +82200 2 10 1104.9409
a range +67200 +82200 2 11 1104.9671
a range +61800 +82200 2 12 1104.9887
a range +77400 +82200 2 13 1104.9635
a range +72000 +82200 2 14 1104.9419
a range +61800 +82200 2 15 1104.9660
a range +61800 +82200 2 16 1104.9740
a range +61800 +82200 2 17 1104.9646
a range +61800 +82200 2 18 1104.9566
a range +61800 +82200 3 2 1104.9657
a range +61800 +82200 4 2 1104.9764
a range +61800 +82200 5 2 1104.9650
a range +61800 +82200 6 2 1104.9542
a range +67800 +82200 7 2 1104.9668
a range +78000 +82200 9 2 1104.9639
a range +72600 +82200 10 2 1104.9409
a range +67200 +82200 11 2 1104.9671
a range +73200 +82200 12 1 1104.8761
a range +61800 +82200 12 2 1104.9887
a range +61800 +82200 12 19 1104.9164
a range +78600 +82200 12 20 1104.9316
a range +77400 +82200 13 2 1104.9635
a range +72000 +82200 14 2 1104.9419
a range +61800 +82200 15 2 1104.9660
a range +61800 +82200 16 2 1104.9740
a range +61800 +82200 17 2 1104.9646
a range +61800 +82200 18 2 1104.9566
a range +61800 +82200 19 12 1104.9164
a range +78600 +82200 20 12 1104.9316
a range +75000 +82800 2 20 0.0620
a range +75000 +82800 20 2 0.0620
a range +75600 +83400 3 16 0.0473
a range +75600 +83400 4 15 0.0471
a range +75600 +83400 5 18 0.0473
a range +75600 +83400 6 17 0.0471
a range +75600 +83400 15 4 0.0471
a range +75600 +83400 16 3 0.0473
a range +75600 +83400 17 6 0.0471
a range +75600 +83400 18 5 0.0473
a range +79200 +85200 4 14 0.0476
a range +79200 +85200 6 12 0.0476
a range +79200 +85200 8 18 0.0478
a range +79200 +85200 10 16 0.0478
a range +79200 +85200 12 6 0.0476
a range +79200 +85200 14 4 0.0476
a range +79200 +85200 16 10 0.0478
a range +79200 +85200 18 8 0.0478
a range +78000 +85800 1 19 0.0593
a range +78600 +85800 4 18 0.0483
a range +78600 +85800 6 16 0.0483
a range +78600 +85800 16 6 0.0483
a range +78600 +85800 18 4 0.0483
a range +78000 +85800 19 1 0.0593
a range +73200 +86400 1 3 1105.0404
a range +73200 +86400 1 4 1105.0327
a range +73200 +86400 1 5 1105.0191
a range +73200 +86400 1 6 1105.0268
a range +73200 +86400 1 7 1105.0534
a range +83400 +86400 1 8 1105.0357
a range +78000 +86400 1 9 1105.0060
a range +73200 +86400 1 10 1105.0238
a range +73200 +86400 1 11 1105.0526
a range +82800 +86400 1 12 1105.0350
a range +77400 +86400 1 13 1105.0069
a range +73200 +86400 1 14 1105.0244
a range +73200 +86400 1 15 1105.0383
a range +73200 +86400 1 16 1105.0317
a range +73200 +86400 1 17 1105.0212
a range +73200 +86400 1 18 1105.0278
a range +84000 +86400 1 20 0.0467
a range +85200 +86400 2 3 1105.1221
a range +85200 +86400 2 4 1105.1144
a range +85200 +86400 2 5 1105.1008
a range +85200 +86400 2 6 1105.1085
a range +85200 +86400 2 7 1105.1351
a range +85200 +86400 2 8 1105.1174
a range +85200 +86400 2 9 1105.0878
a range +85200 +86400 2 10 1105.1055
a range +85200 +86400 2 11 1105.1343
a range +85200 +86400 2 12 1105.1167
a range +85200 +86400 2 13 1105.0886
a range +85200 +86400 2 14 1105.1061
a range +85200 +86400 2 15 1105.1200
a range +85200 +86400 2 16 1105.1134
a range +85200 +86400 2 17 1105.1029
a range +85200 +86400 2 18 1105.1095
a range +82800 +86400 2 21 0.0435
a range +73200 +86400 3 1 1105.0404
a range +85200 +86400 3 2 1105.1221
a range +0 +86400 3 4 0.0367
a range +0 +86400 3 6 0.0367
a range +0 +86400 3 7 0.0193
a range +0 +86400 3 8 0.0382
a range +0 +86400 3 10 0.0351
a range +0 +86400 3 11 0.0357
a range +0 +86400 3 12 0.0410
a range +84600 +86400 3 13 0.0377
a range +0 +86400 3 14 0.0319
a range +78000 +86400 3 15 0.0467
a range +84000 +86400 3 17 0.0226
a range +81000 +86400 3 18 0.0288
a range +52200 +86400 3 19 1105.0683
a range +78600 +86400 3 20 1105.0755
a range +73200 +86400 4 1 1105.0327
a range +85200 +86400 4 2 1105.1144
a range +0 +86400 4 3 0.0367
a range +0 +86400 4 5 0.0367
a range +0 +86400 4 7 0.0377
a range +0 +86400 4 8 0.0049
a range +0 +86400 4 9 0.0357
a range +0 +86400 4 11 0.0404
a range +0 +86400 4 12 0.0087
a range +0 +86400 4 13 0.0326
a range +85800 +86400 4 15 0.0429
a range +82800 +86400 4 16 0.0109
a range +81000 +86400 4 17 0.0291
a range +52200 +86400 4 19 1105.0606
a range +78600 +86400 4 20 1105.0678
a range +73200 +86400 5 1 1105.0191
a range +85200 +86400 5 2 1105.1008
a range +0 +86400 5 4 0.0367
a range +0 +86400 5 6 0.0367
a range +0 +86400 5 8 0.0351
a range +0 +86400 5 9 0.0193
a range +0 +86400 5 10 0.0382
a range +84600 +86400 5 11 0.0377
a range +0 +86400 5 12 0.0319
a range +0 +86400 5 13 0.0357
a range +0 +86400 5 14 0.0410
a range +84000 +86400 5 15 0.0226
a range +81000 +86400 5 16 0.0288
a range +78000 +86400 5 17 0.0467
a range +52200 +86400 5 19 1105.0469
a range +78600 +86400 5 20 1105.0542
a range +73200 +86400 6 1 1105.0268
a range +85200 +86400 6 2 1105.1085
a range +0 +86400 6 3 0.0367
a range +0 +86400 6 5 0.0367
a range +0 +86400 6 7 0.0357
a range +0 +86400 6 9 0.0377
a range +0 +86400 6 10 0.0049
a range +0 +86400 6 11 0.0326
a range +0 +86400 6 13 0.0404
a range +0 +86400 6 14 0.0087
a range +81000 +86400 6 15 0.0291
a range +85800 +86400 6 17 0.0429
a range +82800 +86400 6 18 0.0109
a range +52200 +86400 6 19 1105.0546
a range +78600 +86400 6 20 1105.0619
a range +73200 +86400 7 1 1105.0534
a range +85200 +86400 7 2 1105.1351
a range +0 +86400 7 3 0.0193
a range +0 +86400 7 4 0.0377
a range +0 +86400 7 6 0.0357
a range +0 +86400 7 8 0.0367
a range +0 +86400 7 10 0.0367
a range +0 +86400 7 11 0.0193
a range +0 +86400 7 12 0.0381
a range +0 +86400 7 14 0.0352
a range +0 +86400 7 15 0.0358
a range +0 +86400 7 16 0.0407
a range +84600 +86400 7 17 0.0376
a range +0 +86400 7 18 0.0322
a range +67800 +86400 7 19 1105.0813
a range +78600 +86400 7 20 1105.0885
a range +83400 +86400 8 1 1105.0357
a range +85200 +86400 8 2 1105.1174
a range +0 +86400 8 3 0.0382
a range +0 +86400 8 4 0.0049
a range +0 +86400 8 5 0.0351
a range +0 +86400 8 7 0.0367
a range +0 +86400 8 9 0.0367
a range +0 +86400 8 11 0.0376
a range +0 +86400 8 12 0.0045
a range +0 +86400 8 13 0.0358
a range +0 +86400 8 15 0.0401
a range +0 +86400 8 16 0.0080
a range +0 +86400 8 17 0.0329
a range +83400 +86400 8 19 1105.0635
a range +83400 +86400 8 20 1105.0708
a range +78000 +86400 9 1 1105.0060
a range +85200 +86400 9 2 1105.0878
a range +0 +86400 9 4 0.0357
a range +0 +86400 9 5 0.0193
a range +0 +86400 9 6 0.0377
a range +0 +86400 9 8 0.0367
a range +0 +86400 9 10 0.0367
a range +0 +86400 9 12 0.0352
a range +0 +86400 9 13 0.0193
a range +0 +86400 9 14 0.0381
a range +84600 +86400 9 15 0.0376
a range +0 +86400 9 16 0.0322
a range +0 +86400 9 17 0.0358
a range +0 +86400 9 18 0.0407
a range +78000 +86400 9 19 1105.0339
a range +78600 +86400 9 20 1105.0411
a range +73200 +86400 10 1 1105.0238
a range +85200 +86400 10 2 1105.1055
a range +0 +86400 10 3 0.0351
a range +0 +86400 10 5 0.0382
a range +0 +86400 10 6 0.0049
a range +0 +86400 10 7 0.0367
a range +0 +86400 10 9 0.0367
a range +0 +86400 10 11 0.0358
a range +0 +86400 10 13 0.0376
a range +0 +86400 10 14 0.0045
a range +0 +86400 10 15 0.0329
a range +0 +86400 10 17 0.0401
a range +0 +86400 10 18 0.0080
a range +72600 +86400 10 19 1105.0517
a range +78600 +86400 10 20 1105.0589
a range +73200 +86400 11 1 1105.0526
a range +85200 +86400 11 2 1105.1343
a range +0 +86400 11 3 0.0357
a range +0 +86400 11 4 0.0404
a range +84600 +86400 11 5 0.0377
a range +0 +86400 11 6 0.0326
a range +0 +86400 11 7 0.0193
a range +0 +86400 11 8 0.0376
a range +0 +86400 11 10 0.0358
a range +0 +86400 11 12 0.0367
a range +0 +86400 11 14 0.0367
a range +0 +86400 11 15 0.0194
a range +0 +86400 11 16 0.0380
a range +0 +86400 11 18 0.0353
a range +67200 +86400 11 19 1105.0805
a range +78600 +86400 11 20 1105.0877
a range +82800 +86400 12 1 1105.0350
a range +85200 +86400 12 2 1105.1167
a range +0 +86400 12 3 0.0410
a range +0 +86400 12 4 0.0087
a range +0 +86400 12 5 0.0319
a range +0 +86400 12 7 0.0381
a range +0 +86400 12 8 0.0045
a range +0 +86400 12 9 0.0352
a range +0 +86400 12 11 0.0367
a range +0 +86400 12 13 0.0367
a range +0 +86400 12 15 0.0375
a range +0 +86400 12 16 0.0042
a range +0 +86400 12 17 0.0359
a range +82800 +86400 12 19 1105.0629
a range +82800 +86400 12 20 1105.0701
a range +77400 +86400 13 1 1105.0069
a range +85200 +86400 13 2 1105.0886
a range +84600 +86400 13 3 0.0377
a range +0 +86400 13 4 0.0326
a range +0 +86400 13 5 0.0357
a range +0 +86400 13 6 0.0404
a range +0 +86400 13 8 0.0358
a range +0 +86400 13 9 0.0193
a range +0 +86400 13 10 0.0376
a range +0 +86400 13 12 0.0367
a range +0 +86400 13 14 0.0367
a range +0 +86400 13 16 0.0353
a range +0 +86400 13 17 0.0194
a range +0 +86400 13 18 0.0380
a range +77400 +86400 13 19 1105.0347
a range +78600 +86400 13 20 1105.0420
a range +73200 +86400 14 1 1105.0244
a range +85200 +86400 14 2 1105.1061
a range +0 +86400 14 3 0.0319
a range +0 +86400 14 5 0.0410
a range +0 +86400 14 6 0.0087
a range +0 +86400 14 7 0.0352
a range +0 +86400 14 9 0.0381
a range +0 +86400 14 10 0.0045
a range +0 +86400 14 11 0.0367
a range +0 +86400 14 13 0.0367
a range +0 +86400 14 15 0.0359
a range +0 +86400 14 17 0.0375
a range +0 +86400 14 18 0.0042
a range +72000 +86400 14 19 1105.0523
a range +78600 +86400 14 20 1105.0595
a range +73200 +86400 15 1 1105.0383
a range +85200 +86400 15 2 1105.1200
a range +78000 +86400 15 3 0.0467
a range +85800 +86400 15 4 0.0429
a range +84000 +86400 15 5 0.0226
a range +81000 +86400 15 6 0.0291
a range +0 +86400 15 7 0.0358
a range +0 +86400 15 8 0.0401
a range +84600 +86400 15 9 0.0376
a range +0 +86400 15 10 0.0329
a range +0 +86400 15 11 0.0194
a range +0 +86400 15 12 0.0375
a range +0 +86400 15 14 0.0359
a range +0 +86400 15 16 0.0367
a range +0 +86400 15 18 0.0367
a range +52200 +86400 15 19 1105.0661
a range +78600 +86400 15 20 1105.0734
a range +73200 +86400 16 1 1105.0317
a range +85200 +86400 16 2 1105.1134
a range +82800 +86400 16 4 0.0109
a range +81000 +86400 16 5 0.0288
a range +0 +86400 16 7 0.0407
a range +0 +86400 16 8 0.0080
a range +0 +86400 16 9 0.0322
a range +0 +86400 16 11 0.0380
a range +0 +86400 16 12 0.0042
a range +0 +86400 16 13 0.0353
a range +0 +86400 16 15 0.0367
a range +0 +86400 16 17 0.0367
a range +52200 +86400 16 19 1105.0595
a range +78600 +86400 16 20 1105.0668
a range +73200 +86400 17 1 1105.0212
a range +85200 +86400 17 2 1105.1029
a range +84000 +86400 17 3 0.0226
a range +81000 +86400 17 4 0.0291
a range +78000 +86400 17 5 0.0467
a range +85800 +86400 17 6 0.0429
a range +84600 +86400 17 7 0.0376
a range +0 +86400 17 8 0.0329
a range +0 +86400 17 9 0.0358
a range +0 +86400 17 10 0.0401
a range +0 +86400 17 12 0.0359
a range +0 +86400 17 13 0.0194
a range +0 +86400 17 14 0.0375
a range +0 +86400 17 16 0.0367
a range +0 +86400 17 18 0.0367
a range +52200 +86400 17 19 1105.0490
a range +78600 +86400 17 20 1105.0563
a range +73200 +86400 18 1 1105.0278
a range +85200 +86400 18 2 1105.1095
a range +81000 +86400 18 3 0.0288
a range +82800 +86400 18 6 0.0109
a range +0 +86400 18 7 0.0322
a range +0 +86400 18 9 0.0407
a range +0 +86400 18 10 0.0080
a range +0 +86400 18 11 0.0353
a range +0 +86400 18 13 0.0380
a range +0 +86400 18 14 0.0042
a range +0 +86400 18 15 0.0367
a range +0 +86400 18 17 0.0367
a range +52200 +86400 18 19 1105.0557
a range +78600 +86400 18 20 1105.0629
a range +52200 +86400 19 3 1105.0683
a range +52200 +86400 19 4 1105.0606
a range +52200 +86400 19 5 1105.0469
a range +52200 +86400 19 6 1105.0546
a range +67800 +86400 19 7 1105.0813
a range +83400 +86400 19 8 1105.0635
a range +78000 +86400 19 9 1105.0339
a range +72600 +86400 19 10 1105.0517
a range +67200 +86400 19 11 1105.0805
a range +82800 +86400 19 12 1105.0629
a range +77400 +86400 19 13 1105.0347
a range +72000 +86400 19 14 1105.0523
a range +52200 +86400 19 15 1105.0661
a range +52200 +86400 19 16 1105.0595
a range +52200 +86400 19 17 1105.0490
a range +52200 +86400 19 18 1105.0557
a range +84000 +86400 20 1 0.0467
a range +78600 +86400 20 3 1105.0755
a range +78600 +86400 20 4 1105.0678
a range +78600 +86400 20 5 1105.0542
a range +78600 +86400 20 6 1105.0619
a range +78600 +86400 20 7 1105.0885
a range +83400 +86400 20 8 1105.0708
a range +78600 +86400 20 9 1105.0411
a range +78600 +86400 20 10 1105.0589
a range +78600 +86400 20 11 1105.0877
a range +82800 +86400 20 12 1105.0701
a range +78600 +86400 20 13 1105.0420
a range +78600 +86400 20 14 1105.0595
a range +78600 +86400 20 15 1105.0734
a range +78600 +86400 20 16 1105.0668
a range +78600 +86400 20 17 1105.0563
a range +78600 +86400 20 18 1105.0629
a range +82800 +86400 21 2 0.0435


