a contact +5400 +6000 2012 1002 50
a contact +10200 +10800 2009 1002 50
a contact +15600 +16200 2014 1002 50
a contact +18000 +18600 2016 1002 50
a contact +20400 +21000 2013 1002 50
a contact +23400 +24000 1001 9003 1200
a contact +24600 +25200 1001 9003 1200
a contact +26400 +27000 2008 1002 50
a contact +27000 +28200 2008 1002 50
a contact +30600 +31800 2009 1002 50
a contact +37800 +38400 2003 1001 50
a contact +44400 +45000 2012 1002 50
a contact +50400 +51000 2014 1001 50
a contact +52800 +54000 2015 1001 50
a contact +55200 +57000 2005 9003 50
a contact +57600 +58200 2009 1002 50
a contact +58800 +59400 1002 9002 1200
a contact +65400 +67200 2001 9001 50
a contact +66000 +67200 2004 1002 50
a contact +67200 +67800 2003 1001 50
a contact +67200 +69000 2002 9001 50
a contact +69600 +70800 2003 1002 50
a contact +76200 +76800 2006 1001 50
a contact +78600 +79200 2008 1002 50
a contact +80400 +81000 2014 1001 50
a contact +81600 +82200 2014 1001 50
a contact +82800 +83400 2014 1001 50
a contact +84000 +84600 2014 1001 50
a contact +85200 +85800 2014 1001 50

a range +5400 +6000 2012 1002 1102.2751
a range +10200 +10800 2009 1002 1102.2422
a range +15600 +16200 2014 1002 1103.1642
a range +18000 +18600 2016 1002 1103.1625
a range +20400 +21000 2013 1002 1103.1548
a range +23400 +24000 1001 9003 0.0602
a range +24600 +25200 1001 9003 0.0602
a range +26400 +27000 2008 1002 1102.8825
a range +27000 +28200 2008 1002 1102.8825
a range +30600 +31800 2009 1002 1103.1401
a range +37800 +38400 2003 1001 1103.5908
a range +44400 +45000 2012 1002 1104.047
a range +50400 +51000 2014 1001 1104.5195
a range +52800 +54000 2015 1001 1104.5262
a range +55200 +57000 2005 9003 1104.2741
a range +57600 +58200 2009 1002 1104.0499
a range +58800 +59400 1002 9002 0.0612
a range +65400 +67200 2001 9001 1105.0683
a range +66000 +67200 2004 1002 1104.9542
a range +67200 +67800 2003 1001 1104.5251
a range +67200 +69000 2002 9001 1105.0606
a range +69600 +70800 2003 1002 1104.965
a range +76200 +76800 2006 1001 1104.8575
a range +78600 +79200 2008 1002 1104.9409
a range +80400 +81000 2014 1001 1105.0317
a range +81600 +82200 2014 1001 1105.0317
a range +82800 +83400 2014 1001 1105.0317
a range +84000 +84600 2014 1001 1105.0317
a range +85200 +85800 2014 1001 1105.0317
