a contact +600 +1200 36 6 50000000
a contact +2400 +3000 36 1 50000000
a contact +3000 +3600 37 3 50000000
a contact +4200 +4800 35 6 50000000
a contact +5400 +6000 35 5 50000000
a contact +5400 +6000 37 6 50000000
a contact +7200 +7800 32 6 50000000
a contact +7800 +8400 23 6 50000000
a contact +10800 +11400 24 3 50000000
a contact +14400 +15000 23 4 50000000
a contact +15000 +15600 17 4 50000000
a contact +15600 +16200 24 4 50000000
a contact +23400 +24000 12 43 50000000
a contact +23400 +24000 36 4 50000000
a contact +24000 +24600 38 6 50000000
a contact +24600 +25200 34 6 50000000
a contact +35400 +36000 24 2 50000000
a contact +39000 +39600 9 44 50000000
a contact +39600 +40200 10 44 50000000
a contact +42000 +42600 38 4 50000000
a contact +43800 +44400 37 4 50000000
a contact +43800 +44400 38 3 50000000
a contact +48600 +49200 15 2 50000000
a contact +48600 +49200 28 6 50000000
a contact +49800 +50400 21 5 50000000
a contact +52800 +53400 24 6 50000000
a contact +55800 +56400 16 3 50000000
a contact +56400 +57000 17 4 50000000
a contact +58200 +58800 16 2 50000000
a contact +59400 +60000 9 42 50000000
a contact +60000 +60600 38 6 50000000
a contact +60600 +61200 7 42 50000000
a contact +63600 +64200 11 42 50000000
a contact +64200 +64800 36 2 50000000
a contact +67200 +67800 31 2 50000000
a contact +67800 +68400 32 6 50000000
a contact +70200 +70800 24 5 50000000
a contact +70800 +71400 30 4 50000000
a contact +74400 +75000 21 3 50000000
a contact +75000 +75600 20 3 50000000
a contact +76800 +77400 18 4 50000000
a contact +80400 +81000 16 4 50000000
a contact +81600 +82200 16 4 50000000
a contact +82800 +83400 16 4 50000000
a contact +85200 +85800 38 6 50000000
a contact +600 +85800 39 45 100000000000
a contact +600 +85800 45 39 100000000000
a contact +600 +85800 40 45 100000000000
a contact +600 +85800 45 40 100000000000
a contact +600 +85800 41 45 100000000000
a contact +600 +85800 45 41 100000000000
a contact +600 +85800 42 45 100000000000
a contact +600 +85800 45 42 100000000000
a contact +600 +85800 43 45 100000000000
a contact +600 +85800 45 43 100000000000
a contact +600 +85800 44 45 100000000000
a contact +600 +85800 45 44 100000000000

a range +600 +1200 36 6 0.0553
a range +2400 +3000 36 1 0.0548
a range +3000 +3600 37 3 0.0553
a range +4200 +4800 35 6 0.0543
a range +5400 +6000 35 5 0.0552
a range +5400 +6000 37 6 0.0549
a range +7200 +7800 32 6 0.0551
a range +7800 +8400 23 6 0.0549
a range +10800 +11400 24 3 0.0545
a range +14400 +15000 23 4 0.0543
a range +15000 +15600 17 4 0.0547
a range +15600 +16200 24 4 0.0546
a range +23400 +24000 12 43 1103.3769
a range +23400 +24000 36 4 0.0542
a range +24000 +24600 38 6 0.0543
a range +24600 +25200 34 6 0.0554
a range +35400 +36000 24 2 0.0348
a range +39000 +39600 9 44 1104.7793
a range +39600 +40200 10 44 1104.7852
a range +42000 +42600 38 4 0.0547
a range +43800 +44400 37 4 0.055
a range +43800 +44400 38 3 0.0541
a range +48600 +49200 15 2 0.0558
a range +48600 +49200 28 6 0.054
a range +49800 +50400 21 5 0.054
a range +52800 +53400 24 6 0.0557
a range +55800 +56400 16 3 0.0556
a range +56400 +57000 17 4 0.0547
a range +58200 +58800 16 2 0.0198
a range +59400 +60000 9 42 1105.0618
a range +60000 +60600 38 6 0.0543
a range +60600 +61200 7 42 1105.068
a range +63600 +64200 11 42 1105.0472
a range +64200 +64800 36 2 0.0205
a range +67200 +67800 31 2 0.0546
a range +67800 +68400 32 6 0.0391
a range +70200 +70800 24 5 0.0549
a range +70800 +71400 30 4 0.0545
a range +74400 +75000 21 3 0.0554
a range +75000 +75600 20 3 0.0442
a range +76800 +77400 18 4 0.0314
a range +80400 +81000 16 4 0.0536
a range +81600 +82200 16 4 0.0536
a range +82800 +83400 16 4 0.0536
a range +85200 +85800 38 6 0.0413
a range +600 +85800 39 45 0.0
a range +600 +85800 45 39 0.0
a range +600 +85800 40 45 0.0
a range +600 +85800 45 40 0.0
a range +600 +85800 41 45 0.0
a range +600 +85800 45 41 0.0
a range +600 +85800 42 45 0.0
a range +600 +85800 45 42 0.0
a range +600 +85800 43 45 0.0
a range +600 +85800 45 43 0.0
a range +600 +85800 44 45 0.0
a range +600 +85800 45 44 0.0
