a contact +600 +1200 2030 1006 50
a contact +2400 +3000 2030 1001 50
a contact +3000 +3600 2031 1003 50
a contact +4200 +4800 2029 1006 50
a contact +5400 +6000 2029 1005 50
a contact +5400 +6000 2031 1006 50
a contact +7200 +7800 2026 1006 50
a contact +7800 +8400 2017 1006 50
a contact +10800 +11400 2018 1003 50
a contact +14400 +15000 2017 1004 50
a contact +15000 +15600 2011 1004 50
a contact +15600 +16200 2018 1004 50
a contact +23400 +24000 2006 9005 50
a contact +23400 +24000 2030 1004 50
a contact +24000 +24600 2032 1006 50
a contact +24600 +25200 2028 1006 50
a contact +35400 +36000 2018 1002 50
a contact +39000 +39600 2003 9006 50
a contact +39600 +40200 2004 9006 50
a contact +42000 +42600 2032 1004 50
a contact +43800 +44400 2031 1004 50
a contact +43800 +44400 2032 1003 50
a contact +48600 +49200 2009 1002 50
a contact +48600 +49200 2022 1006 50
a contact +49800 +50400 2015 1005 50
a contact +52800 +53400 2018 1006 50
a contact +55800 +56400 2010 1003 50
a contact +56400 +57000 2011 1004 50
a contact +58200 +58800 2010 1002 50
a contact +59400 +60000 2003 9004 50
a contact +60000 +60600 2032 1006 50
a contact +60600 +61200 2001 9004 50
a contact +63600 +64200 2005 9004 50
a contact +64200 +64800 2030 1002 50
a contact +67200 +67800 2025 1002 50
a contact +67800 +68400 2026 1006 50
a contact +70200 +70800 2018 1005 50
a contact +70800 +71400 2024 1004 50
a contact +74400 +75000 2015 1003 50
a contact +75000 +75600 2014 1003 50
a contact +76800 +77400 2012 1004 50
a contact +80400 +81000 2010 1004 50
a contact +81600 +82200 2010 1004 50
a contact +82800 +83400 2010 1004 50
a contact +85200 +85800 2032 1006 50

a range +600 +1200 2030 1006 0.0553
a range +2400 +3000 2030 1001 0.0548
a range +3000 +3600 2031 1003 0.0553
a range +4200 +4800 2029 1006 0.0543
a range +5400 +6000 2029 1005 0.0552
a range +5400 +6000 2031 1006 0.0549
a range +7200 +7800 2026 1006 0.0551
a range +7800 +8400 2017 1006 0.0549
a range +10800 +11400 2018 1003 0.0545
a range +14400 +15000 2017 1004 0.0543
a range +15000 +15600 2011 1004 0.0547
a range +15600 +16200 2018 1004 0.0546
a range +23400 +24000 2006 9005 1103.3769
a range +23400 +24000 2030 1004 0.0542
a range +24000 +24600 2032 1006 0.0543
a range +24600 +25200 2028 1006 0.0554
a range +35400 +36000 2018 1002 0.0348
a range +39000 +39600 2003 9006 1104.7793
a range +39600 +40200 2004 9006 1104.7852
a range +42000 +42600 2032 1004 0.0547
a range +43800 +44400 2031 1004 0.055
a range +43800 +44400 2032 1003 0.0541
a range +48600 +49200 2009 1002 0.0558
a range +48600 +49200 2022 1006 0.054
a range +49800 +50400 2015 1005 0.054
a range +52800 +53400 2018 1006 0.0557
a range +55800 +56400 2010 1003 0.0556
a range +56400 +57000 2011 1004 0.0547
a range +58200 +58800 2010 1002 0.0198
a range +59400 +60000 2003 9004 1105.0618
a range +60000 +60600 2032 1006 0.0543
a range +60600 +61200 2001 9004 1105.068
a range +63600 +64200 2005 9004 1105.0472
a range +64200 +64800 2030 1002 0.0205
a range +67200 +67800 2025 1002 0.0546
a range +67800 +68400 2026 1006 0.0391
a range +70200 +70800 2018 1005 0.0549
a range +70800 +71400 2024 1004 0.0545
a range +74400 +75000 2015 1003 0.0554
a range +75000 +75600 2014 1003 0.0442
a range +76800 +77400 2012 1004 0.0314
a range +80400 +81000 2010 1004 0.0536
a range +81600 +82200 2010 1004 0.0536
a range +82800 +83400 2010 1004 0.0536
a range +85200 +85800 2032 1006 0.0413
