a contact +0 +3600 1001 2014 10000
a contact +0 +3600 2014 1001 10000
a contact +0 +6600 1001 2007 10000
a contact +0 +6600 2007 1001 10000
a contact +0 +7800 1002 2005 10000
a contact +0 +7800 2005 1002 10000
a contact +0 +8400 1002 2001 10000
a contact +0 +8400 2001 1002 10000
a contact +6600 +9600 1001 2014 10000
a contact +3600 +9600 1001 2008 10000
a contact +3600 +9600 2008 1001 10000
a contact +6600 +9600 2014 1001 10000
a contact +8400 +12000 1002 9001 100000
a contact +8400 +12000 9001 1002 100000
a contact +9600 +12600 1001 2002 10000
a contact +9600 +12600 2002 1001 10000
a contact +0 +13200 1001 2013 10000
a contact +12000 +13200 1002 2001 10000
a contact +12000 +13200 2001 1002 10000
a contact +0 +13200 2013 1001 10000
a contact +8400 +14400 1002 9002 100000
a contact +13200 +14400 1002 9001 100000
a contact +13200 +14400 9001 1002 100000
a contact +8400 +14400 9002 1002 100000
a contact +14400 +15000 1002 9002 100000
a contact +14400 +15000 9002 1002 100000
a contact +15000 +15600 1001 9001 100000
a contact +15000 +15600 9001 1001 100000
a contact +16200 +16800 1001 9001 100000
a contact +15000 +16800 1002 9002 100000
a contact +16200 +16800 9001 1001 100000
a contact +15000 +16800 9002 1002 100000
a contact +16800 +17400 1001 9002 100000
a contact +16800 +17400 1002 2002 10000
a contact +16800 +17400 2002 1002 10000
a contact +16800 +17400 9002 1001 100000
a contact +17400 +18000 1001 9001 100000
a contact +17400 +18000 9001 1001 100000
a contact +18000 +18600 1001 9002 100000
a contact +18000 +18600 9002 1001 100000
a contact +0 +19200 1002 2011 10000
a contact +0 +19200 2011 1002 10000
a contact +19800 +20400 1002 2002 10000
a contact +0 +20400 1003 2003 10000
a contact +0 +20400 1003 2012 10000
a contact +19800 +20400 2002 1002 10000
a contact +0 +20400 2003 1003 10000
a contact +0 +20400 2012 1003 10000
a contact +20400 +22200 1001 9002 100000
a contact +0 +22200 1003 2015 10000
a contact +0 +22200 2015 1003 10000
a contact +20400 +22200 9002 1001 100000
a contact +21600 +22800 1003 9001 100000
a contact +21600 +22800 9001 1003 100000
a contact +22200 +24000 1003 9002 100000
a contact +22200 +24000 9002 1003 100000
a contact +24000 +24600 1003 9002 100000
a contact +24000 +24600 9002 1003 100000
a contact +25200 +25800 1003 9001 100000
a contact +25200 +25800 9001 1003 100000
a contact +26400 +27000 1002 2008 10000
a contact +26400 +27000 1003 9001 100000
a contact +26400 +27000 2008 1002 10000
a contact +26400 +27000 9001 1003 100000
a contact +27000 +28200 1001 2010 10000
a contact +27600 +28200 1002 9001 100000
a contact +26400 +28200 1003 2006 10000
a contact +24600 +28200 1003 9002 100000
a contact +26400 +28200 2006 1003 10000
a contact +27000 +28200 2010 1001 10000
a contact +27600 +28200 9001 1002 100000
a contact +24600 +28200 9002 1003 100000
a contact +9600 +28800 1001 2016 10000
a contact +9600 +28800 2016 1001 10000
a contact +12600 +29400 1001 2007 10000
a contact +19200 +29400 1002 2004 10000
a contact +19200 +29400 2004 1002 10000
a contact +12600 +29400 2007 1001 10000
a contact +28800 +30000 1002 9001 100000
a contact +28800 +30000 9001 1002 100000
a contact +31200 +31800 1002 2001 10000
a contact +31200 +31800 2001 1002 10000
a contact +32400 +33000 1001 2006 10000
a contact +32400 +33000 1003 2004 10000
a contact +32400 +33000 2004 1003 10000
a contact +32400 +33000 2006 1001 10000
a contact +30000 +33600 1002 2010 10000
a contact +30000 +33600 2010 1002 10000
a contact +35400 +36000 1001 9001 100000
a contact +35400 +36000 9001 1001 100000
a contact +33000 +36600 1001 2002 10000
a contact +33000 +36600 2002 1001 10000
a contact +36600 +37800 1001 2002 10000
a contact +36600 +37800 2002 1001 10000
a contact +37200 +38400 1001 2006 10000
a contact +37200 +38400 1001 9002 100000
a contact +37200 +38400 2006 1001 10000
a contact +37200 +38400 9002 1001 100000
a contact +40800 +41400 1001 9002 100000
a contact +40800 +41400 9002 1001 100000
a contact +38400 +42000 1003 2010 10000
a contact +38400 +42000 2010 1003 10000
a contact +41400 +43200 1001 9002 100000
a contact +41400 +43200 9002 1001 100000
a contact +42000 +43800 1001 2010 10000
a contact +40800 +43800 1001 2001 10000
a contact +40800 +43800 2001 1001 10000
a contact +42000 +43800 2010 1001 10000
a contact +43800 +44400 1003 9001 100000
a contact +43200 +44400 1003 9002 100000
a contact +43800 +44400 9001 1003 100000
a contact +43200 +44400 9002 1003 100000
a contact +44400 +45000 1001 9002 100000
a contact +44400 +45000 1002 2004 10000
a contact +42600 +45000 1003 2008 10000
a contact +44400 +45000 1003 2002 10000
a contact +44400 +45000 2002 1003 10000
a contact +44400 +45000 2004 1002 10000
a contact +42600 +45000 2008 1003 10000
a contact +44400 +45000 9002 1001 100000
a contact +45600 +46200 1003 2001 10000
a contact +45600 +46200 1003 9001 100000
a contact +45000 +46200 1003 9002 100000
a contact +45600 +46200 2001 1003 10000
a contact +45600 +46200 9001 1003 100000
a contact +45000 +46200 9002 1003 100000
a contact +46200 +47400 1001 9002 100000
a contact +46200 +47400 9002 1001 100000
a contact +46800 +48000 1002 2005 10000
a contact +46800 +48000 1002 9001 100000
a contact +47400 +48000 1003 9002 100000
a contact +46800 +48000 2005 1002 10000
a contact +46800 +48000 9001 1002 100000
a contact +47400 +48000 9002 1003 100000
a contact +47400 +49200 1001 2008 10000
a contact +47400 +49200 1002 2006 10000
a contact +48600 +49200 1003 9002 100000
a contact +48600 +49200 1003 2009 10000
a contact +48600 +49200 1003 9001 100000
a contact +47400 +49200 2006 1002 10000
a contact +47400 +49200 2008 1001 10000
a contact +48600 +49200 2009 1003 10000
a contact +48600 +49200 9001 1003 100000
a contact +48600 +49200 9002 1003 100000
a contact +48600 +50400 1002 2002 10000
a contact +49800 +50400 1002 2006 10000
a contact +49800 +50400 1002 9001 100000
a contact +49800 +50400 1003 9002 100000
a contact +48600 +50400 2002 1002 10000
a contact +49800 +50400 2006 1002 10000
a contact +49800 +50400 9001 1002 100000
a contact +49800 +50400 9002 1003 100000
a contact +50400 +51000 1002 9001 100000
a contact +50400 +51000 9001 1002 100000
a contact +51000 +51600 1002 9001 100000
a contact +51000 +51600 9001 1002 100000
a contact +51600 +52200 1002 9001 100000
a contact +50400 +52200 1003 9002 100000
a contact +51600 +52200 9001 1002 100000
a contact +50400 +52200 9002 1003 100000
a contact +52200 +52800 1002 2001 10000
a contact +52200 +52800 2001 1002 10000
a contact +52800 +53400 1003 2009 10000
a contact +52800 +53400 2009 1003 10000
a contact +53400 +54000 1001 2004 10000
a contact +52200 +54000 1002 9002 100000
a contact +53400 +54000 2004 1001 10000
a contact +52200 +54000 9002 1002 100000
a contact +54000 +54600 1002 9001 100000
a contact +54000 +54600 9001 1002 100000
a contact +54600 +55200 1001 2010 10000
a contact +54600 +55200 2010 1001 10000
a contact +54600 +55800 1002 9002 100000
a contact +54600 +55800 9002 1002 100000
a contact +56400 +57000 1002 9002 100000
a contact +56400 +57000 9002 1002 100000
a contact +57600 +58200 1002 9002 100000
a contact +55200 +58200 1003 2005 10000
a contact +55200 +58200 2005 1003 10000
a contact +57600 +58200 9002 1002 100000
a contact +58200 +59400 1002 2008 10000
a contact +58200 +59400 1002 2004 10000
a contact +58200 +59400 2004 1002 10000
a contact +58200 +59400 2008 1002 10000
a contact +56400 +60000 1001 9001 100000
a contact +56400 +60000 9001 1001 100000
a contact +60600 +61200 1001 2009 10000
a contact +60000 +61200 1002 2004 10000
a contact +59400 +61200 1003 2008 10000
a contact +60000 +61200 2004 1002 10000
a contact +59400 +61200 2008 1003 10000
a contact +60600 +61200 2009 1001 10000
a contact +64800 +65400 1002 2014 10000
a contact +64800 +65400 2014 1002 10000
a contact +66000 +66600 1001 2009 10000
a contact +63600 +66600 1003 2008 10000
a contact +63600 +66600 2008 1003 10000
a contact +66000 +66600 2009 1001 10000
a contact +64800 +67200 1003 9001 100000
a contact +64800 +67200 9001 1003 100000
a contact +67200 +67800 1003 9002 100000
a contact +67200 +67800 9002 1003 100000
a contact +67800 +68400 1001 2004 10000
a contact +67800 +68400 2004 1001 10000
a contact +66600 +69000 1002 2006 10000
a contact +68400 +69000 1003 2010 10000
a contact +68400 +69000 1003 9001 100000
a contact +67800 +69000 1003 2007 10000
a contact +66600 +69000 2006 1002 10000
a contact +67800 +69000 2007 1003 10000
a contact +68400 +69000 2010 1003 10000
a contact +68400 +69000 9001 1003 100000
a contact +69000 +69600 1003 9002 100000
a contact +69000 +69600 9002 1003 100000
a contact +69000 +70800 1002 2010 10000
a contact +69000 +70800 2010 1002 10000
a contact +70800 +72000 1003 2001 10000
a contact +70200 +72000 1003 9002 100000
a contact +70800 +72000 2001 1003 10000
a contact +70200 +72000 9002 1003 100000
a contact +69600 +73200 1001 2006 10000
a contact +70200 +73200 1002 9001 100000
a contact +72000 +73200 1003 9002 100000
a contact +69600 +73200 2006 1001 10000
a contact +70200 +73200 9001 1002 100000
a contact +72000 +73200 9002 1003 100000
a contact +73200 +73800 1002 9002 100000
a contact +73200 +73800 9002 1002 100000
a contact +73800 +74400 1003 9002 100000
a contact +73800 +74400 9002 1003 100000
a contact +74400 +75000 1003 9002 100000
a contact +74400 +75000 9002 1003 100000
a contact +72000 +75600 1002 2002 10000
a contact +74400 +75600 1003 2004 10000
a contact +72600 +75600 1003 2010 10000
a contact +72000 +75600 2002 1002 10000
a contact +74400 +75600 2004 1003 10000
a contact +72600 +75600 2010 1003 10000
a contact +73200 +76200 1001 2014 10000
a contact +75600 +76200 1002 9001 100000
a contact +75600 +76200 1002 2004 10000
a contact +75600 +76200 1003 9002 100000
a contact +75600 +76200 2004 1002 10000
a contact +73200 +76200 2014 1001 10000
a contact +75600 +76200 9001 1002 100000
a contact +75600 +76200 9002 1003 100000
a contact +76200 +76800 1001 2005 10000
a contact +69000 +76800 1002 2009 10000
a contact +76200 +76800 1002 2016 10000
a contact +76200 +76800 1002 2013 10000
a contact +75000 +76800 1003 2006 10000
a contact +75600 +76800 1003 2001 10000
a contact +75600 +76800 2001 1003 10000
a contact +76200 +76800 2005 1001 10000
a contact +75000 +76800 2006 1003 10000
a contact +69000 +76800 2009 1002 10000
a contact +76200 +76800 2013 1002 10000
a contact +76200 +76800 2016 1002 10000
a contact +76200 +77400 1001 9001 100000
a contact +76200 +77400 1001 2014 10000
a contact +76800 +77400 1002 9002 100000
a contact +76200 +77400 2014 1001 10000
a contact +76200 +77400 9001 1001 100000
a contact +76800 +77400 9002 1002 100000
a contact +77400 +78000 1001 2005 10000
a contact +77400 +78000 2005 1001 10000
a contact +78000 +78600 1002 2009 10000
a contact +78000 +78600 1002 2013 10000
a contact +78000 +78600 1003 2002 10000
a contact +78000 +78600 2002 1003 10000
a contact +78000 +78600 2009 1002 10000
a contact +78000 +78600 2013 1002 10000
a contact +78600 +79200 1001 9001 100000
a contact +78600 +79200 1001 9002 100000
a contact +78600 +79200 9001 1001 100000
a contact +78600 +79200 9002 1001 100000
a contact +79200 +79800 1002 2002 10000
a contact +79200 +79800 2002 1002 10000
a contact +79800 +80400 1001 9001 100000
a contact +79800 +80400 1001 9002 100000
a contact +79800 +80400 1002 2007 10000
a contact +79200 +80400 1003 2006 10000
a contact +79200 +80400 2006 1003 10000
a contact +79800 +80400 2007 1002 10000
a contact +79800 +80400 9001 1001 100000
a contact +79800 +80400 9002 1001 100000
a contact +80400 +81000 1001 9001 100000
a contact +80400 +81000 1001 9002 100000
a contact +80400 +81000 1002 2010 10000
a contact +80400 +81000 2010 1002 10000
a contact +80400 +81000 9001 1001 100000
a contact +80400 +81000 9002 1001 100000
a contact +81000 +82800 1001 2005 10000
a contact +81000 +82800 1001 9001 100000
a contact +80400 +82800 1001 2014 10000
a contact +81000 +82800 1002 2013 10000
a contact +81000 +82800 2005 1001 10000
a contact +81000 +82800 2013 1002 10000
a contact +80400 +82800 2014 1001 10000
a contact +81000 +82800 9001 1001 100000
a contact +82800 +83400 1001 9001 100000
a contact +82800 +83400 1002 2002 10000
a contact +82800 +83400 2002 1002 10000
a contact +82800 +83400 9001 1001 100000
a contact +83400 +84000 1003 2006 10000
a contact +83400 +84000 2006 1003 10000
a contact +83400 +85200 1001 2005 10000
a contact +83400 +85200 1001 9001 100000
a contact +83400 +85200 2005 1001 10000
a contact +83400 +85200 9001 1001 100000
a contact +85200 +85800 1001 9001 100000
a contact +85200 +85800 9001 1001 100000
a contact +85800 +86400 1001 2005 10000
a contact +85800 +86400 1001 9001 100000
a contact +83400 +86400 1001 2014 10000
a contact +80400 +86400 1002 2009 10000
a contact +83400 +86400 1002 2013 10000
a contact +85200 +86400 1003 2006 10000
a contact +85800 +86400 2005 1001 10000
a contact +85200 +86400 2006 1003 10000
a contact +80400 +86400 2009 1002 10000
a contact +83400 +86400 2013 1002 10000
a contact +83400 +86400 2014 1001 10000
a contact +85800 +86400 9001 1001 100000

a range +0 +3600 1001 2014 0
a range +0 +3600 2014 1001 0
a range +0 +6600 1001 2007 0
a range +0 +6600 2007 1001 0
a range +0 +7800 1002 2005 0
a range +0 +7800 2005 1002 0
a range +0 +8400 1002 2001 0
a range +0 +8400 2001 1002 0
a range +6600 +9600 1001 2014 0
a range +3600 +9600 1001 2008 0
a range +3600 +9600 2008 1001 0
a range +6600 +9600 2014 1001 0
a range +8400 +12000 1002 9001 0
a range +8400 +12000 9001 1002 0
a range +9600 +12600 1001 2002 0
a range +9600 +12600 2002 1001 0
a range +0 +13200 1001 2013 0
a range +12000 +13200 1002 2001 0
a range +12000 +13200 2001 1002 0
a range +0 +13200 2013 1001 0
a range +8400 +14400 1002 9002 0
a range +13200 +14400 1002 9001 0
a range +13200 +14400 9001 1002 0
a range +8400 +14400 9002 1002 0
a range +14400 +15000 1002 9002 0
a range +14400 +15000 9002 1002 0
a range +15000 +15600 1001 9001 0
a range +15000 +15600 9001 1001 0
a range +16200 +16800 1001 9001 0
a range +15000 +16800 1002 9002 0
a range +16200 +16800 9001 1001 0
a range +15000 +16800 9002 1002 0
a range +16800 +17400 1001 9002 0
a range +16800 +17400 1002 2002 0
a range +16800 +17400 2002 1002 0
a range +16800 +17400 9002 1001 0
a range +17400 +18000 1001 9001 0
a range +17400 +18000 9001 1001 0
a range +18000 +18600 1001 9002 0
a range +18000 +18600 9002 1001 0
a range +0 +19200 1002 2011 0
a range +0 +19200 2011 1002 0
a range +19800 +20400 1002 2002 0
a range +0 +20400 1003 2003 0
a range +0 +20400 1003 2012 0
a range +19800 +20400 2002 1002 0
a range +0 +20400 2003 1003 0
a range +0 +20400 2012 1003 0
a range +20400 +22200 1001 9002 0
a range +0 +22200 1003 2015 0
a range +0 +22200 2015 1003 0
a range +20400 +22200 9002 1001 0
a range +21600 +22800 1003 9001 0
a range +21600 +22800 9001 1003 0
a range +22200 +24000 1003 9002 0
a range +22200 +24000 9002 1003 0
a range +24000 +24600 1003 9002 0
a range +24000 +24600 9002 1003 0
a range +25200 +25800 1003 9001 0
a range +25200 +25800 9001 1003 0
a range +26400 +27000 1002 2008 0
a range +26400 +27000 1003 9001 0
a range +26400 +27000 2008 1002 0
a range +26400 +27000 9001 1003 0
a range +27000 +28200 1001 2010 0
a range +27600 +28200 1002 9001 0
a range +26400 +28200 1003 2006 0
a range +24600 +28200 1003 9002 0
a range +26400 +28200 2006 1003 0
a range +27000 +28200 2010 1001 0
a range +27600 +28200 9001 1002 0
a range +24600 +28200 9002 1003 0
a range +9600 +28800 1001 2016 0
a range +9600 +28800 2016 1001 0
a range +12600 +29400 1001 2007 0
a range +19200 +29400 1002 2004 0
a range +19200 +29400 2004 1002 0
a range +12600 +29400 2007 1001 0
a range +28800 +30000 1002 9001 0
a range +28800 +30000 9001 1002 0
a range +31200 +31800 1002 2001 0
a range +31200 +31800 2001 1002 0
a range +32400 +33000 1001 2006 0
a range +32400 +33000 1003 2004 0
a range +32400 +33000 2004 1003 0
a range +32400 +33000 2006 1001 0
a range +30000 +33600 1002 2010 0
a range +30000 +33600 2010 1002 0
a range +35400 +36000 1001 9001 0
a range +35400 +36000 9001 1001 0
a range +33000 +36600 1001 2002 0
a range +33000 +36600 2002 1001 0
a range +36600 +37800 1001 2002 0
a range +36600 +37800 2002 1001 0
a range +37200 +38400 1001 2006 0
a range +37200 +38400 1001 9002 0
a range +37200 +38400 2006 1001 0
a range +37200 +38400 9002 1001 0
a range +40800 +41400 1001 9002 0
a range +40800 +41400 9002 1001 0
a range +38400 +42000 1003 2010 0
a range +38400 +42000 2010 1003 0
a range +41400 +43200 1001 9002 0
a range +41400 +43200 9002 1001 0
a range +42000 +43800 1001 2010 0
a range +40800 +43800 1001 2001 0
a range +40800 +43800 2001 1001 0
a range +42000 +43800 2010 1001 0
a range +43800 +44400 1003 9001 0
a range +43200 +44400 1003 9002 0
a range +43800 +44400 9001 1003 0
a range +43200 +44400 9002 1003 0
a range +44400 +45000 1001 9002 0
a range +44400 +45000 1002 2004 0
a range +42600 +45000 1003 2008 0
a range +44400 +45000 1003 2002 0
a range +44400 +45000 2002 1003 0
a range +44400 +45000 2004 1002 0
a range +42600 +45000 2008 1003 0
a range +44400 +45000 9002 1001 0
a range +45600 +46200 1003 2001 0
a range +45600 +46200 1003 9001 0
a range +45000 +46200 1003 9002 0
a range +45600 +46200 2001 1003 0
a range +45600 +46200 9001 1003 0
a range +45000 +46200 9002 1003 0
a range +46200 +47400 1001 9002 0
a range +46200 +47400 9002 1001 0
a range +46800 +48000 1002 2005 0
a range +46800 +48000 1002 9001 0
a range +47400 +48000 1003 9002 0
a range +46800 +48000 2005 1002 0
a range +46800 +48000 9001 1002 0
a range +47400 +48000 9002 1003 0
a range +47400 +49200 1001 2008 0
a range +47400 +49200 1002 2006 0
a range +48600 +49200 1003 9002 0
a range +48600 +49200 1003 2009 0
a range +48600 +49200 1003 9001 0
a range +47400 +49200 2006 1002 0
a range +47400 +49200 2008 1001 0
a range +48600 +49200 2009 1003 0
a range +48600 +49200 9001 1003 0
a range +48600 +49200 9002 1003 0
a range +48600 +50400 1002 2002 0
a range +49800 +50400 1002 2006 0
a range +49800 +50400 1002 9001 0
a range +49800 +50400 1003 9002 0
a range +48600 +50400 2002 1002 0
a range +49800 +50400 2006 1002 0
a range +49800 +50400 9001 1002 0
a range +49800 +50400 9002 1003 0
a range +50400 +51000 1002 9001 0
a range +50400 +51000 9001 1002 0
a range +51000 +51600 1002 9001 0
a range +51000 +51600 9001 1002 0
a range +51600 +52200 1002 9001 0
a range +50400 +52200 1003 9002 0
a range +51600 +52200 9001 1002 0
a range +50400 +52200 9002 1003 0
a range +52200 +52800 1002 2001 0
a range +52200 +52800 2001 1002 0
a range +52800 +53400 1003 2009 0
a range +52800 +53400 2009 1003 0
a range +53400 +54000 1001 2004 0
a range +52200 +54000 1002 9002 0
a range +53400 +54000 2004 1001 0
a range +52200 +54000 9002 1002 0
a range +54000 +54600 1002 9001 0
a range +54000 +54600 9001 1002 0
a range +54600 +55200 1001 2010 0
a range +54600 +55200 2010 1001 0
a range +54600 +55800 1002 9002 0
a range +54600 +55800 9002 1002 0
a range +56400 +57000 1002 9002 0
a range +56400 +57000 9002 1002 0
a range +57600 +58200 1002 9002 0
a range +55200 +58200 1003 2005 0
a range +55200 +58200 2005 1003 0
a range +57600 +58200 9002 1002 0
a range +58200 +59400 1002 2008 0
a range +58200 +59400 1002 2004 0
a range +58200 +59400 2004 1002 0
a range +58200 +59400 2008 1002 0
a range +56400 +60000 1001 9001 0
a range +56400 +60000 9001 1001 0
a range +60600 +61200 1001 2009 0
a range +60000 +61200 1002 2004 0
a range +59400 +61200 1003 2008 0
a range +60000 +61200 2004 1002 0
a range +59400 +61200 2008 1003 0
a range +60600 +61200 2009 1001 0
a range +64800 +65400 1002 2014 0
a range +64800 +65400 2014 1002 0
a range +66000 +66600 1001 2009 0
a range +63600 +66600 1003 2008 0
a range +63600 +66600 2008 1003 0
a range +66000 +66600 2009 1001 0
a range +64800 +67200 1003 9001 0
a range +64800 +67200 9001 1003 0
a range +67200 +67800 1003 9002 0
a range +67200 +67800 9002 1003 0
a range +67800 +68400 1001 2004 0
a range +67800 +68400 2004 1001 0
a range +66600 +69000 1002 2006 0
a range +68400 +69000 1003 2010 0
a range +68400 +69000 1003 9001 0
a range +67800 +69000 1003 2007 0
a range +66600 +69000 2006 1002 0
a range +67800 +69000 2007 1003 0
a range +68400 +69000 2010 1003 0
a range +68400 +69000 9001 1003 0
a range +69000 +69600 1003 9002 0
a range +69000 +69600 9002 1003 0
a range +69000 +70800 1002 2010 0
a range +69000 +70800 2010 1002 0
a range +70800 +72000 1003 2001 0
a range +70200 +72000 1003 9002 0
a range +70800 +72000 2001 1003 0
a range +70200 +72000 9002 1003 0
a range +69600 +73200 1001 2006 0
a range +70200 +73200 1002 9001 0
a range +72000 +73200 1003 9002 0
a range +69600 +73200 2006 1001 0
a range +70200 +73200 9001 1002 0
a range +72000 +73200 9002 1003 0
a range +73200 +73800 1002 9002 0
a range +73200 +73800 9002 1002 0
a range +73800 +74400 1003 9002 0
a range +73800 +74400 9002 1003 0
a range +74400 +75000 1003 9002 0
a range +74400 +75000 9002 1003 0
a range +72000 +75600 1002 2002 0
a range +74400 +75600 1003 2004 0
a range +72600 +75600 1003 2010 0
a range +72000 +75600 2002 1002 0
a range +74400 +75600 2004 1003 0
a range +72600 +75600 2010 1003 0
a range +73200 +76200 1001 2014 0
a range +75600 +76200 1002 9001 0
a range +75600 +76200 1002 2004 0
a range +75600 +76200 1003 9002 0
a range +75600 +76200 2004 1002 0
a range +73200 +76200 2014 1001 0
a range +75600 +76200 9001 1002 0
a range +75600 +76200 9002 1003 0
a range +76200 +76800 1001 2005 0
a range +69000 +76800 1002 2009 0
a range +76200 +76800 1002 2016 0
a range +76200 +76800 1002 2013 0
a range +75000 +76800 1003 2006 0
a range +75600 +76800 1003 2001 0
a range +75600 +76800 2001 1003 0
a range +76200 +76800 2005 1001 0
a range +75000 +76800 2006 1003 0
a range +69000 +76800 2009 1002 0
a range +76200 +76800 2013 1002 0
a range +76200 +76800 2016 1002 0
a range +76200 +77400 1001 9001 0
a range +76200 +77400 1001 2014 0
a range +76800 +77400 1002 9002 0
a range +76200 +77400 2014 1001 0
a range +76200 +77400 9001 1001 0
a range +76800 +77400 9002 1002 0
a range +77400 +78000 1001 2005 0
a range +77400 +78000 2005 1001 0
a range +78000 +78600 1002 2009 0
a range +78000 +78600 1002 2013 0
a range +78000 +78600 1003 2002 0
a range +78000 +78600 2002 1003 0
a range +78000 +78600 2009 1002 0
a range +78000 +78600 2013 1002 0
a range +78600 +79200 1001 9001 0
a range +78600 +79200 1001 9002 0
a range +78600 +79200 9001 1001 0
a range +78600 +79200 9002 1001 0
a range +79200 +79800 1002 2002 0
a range +79200 +79800 2002 1002 0
a range +79800 +80400 1001 9001 0
a range +79800 +80400 1001 9002 0
a range +79800 +80400 1002 2007 0
a range +79200 +80400 1003 2006 0
a range +79200 +80400 2006 1003 0
a range +79800 +80400 2007 1002 0
a range +79800 +80400 9001 1001 0
a range +79800 +80400 9002 1001 0
a range +80400 +81000 1001 9001 0
a range +80400 +81000 1001 9002 0
a range +80400 +81000 1002 2010 0
a range +80400 +81000 2010 1002 0
a range +80400 +81000 9001 1001 0
a range +80400 +81000 9002 1001 0
a range +81000 +82800 1001 2005 0
a range +81000 +82800 1001 9001 0
a range +80400 +82800 1001 2014 0
a range +81000 +82800 1002 2013 0
a range +81000 +82800 2005 1001 0
a range +81000 +82800 2013 1002 0
a range +80400 +82800 2014 1001 0
a range +81000 +82800 9001 1001 0
a range +82800 +83400 1001 9001 0
a range +82800 +83400 1002 2002 0
a range +82800 +83400 2002 1002 0
a range +82800 +83400 9001 1001 0
a range +83400 +84000 1003 2006 0
a range +83400 +84000 2006 1003 0
a range +83400 +85200 1001 2005 0
a range +83400 +85200 1001 9001 0
a range +83400 +85200 2005 1001 0
a range +83400 +85200 9001 1001 0
a range +85200 +85800 1001 9001 0
a range +85200 +85800 9001 1001 0
a range +85800 +86400 1001 2005 0
a range +85800 +86400 1001 9001 0
a range +83400 +86400 1001 2014 0
a range +80400 +86400 1002 2009 0
a range +83400 +86400 1002 2013 0
a range +85200 +86400 1003 2006 0
a range +85800 +86400 2005 1001 0
a range +85200 +86400 2006 1003 0
a range +80400 +86400 2009 1002 0
a range +83400 +86400 2013 1002 0
a range +83400 +86400 2014 1001 0
a range +85800 +86400 9001 1001 0
