a contact +100 +200 2002 9002 1000
a contact +100 +200 2018 2050 1000
a contact +100 +200 2023 2043 1000
a contact +100 +200 2024 2044 1000
a contact +100 +200 2043 2023 1000
a contact +100 +200 2044 2024 1000
a contact +100 +200 2050 2018 1000
a contact +100 +200 9002 2002 1000
a contact +200 +300 2018 2049 1000
a contact +200 +300 2024 2043 1000
a contact +200 +300 2025 2044 1000
a contact +200 +300 2043 2024 1000
a contact +200 +300 2044 2025 1000
a contact +200 +300 2049 2018 1000
a contact +300 +400 1003 2060 1000
a contact +300 +400 1004 2059 1000
a contact +300 +400 2004 9001 1000
a contact +300 +400 2018 2048 1000
a contact +300 +400 2048 2018 1000
a contact +300 +400 2059 1004 1000
a contact +300 +400 2060 1003 1000
a contact +300 +400 9001 2004 1000
a contact +600 +700 2027 2042 1000
a contact +600 +700 2042 2027 1000
a contact +700 +800 2013 2052 1000
a contact +700 +800 2052 2013 1000
a contact +900 +1000 2018 2045 1000
a contact +900 +1000 2027 2040 1000
a contact +900 +1000 2040 2027 1000
a contact +900 +1000 2045 2018 1000
a contact +1000 +1100 2019 2044 1000
a contact +1000 +1100 2023 2048 1000
a contact +1000 +1100 2044 2019 1000
a contact +1000 +1100 2048 2023 1000
a contact +1100 +1200 1001 1004 1000
a contact +1100 +1200 1004 1001 1000
a contact +1100 +1200 2026 2038 1000
a contact +1100 +1200 2038 2026 1000
a contact +1500 +1600 2032 2043 1000
a contact +1500 +1600 2043 2032 1000
a contact +1600 +1700 2027 2032 1000
a contact +1600 +1700 2032 2027 1000
a contact +1800 +1900 2038 2041 1000
a contact +1800 +1900 2039 2040 1000
a contact +1800 +1900 2040 2039 1000
a contact +1800 +1900 2041 2038 1000
a contact +2100 +2200 2028 9001 1000
a contact +2100 +2200 9001 2028 1000
a contact +2300 +2400 1001 1004 1000
a contact +2300 +2400 1004 1001 1000
a contact +2300 +2400 2003 2047 1000
a contact +2300 +2400 2032 2050 1000
a contact +2300 +2400 2047 2003 1000
a contact +2300 +2400 2050 2032 1000
a contact +2500 +2600 2041 2043 1000
a contact +2500 +2600 2043 2041 1000
a contact +2600 +2700 2042 2043 1000
a contact +2600 +2700 2043 2042 1000
a contact +2800 +2900 1003 2012 1000
a contact +2800 +2900 2012 1003 1000
a contact +2900 +3000 2008 2018 1000
a contact +2900 +3000 2018 2008 1000
a contact +2900 +3000 2039 2059 1000
a contact +2900 +3000 2041 2060 1000
a contact +2900 +3000 2059 2039 1000
a contact +2900 +3000 2060 2041 1000
a contact +3000 +3100 1001 2024 1000
a contact +3000 +3100 2012 2023 1000
a contact +3000 +3100 2023 2012 1000
a contact +3000 +3100 2024 1001 1000
a contact +3000 +3100 2025 2055 1000
a contact +3000 +3100 2055 2025 1000
a contact +3400 +3500 2005 2038 1000
a contact +3400 +3500 2038 2005 1000
a contact +3500 +3600 1001 2011 1000
a contact +3500 +3600 2011 1001 1000
a contact +3500 +3600 2026 2057 1000
a contact +3500 +3600 2057 2026 1000
a contact +4000 +4100 2003 2014 1000
a contact +4000 +4100 2014 2003 1000
a contact +4100 +4200 2004 2043 1000
a contact +4100 +4200 2043 2004 1000
a contact +4300 +4400 2013 2028 1000
a contact +4300 +4400 2028 2013 1000
a contact +4900 +5000 1004 2026 1000
a contact +4900 +5000 2026 1004 1000
a contact +5200 +5300 2055 2058 1000
a contact +5200 +5300 2058 2055 1000
a contact +5300 +5400 2008 2028 1000
a contact +5300 +5400 2028 2008 1000
a contact +5400 +5500 2054 2056 1000
a contact +5400 +5500 2056 2054 1000
a contact +5500 +5600 2017 2018 1000
a contact +5500 +5600 2018 2017 1000
a contact +5500 +5600 2052 2055 1000
a contact +5500 +5600 2054 2057 1000
a contact +5500 +5600 2055 2052 1000
a contact +5500 +5600 2057 2054 1000
a contact +5600 +5700 2052 2053 1000
a contact +5600 +5700 2053 2052 1000
a contact +5800 +5900 2051 2053 1000
a contact +5800 +5900 2053 2051 1000
a contact +5900 +6000 2023 2038 1000
a contact +5900 +6000 2038 2023 1000
a contact +6000 +6100 2053 2055 1000
a contact +6000 +6100 2055 2053 1000
a contact +6100 +6200 2001 2004 1000
a contact +6100 +6200 2004 2001 1000
a contact +6600 +6700 2019 2054 1000
a contact +6600 +6700 2054 2019 1000
a contact +6900 +7000 2017 2054 1000
a contact +6900 +7000 2054 2017 1000
a contact +7600 +7700 2002 2004 1000
a contact +7600 +7700 2004 2002 1000
a contact +7600 +7700 2023 2050 1000
a contact +7600 +7700 2050 2023 1000
a contact +7900 +8000 1004 9003 1000
a contact +7900 +8000 2037 2057 1000
a contact +7900 +8000 2057 2037 1000
a contact +7900 +8000 9003 1004 1000
a contact +8000 +8100 2016 2042 1000
a contact +8000 +8100 2037 2056 1000
a contact +8000 +8100 2042 2016 1000
a contact +8000 +8100 2056 2037 1000
a contact +8200 +8300 1003 2008 1000
a contact +8200 +8300 2008 1003 1000
a contact +8300 +8400 2002 2026 1000
a contact +8300 +8400 2015 2039 1000
a contact +8300 +8400 2026 2002 1000
a contact +8300 +8400 2039 2015 1000
a contact +8400 +8500 2004 2040 1000
a contact +8400 +8500 2040 2004 1000
a contact +8500 +8600 2012 2043 1000
a contact +8500 +8600 2043 2012 1000
a contact +8800 +8900 1004 2016 1000
a contact +8800 +8900 2016 1004 1000
a contact +8900 +9000 2017 2022 1000
a contact +8900 +9000 2022 2017 1000
a contact +9500 +9600 2002 2018 1000
a contact +9500 +9600 2018 2002 1000
a contact +9700 +9800 1004 2058 1000
a contact +9700 +9800 2058 1004 1000
a contact +9800 +9900 2002 2021 1000
a contact +9800 +9900 2021 2002 1000
a contact +10000 +10100 2012 2040 1000
a contact +10000 +10100 2040 2012 1000
a contact +10100 +10200 2021 2024 1000
a contact +10100 +10200 2024 2021 1000
a contact +10200 +10300 1003 2029 1000
a contact +10200 +10300 1004 2055 1000
a contact +10200 +10300 2029 1003 1000
a contact +10200 +10300 2055 1004 1000
a contact +10400 +10500 2009 2022 1000
a contact +10400 +10500 2022 2009 1000
a contact +10500 +10600 1004 2053 1000
a contact +10500 +10600 2053 1004 1000
a contact +11000 +11100 2026 9001 1000
a contact +11000 +11100 2028 2060 1000
a contact +11000 +11100 2060 2028 1000
a contact +11000 +11100 9001 2026 1000
a contact +11300 +11400 2014 2034 1000
a contact +11300 +11400 2034 2014 1000
a contact +11400 +11500 1001 2043 1000
a contact +11400 +11500 2043 1001 1000
a contact +11600 +11700 2004 2044 1000
a contact +11600 +11700 2044 2004 1000
a contact +11700 +11800 1004 2048 1000
a contact +11700 +11800 2048 1004 1000
a contact +11800 +11900 2024 2043 1000
a contact +11800 +11900 2043 2024 1000
a contact +11900 +12000 2035 2038 1000
a contact +11900 +12000 2038 2035 1000
a contact +12200 +12300 2024 2044 1000
a contact +12200 +12300 2025 2042 1000
a contact +12200 +12300 2042 2025 1000
a contact +12200 +12300 2044 2024 1000
a contact +12200 +12300 2057 2058 1000
a contact +12200 +12300 2058 2057 1000
a contact +12300 +12400 2029 2042 1000
a contact +12300 +12400 2042 2029 1000
a contact +12400 +12500 1002 2019 1000
a contact +12400 +12500 2019 1002 1000
a contact +12800 +12900 2020 2047 1000
a contact +12800 +12900 2047 2020 1000
a contact +12900 +13000 1004 2037 1000
a contact +12900 +13000 2037 1004 1000
a contact +13400 +13500 1001 2034 1000
a contact +13400 +13500 2034 1001 1000
a contact +13500 +13600 1004 2032 1000
a contact +13500 +13600 2032 1004 1000
a contact +14100 +14200 2034 2047 1000
a contact +14100 +14200 2047 2034 1000
a contact +14200 +14300 2031 2058 1000
a contact +14200 +14300 2058 2031 1000
a contact +14300 +14400 2036 2054 1000
a contact +14300 +14400 2054 2036 1000
a contact +14700 +14800 2008 2050 1000
a contact +14700 +14800 2009 2039 1000
a contact +14700 +14800 2039 2009 1000
a contact +14700 +14800 2050 2008 1000
a contact +15600 +15700 2019 2020 1000
a contact +15600 +15700 2020 2019 1000
a contact +16200 +16300 1004 2009 1000
a contact +16200 +16300 2009 1004 1000
a contact +16300 +16400 2045 2059 1000
a contact +16300 +16400 2059 2045 1000
a contact +16400 +16500 2048 2051 1000
a contact +16400 +16500 2051 2048 1000
a contact +16600 +16700 2040 2054 1000
a contact +16600 +16700 2054 2040 1000
a contact +16900 +17000 2040 2053 1000
a contact +16900 +17000 2053 2040 1000
a contact +17400 +17500 2009 2045 1000
a contact +17400 +17500 2045 2009 1000
a contact +17500 +17600 2053 2056 1000
a contact +17500 +17600 2056 2053 1000
a contact +17600 +17700 2017 2019 1000
a contact +17600 +17700 2019 2017 1000
a contact +17900 +18000 2058 2060 1000
a contact +17900 +18000 2060 2058 1000
a contact +18300 +18400 2008 2018 1000
a contact +18300 +18400 2018 2008 1000
a contact +18300 +18400 2019 2051 1000
a contact +18300 +18400 2051 2019 1000
a contact +18500 +18600 1004 2001 1000
a contact +18500 +18600 2001 1004 1000
a contact +18500 +18600 2018 2051 1000
a contact +18500 +18600 2051 2018 1000
a contact +18800 +18900 2018 2050 1000
a contact +18800 +18900 2050 2018 1000
a contact +19100 +19200 2006 2021 1000
a contact +19100 +19200 2021 2006 1000
a contact +19600 +19700 2017 2020 1000
a contact +19600 +19700 2020 2017 1000
a contact +19600 +19700 2039 2044 1000
a contact +19600 +19700 2044 2039 1000
a contact +19800 +19900 2006 2031 1000
a contact +19800 +19900 2031 2006 1000
a contact +19800 +19900 2033 2060 1000
a contact +19800 +19900 2034 9002 1000
a contact +19800 +19900 2060 2033 1000
a contact +19800 +19900 9002 2034 1000
a contact +19900 +20000 2003 2054 1000
a contact +19900 +20000 2033 2059 1000
a contact +19900 +20000 2054 2003 1000
a contact +19900 +20000 2059 2033 1000
a contact +20000 +20100 2003 2053 1000
a contact +20000 +20100 2053 2003 1000
a contact +20100 +20200 2003 2051 1000
a contact +20100 +20200 2051 2003 1000
a contact +20200 +20300 2017 2060 1000
a contact +20200 +20300 2042 9002 1000
a contact +20200 +20300 2060 2017 1000
a contact +20200 +20300 9002 2042 1000
a contact +20300 +20400 2006 2058 1000
a contact +20300 +20400 2058 2006 1000
a contact +20400 +20500 2001 2029 1000
a contact +20400 +20500 2016 2027 1000
a contact +20400 +20500 2027 2016 1000
a contact +20400 +20500 2029 2001 1000
a contact +20700 +20800 2005 2036 1000
a contact +20700 +20800 2008 2049 1000
a contact +20700 +20800 2012 2053 1000
a contact +20700 +20800 2020 2025 1000
a contact +20700 +20800 2025 2020 1000
a contact +20700 +20800 2036 2005 1000
a contact +20700 +20800 2049 2008 1000
a contact +20700 +20800 2053 2012 1000
a contact +20800 +20900 2042 2059 1000
a contact +20800 +20900 2059 2042 1000
a contact +21500 +21600 2010 2037 1000
a contact +21500 +21600 2037 2010 1000
a contact +21600 +21700 2042 2055 1000
a contact +21600 +21700 2055 2042 1000
a contact +21700 +21800 2005 2046 1000
a contact +21700 +21800 2046 2005 1000
a contact +21900 +22000 2042 2053 1000
a contact +21900 +22000 2053 2042 1000
a contact +22100 +22200 1002 2005 1000
a contact +22100 +22200 2005 1002 1000
a contact +22200 +22300 2016 2044 1000
a contact +22200 +22300 2044 2016 1000
a contact +22400 +22500 1004 2019 1000
a contact +22400 +22500 2019 1004 1000
a contact +22500 +22600 1004 2027 1000
a contact +22500 +22600 2027 1004 1000
a contact +22600 +22700 2045 2055 1000
a contact +22600 +22700 2055 2045 1000
a contact +22800 +22900 2055 2060 1000
a contact +22800 +22900 2060 2055 1000
a contact +22900 +23000 2004 2023 1000
a contact +22900 +23000 2023 2004 1000
a contact +22900 +23000 2047 2050 1000
a contact +22900 +23000 2050 2047 1000
a contact +23400 +23500 1004 2045 1000
a contact +23400 +23500 2045 1004 1000
a contact +23500 +23600 1003 2045 1000
a contact +23500 +23600 2045 1003 1000
a contact +23500 +23600 2054 2057 1000
a contact +23500 +23600 2057 2054 1000
a contact +23600 +23700 1003 2042 1000
a contact +23600 +23700 2016 2018 1000
a contact +23600 +23700 2018 2016 1000
a contact +23600 +23700 2042 1003 1000
a contact +23700 +23800 2021 2041 1000
a contact +23700 +23800 2041 2021 1000
a contact +24100 +24200 2022 2034 1000
a contact +24100 +24200 2034 2022 1000
a contact +24400 +24500 2011 2031 1000
a contact +24400 +24500 2031 2011 1000
a contact +24600 +24700 1002 2003 1000
a contact +24600 +24700 2003 1002 1000
a contact +25000 +25100 2005 2053 1000
a contact +25000 +25100 2053 2005 1000
a contact +25100 +25200 2012 2047 1000
a contact +25100 +25200 2047 2012 1000
a contact +25300 +25400 1004 2024 1000
a contact +25300 +25400 2011 2053 1000
a contact +25300 +25400 2024 1004 1000
a contact +25300 +25400 2053 2011 1000
a contact +25400 +25500 2022 2052 1000
a contact +25400 +25500 2052 2022 1000
a contact +25700 +25800 1004 2052 1000
a contact +25700 +25800 2052 1004 1000
a contact +26000 +26100 2013 2056 1000
a contact +26000 +26100 2056 2013 1000
a contact +26100 +26200 2011 2042 1000
a contact +26100 +26200 2042 2011 1000
a contact +26200 +26300 2031 2049 1000
a contact +26200 +26300 2049 2031 1000
a contact +27500 +27600 1003 2015 1000
a contact +27500 +27600 2006 2009 1000
a contact +27500 +27600 2009 2006 1000
a contact +27500 +27600 2015 1003 1000
a contact +28000 +28100 1002 2021 1000
a contact +28000 +28100 2021 1002 1000
a contact +28200 +28300 2005 2049 1000
a contact +28200 +28300 2049 2005 1000
a contact +28400 +28500 2024 2058 1000
a contact +28400 +28500 2058 2024 1000
a contact +28500 +28600 2009 2037 1000
a contact +28500 +28600 2037 2009 1000
a contact +29100 +29200 2009 2021 1000
a contact +29100 +29200 2021 2009 1000
a contact +29200 +29300 2009 2014 1000
a contact +29200 +29300 2014 2009 1000
a contact +29700 +29800 1003 2031 1000
a contact +29700 +29800 2022 2041 1000
a contact +29700 +29800 2031 1003 1000
a contact +29700 +29800 2041 2022 1000
a contact +29800 +29900 2021 2040 1000
a contact +29800 +29900 2040 2021 1000
a contact +29900 +30000 2022 2040 1000
a contact +29900 +30000 2040 2022 1000
a contact +30100 +30200 2020 2037 1000
a contact +30100 +30200 2026 2040 1000
a contact +30100 +30200 2037 2020 1000
a contact +30100 +30200 2040 2026 1000
a contact +30200 +30300 2015 2049 1000
a contact +30200 +30300 2049 2015 1000
a contact +30300 +30400 2001 2003 1000
a contact +30300 +30400 2003 2001 1000
a contact +30300 +30400 2025 2041 1000
a contact +30300 +30400 2041 2025 1000
a contact +30600 +30700 2021 2056 1000
a contact +30600 +30700 2056 2021 1000
a contact +30800 +30900 2028 2050 1000
a contact +30800 +30900 2050 2028 1000
a contact +31100 +31200 2014 2050 1000
a contact +31100 +31200 2024 2038 1000
a contact +31100 +31200 2038 2024 1000
a contact +31100 +31200 2050 2014 1000
a contact +31200 +31300 1001 2010 1000
a contact +31200 +31300 2010 1001 1000
a contact +31300 +31400 1001 2009 1000
a contact +31300 +31400 2009 1001 1000
a contact +31500 +31600 2035 2051 1000
a contact +31500 +31600 2051 2035 1000
a contact +31700 +31800 2009 9002 1000
a contact +31700 +31800 2016 2041 1000
a contact +31700 +31800 2041 2016 1000
a contact +31700 +31800 9002 2009 1000
a contact +31800 +31900 2010 2021 1000
a contact +31800 +31900 2021 2010 1000
a contact +31800 +31900 2043 2059 1000
a contact +31800 +31900 2059 2043 1000
a contact +32300 +32400 2004 2050 1000
a contact +32300 +32400 2050 2004 1000
a contact +32600 +32700 2035 9002 1000
a contact +32600 +32700 9002 2035 1000
a contact +32700 +32800 2043 2054 1000
a contact +32700 +32800 2054 2043 1000
a contact +32800 +32900 2043 2053 1000
a contact +32800 +32900 2053 2043 1000
a contact +32900 +33000 1002 2052 1000
a contact +32900 +33000 2052 1002 1000
a contact +33100 +33200 2010 2028 1000
a contact +33100 +33200 2028 2010 1000
a contact +33700 +33800 2009 2042 1000
a contact +33700 +33800 2042 2009 1000
a contact +34000 +34100 2013 2038 1000
a contact +34000 +34100 2038 2013 1000
a contact +34200 +34300 2021 9003 1000
a contact +34200 +34300 2023 2058 1000
a contact +34200 +34300 2058 2023 1000
a contact +34200 +34300 9003 2021 1000
a contact +34300 +34400 2005 9003 1000
a contact +34300 +34400 2008 2035 1000
a contact +34300 +34400 2013 2037 1000
a contact +34300 +34400 2035 2008 1000
a contact +34300 +34400 2037 2013 1000
a contact +34300 +34400 9003 2005 1000
a contact +34500 +34600 2013 2016 1000
a contact +34500 +34600 2016 2013 1000
a contact +34500 +34600 2026 2055 1000
a contact +34500 +34600 2055 2026 1000
a contact +34700 +34800 1003 2040 1000
a contact +34700 +34800 2040 1003 1000
a contact +34800 +34900 1002 2040 1000
a contact +34800 +34900 2040 1002 1000
a contact +34900 +35000 1002 2041 1000
a contact +34900 +35000 1004 2045 1000
a contact +34900 +35000 2041 1002 1000
a contact +34900 +35000 2045 1004 1000
a contact +35100 +35200 2006 9003 1000
a contact +35100 +35200 9003 2006 1000
a contact +35500 +35600 2013 2015 1000
a contact +35500 +35600 2015 2013 1000
a contact +35500 +35600 2025 2044 1000
a contact +35500 +35600 2026 2045 1000
a contact +35500 +35600 2044 2025 1000
a contact +35500 +35600 2045 2026 1000
a contact +35700 +35800 2024 2042 1000
a contact +35700 +35800 2027 2043 1000
a contact +35700 +35800 2042 2024 1000
a contact +35700 +35800 2043 2027 1000
a contact +35900 +36000 2029 2043 1000
a contact +35900 +36000 2043 2029 1000
a contact +36000 +36100 1004 2052 1000
a contact +36000 +36100 2009 2010 1000
a contact +36000 +36100 2010 2009 1000
a contact +36000 +36100 2025 2040 1000
a contact +36000 +36100 2029 2044 1000
a contact +36000 +36100 2040 2025 1000
a contact +36000 +36100 2044 2029 1000
a contact +36000 +36100 2052 1004 1000
a contact +36000 +36100 2057 2060 1000
a contact +36000 +36100 2060 2057 1000
a contact +36100 +36200 2028 2045 1000
a contact +36100 +36200 2029 2042 1000
a contact +36100 +36200 2042 2029 1000
a contact +36100 +36200 2045 2028 1000
a contact +36300 +36400 2005 2010 1000
a contact +36300 +36400 2010 2005 1000
a contact +36400 +36500 1004 2056 1000
a contact +36400 +36500 2056 1004 1000
a contact +36900 +37000 2019 2050 1000
a contact +36900 +37000 2033 2044 1000
a contact +36900 +37000 2041 2043 1000
a contact +36900 +37000 2043 2041 1000
a contact +36900 +37000 2044 2033 1000
a contact +36900 +37000 2050 2019 1000
a contact +37000 +37100 1003 9001 1000
a contact +37000 +37100 9001 1003 1000
a contact +37200 +37300 2039 2044 1000
a contact +37200 +37300 2044 2039 1000
a contact +37300 +37400 2042 2044 1000
a contact +37300 +37400 2044 2042 1000
a contact +38300 +38400 1002 2026 1000
a contact +38300 +38400 2026 1002 1000
a contact +38300 +38400 2037 2050 1000
a contact +38300 +38400 2050 2037 1000
a contact +38500 +38600 1003 2029 1000
a contact +38500 +38600 2029 1003 1000
a contact +38600 +38700 2027 9003 1000
a contact +38600 +38700 2042 2056 1000
a contact +38600 +38700 2056 2042 1000
a contact +38600 +38700 9003 2027 1000
a contact +39700 +39800 2012 2024 1000
a contact +39700 +39800 2024 2012 1000
a contact +39700 +39800 2045 2055 1000
a contact +39700 +39800 2055 2045 1000
a contact +39800 +39900 2013 2041 1000
a contact +39800 +39900 2028 2053 1000
a contact +39800 +39900 2041 2013 1000
a contact +39800 +39900 2053 2028 1000
a contact +40000 +40100 2017 2058 1000
a contact +40000 +40100 2044 2055 1000
a contact +40000 +40100 2055 2044 1000
a contact +40000 +40100 2058 2017 1000
a contact +40700 +40800 2041 9002 1000
a contact +40700 +40800 9002 2041 1000
a contact +40800 +40900 2018 2060 1000
a contact +40800 +40900 2060 2018 1000
a contact +41000 +41100 2003 2043 1000
a contact +41000 +41100 2043 2003 1000
a contact +41000 +41100 2054 2059 1000
a contact +41000 +41100 2059 2054 1000
a contact +41500 +41600 2009 2014 1000
a contact +41500 +41600 2014 2009 1000
a contact +41500 +41600 2050 2052 1000
a contact +41500 +41600 2052 2050 1000
a contact +41600 +41700 2027 2042 1000
a contact +41600 +41700 2042 2027 1000
a contact +41700 +41800 2022 2042 1000
a contact +41700 +41800 2042 2022 1000
a contact +41800 +41900 2021 2039 1000
a contact +41800 +41900 2039 2021 1000
a contact +42000 +42100 2016 2036 1000
a contact +42000 +42100 2036 2016 1000
a contact +42300 +42400 2001 2058 1000
a contact +42300 +42400 2014 2047 1000
a contact +42300 +42400 2047 2014 1000
a contact +42300 +42400 2058 2001 1000
a contact +42600 +42700 2030 2042 1000
a contact +42600 +42700 2042 2030 1000
a contact +42900 +43000 2026 2037 1000
a contact +42900 +43000 2037 2026 1000
a contact +43000 +43100 1001 2056 1000
a contact +43000 +43100 2056 1001 1000
a contact +43100 +43200 2039 2042 1000
a contact +43100 +43200 2042 2039 1000
a contact +43600 +43700 2037 9003 1000
a contact +43600 +43700 9003 2037 1000
a contact +44100 +44200 2003 2033 1000
a contact +44100 +44200 2033 2003 1000
a contact +44500 +44600 2004 2025 1000
a contact +44500 +44600 2025 2004 1000
a contact +44500 +44600 2036 2051 1000
a contact +44500 +44600 2051 2036 1000
a contact +44600 +44700 2035 2053 1000
a contact +44600 +44700 2053 2035 1000
a contact +44900 +45000 2005 2035 1000
a contact +44900 +45000 2011 2022 1000
a contact +44900 +45000 2015 2026 1000
a contact +44900 +45000 2022 2011 1000
a contact +44900 +45000 2026 2015 1000
a contact +44900 +45000 2035 2005 1000
a contact +45400 +45500 2025 2054 1000
a contact +45400 +45500 2054 2025 1000
a contact +45900 +46000 2011 2025 1000
a contact +45900 +46000 2025 2011 1000
a contact +46000 +46100 2004 2040 1000
a contact +46000 +46100 2040 2004 1000
a contact +46100 +46200 2029 2054 1000
a contact +46100 +46200 2054 2029 1000
a contact +46200 +46300 2014 2033 1000
a contact +46200 +46300 2033 2014 1000
a contact +46700 +46800 2001 2042 1000
a contact +46700 +46800 2042 2001 1000
a contact +46800 +46900 1003 2048 1000
a contact +46800 +46900 2048 1003 1000
a contact +47100 +47200 1004 2041 1000
a contact +47100 +47200 2031 2034 1000
a contact +47100 +47200 2034 2031 1000
a contact +47100 +47200 2041 1004 1000
a contact +47400 +47500 2021 2032 1000
a contact +47400 +47500 2032 2021 1000
a contact +47700 +47800 2025 2044 1000
a contact +47700 +47800 2044 2025 1000
a contact +47900 +48000 2007 2009 1000
a contact +47900 +48000 2009 2007 1000
a contact +47900 +48000 2024 2044 1000
a contact +47900 +48000 2044 2024 1000
a contact +48000 +48100 2010 2011 1000
a contact +48000 +48100 2011 2010 1000
a contact +48200 +48300 1004 2050 1000
a contact +48200 +48300 2050 1004 1000
a contact +48300 +48400 2003 2055 1000
a contact +48300 +48400 2055 2003 1000
a contact +48500 +48600 2005 2059 1000
a contact +48500 +48600 2015 2049 1000
a contact +48500 +48600 2016 2048 1000
a contact +48500 +48600 2048 2016 1000
a contact +48500 +48600 2049 2015 1000
a contact +48500 +48600 2059 2005 1000
a contact +48700 +48800 2015 2048 1000
a contact +48700 +48800 2048 2015 1000
a contact +48800 +48900 2009 2048 1000
a contact +48800 +48900 2048 2009 1000
a contact +49100 +49200 2036 2039 1000
a contact +49100 +49200 2039 2036 1000
a contact +49400 +49500 2002 2052 1000
a contact +49400 +49500 2052 2002 1000
a contact +50000 +50100 2018 2051 1000
a contact +50000 +50100 2051 2018 1000
a contact +50300 +50400 1002 2011 1000
a contact +50300 +50400 2011 1002 1000
a contact +50400 +50500 2035 2060 1000
a contact +50400 +50500 2036 2052 1000
a contact +50400 +50500 2052 2036 1000
a contact +50400 +50500 2060 2035 1000
a contact +50700 +50800 2016 2029 1000
a contact +50700 +50800 2029 2016 1000
a contact +50900 +51000 2017 2060 1000
a contact +50900 +51000 2060 2017 1000
a contact +51100 +51200 1001 2012 1000
a contact +51100 +51200 1003 2026 1000
a contact +51100 +51200 2012 1001 1000
a contact +51100 +51200 2026 1003 1000
a contact +51100 +51200 2045 2058 1000
a contact +51100 +51200 2058 2045 1000
a contact +51300 +51400 2015 2033 1000
a contact +51300 +51400 2033 2015 1000
a contact +51300 +51400 2042 2052 1000
a contact +51300 +51400 2043 2053 1000
a contact +51300 +51400 2052 2042 1000
a contact +51300 +51400 2053 2043 1000
a contact +51400 +51500 2006 2034 1000
a contact +51400 +51500 2034 2006 1000
a contact +51500 +51600 2010 2030 1000
a contact +51500 +51600 2030 2010 1000
a contact +51800 +51900 2002 2032 1000
a contact +51800 +51900 2032 2002 1000
a contact +51900 +52000 2002 2034 1000
a contact +51900 +52000 2034 2002 1000
a contact +52200 +52300 2030 2052 1000
a contact +52200 +52300 2052 2030 1000
a contact +52400 +52500 2011 2048 1000
a contact +52400 +52500 2048 2011 1000
a contact +52900 +53000 2016 2035 1000
a contact +52900 +53000 2035 2016 1000
a contact +53500 +53600 2002 2049 1000
a contact +53500 +53600 2024 2026 1000
a contact +53500 +53600 2026 2024 1000
a contact +53500 +53600 2049 2002 1000
a contact +53600 +53700 2010 2012 1000
a contact +53600 +53700 2012 2010 1000
a contact +53900 +54000 2002 2046 1000
a contact +53900 +54000 2008 2009 1000
a contact +53900 +54000 2009 2008 1000
a contact +53900 +54000 2046 2002 1000
a contact +54000 +54100 2013 2015 1000
a contact +54000 +54100 2015 2013 1000
a contact +54400 +54500 2034 2045 1000
a contact +54400 +54500 2045 2034 1000
a contact +54600 +54700 2020 2052 1000
a contact +54600 +54700 2052 2020 1000
a contact +54700 +54800 1004 9002 1000
a contact +54700 +54800 2016 2054 1000
a contact +54700 +54800 2054 2016 1000
a contact +54700 +54800 9002 1004 1000
a contact +55200 +55300 2001 2012 1000
a contact +55200 +55300 2012 2001 1000
a contact +55400 +55500 1004 2028 1000
a contact +55400 +55500 2023 2051 1000
a contact +55400 +55500 2028 1004 1000
a contact +55400 +55500 2051 2023 1000
a contact +55600 +55700 2009 2051 1000
a contact +55600 +55700 2039 2059 1000
a contact +55600 +55700 2051 2009 1000
a contact +55600 +55700 2059 2039 1000
a contact +55700 +55800 2039 2058 1000
a contact +55700 +55800 2058 2039 1000
a contact +55800 +55900 2039 2057 1000
a contact +55800 +55900 2057 2039 1000
a contact +56100 +56200 2039 2055 1000
a contact +56100 +56200 2055 2039 1000
a contact +56400 +56500 2001 2025 1000
a contact +56400 +56500 2025 2001 1000
a contact +56600 +56700 2001 2027 1000
a contact +56600 +56700 2027 2001 1000
a contact +56700 +56800 2001 2028 1000
a contact +56700 +56800 2028 2001 1000
a contact +56800 +56900 2001 2029 1000
a contact +56800 +56900 2010 2020 1000
a contact +56800 +56900 2020 2010 1000
a contact +56800 +56900 2029 2001 1000
a contact +56900 +57000 2017 2028 1000
a contact +56900 +57000 2028 2017 1000
a contact +57100 +57200 2011 2041 1000
a contact +57100 +57200 2041 2011 1000
a contact +57200 +57300 2001 2033 1000
a contact +57200 +57300 2033 2001 1000
a contact +57300 +57400 2001 2034 1000
a contact +57300 +57400 2034 2001 1000
a contact +57600 +57700 2002 2036 1000
a contact +57600 +57700 2007 2038 1000
a contact +57600 +57700 2036 2002 1000
a contact +57600 +57700 2038 2007 1000
a contact +57700 +57800 2040 2051 1000
a contact +57700 +57800 2044 2055 1000
a contact +57700 +57800 2051 2040 1000
a contact +57700 +57800 2055 2044 1000
a contact +58100 +58200 2002 2043 1000
a contact +58100 +58200 2043 2002 1000
a contact +58200 +58300 2008 2041 1000
a contact +58200 +58300 2041 2008 1000
a contact +58400 +58500 2006 2039 1000
a contact +58400 +58500 2032 2046 1000
a contact +58400 +58500 2039 2006 1000
a contact +58400 +58500 2046 2032 1000
a contact +58500 +58600 2030 2046 1000
a contact +58500 +58600 2046 2030 1000
a contact +59100 +59200 2022 2042 1000
a contact +59100 +59200 2042 2022 1000
a contact +59300 +59400 2035 2040 1000
a contact +59300 +59400 2040 2035 1000
a contact +59600 +59700 2026 2029 1000
a contact +59600 +59700 2029 2026 1000
a contact +59900 +60000 1004 2049 1000
a contact +59900 +60000 2049 1004 1000
a contact +60100 +60200 2027 2038 1000
a contact +60100 +60200 2038 2027 1000
a contact +60400 +60500 2008 2046 1000
a contact +60400 +60500 2023 2028 1000
a contact +60400 +60500 2028 2023 1000
a contact +60400 +60500 2046 2008 1000
a contact +60500 +60600 2010 2011 1000
a contact +60500 +60600 2011 2010 1000
a contact +60600 +60700 2022 2027 1000
a contact +60600 +60700 2027 2022 1000
a contact +60600 +60700 2041 2043 1000
a contact +60600 +60700 2043 2041 1000
a contact +60700 +60800 1002 2023 1000
a contact +60700 +60800 2023 1002 1000
a contact +61200 +61300 2038 9003 1000
a contact +61200 +61300 9003 2038 1000
a contact +61400 +61500 1001 2035 1000
a contact +61400 +61500 2002 2051 1000
a contact +61400 +61500 2008 2042 1000
a contact +61400 +61500 2035 1001 1000
a contact +61400 +61500 2042 2008 1000
a contact +61400 +61500 2051 2002 1000
a contact +61600 +61700 2013 2053 1000
a contact +61600 +61700 2016 2046 1000
a contact +61600 +61700 2046 2016 1000
a contact +61600 +61700 2053 2013 1000
a contact +61700 +61800 2012 2047 1000
a contact +61700 +61800 2023 2056 1000
a contact +61700 +61800 2037 2054 1000
a contact +61700 +61800 2047 2012 1000
a contact +61700 +61800 2054 2037 1000
a contact +61700 +61800 2056 2023 1000
a contact +61800 +61900 2014 2025 1000
a contact +61800 +61900 2025 2014 1000
a contact +61900 +62000 1002 2029 1000
a contact +61900 +62000 2013 2046 1000
a contact +61900 +62000 2029 1002 1000
a contact +61900 +62000 2039 2057 1000
a contact +61900 +62000 2046 2013 1000
a contact +61900 +62000 2057 2039 1000
a contact +62100 +62200 2021 2023 1000
a contact +62100 +62200 2023 2021 1000
a contact +62200 +62300 2021 9003 1000
a contact +62200 +62300 9003 2021 1000
a contact +62300 +62400 2015 2044 1000
a contact +62300 +62400 2044 2015 1000
a contact +62500 +62600 2040 2060 1000
a contact +62500 +62600 2060 2040 1000
a contact +62700 +62800 2045 2058 1000
a contact +62700 +62800 2058 2045 1000
a contact +62700 +62900 2003 2027 1000
a contact +62800 +62900 2004 2018 1000
a contact +62800 +62900 2018 2004 1000
a contact +62700 +62900 2027 2003 1000
a contact +62800 +62900 2035 2051 1000
a contact +62800 +62900 2045 2050 1000
a contact +62800 +62900 2050 2045 1000
a contact +62800 +62900 2051 2035 1000
a contact +62900 +63000 1003 2007 1000
a contact +62900 +63000 2007 1003 1000
a contact +63000 +63100 2007 2026 1000
a contact +63000 +63100 2026 2007 1000
a contact +63200 +63300 2047 9003 1000
a contact +63200 +63300 9003 2047 1000
a contact +63300 +63400 2014 2049 1000
a contact +63300 +63400 2018 2053 1000
a contact +63300 +63400 2021 2055 1000
a contact +63300 +63400 2049 2014 1000
a contact +63300 +63400 2053 2018 1000
a contact +63300 +63400 2055 2021 1000
a contact +63500 +63600 2021 9001 1000
a contact +63500 +63600 9001 2021 1000
a contact +63600 +63700 2027 2054 1000
a contact +63600 +63700 2054 2027 1000
a contact +64000 +64100 2043 2055 1000
a contact +64000 +64100 2055 2043 1000
a contact +64100 +64200 2008 2040 1000
a contact +64100 +64200 2040 2008 1000
a contact +64500 +64600 2030 2054 1000
a contact +64500 +64600 2054 2030 1000
a contact +65000 +65100 1001 2013 1000
a contact +65000 +65100 2013 1001 1000
a contact +65000 +65100 2016 2019 1000
a contact +65000 +65100 2019 2016 1000
a contact +66100 +66200 1002 1003 1000
a contact +66100 +66200 1003 1002 1000
a contact +66200 +66300 2023 2039 1000
a contact +66200 +66300 2039 2023 1000
a contact +66300 +66400 2010 2013 1000
a contact +66300 +66400 2013 2010 1000
a contact +66400 +66500 2006 2060 1000
a contact +66400 +66500 2060 2006 1000
a contact +67200 +67300 2021 2032 1000
a contact +67200 +67300 2032 2021 1000
a contact +67400 +67500 2007 2027 1000
a contact +67400 +67500 2027 2007 1000
a contact +67400 +67500 2028 2047 1000
a contact +67400 +67500 2047 2028 1000
a contact +67800 +67900 2015 2050 1000
a contact +67800 +67900 2034 9001 1000
a contact +67800 +67900 2050 2015 1000
a contact +67800 +67900 9001 2034 1000
a contact +68000 +68100 2025 2055 1000
a contact +68000 +68100 2034 2052 1000
a contact +68000 +68100 2039 2058 1000
a contact +68000 +68100 2052 2034 1000
a contact +68000 +68100 2055 2025 1000
a contact +68000 +68100 2058 2039 1000
a contact +68200 +68300 2005 2031 1000
a contact +68200 +68300 2013 2042 1000
a contact +68200 +68300 2031 2005 1000
a contact +68200 +68300 2042 2013 1000
a contact +68500 +68600 1002 2024 1000
a contact +68500 +68600 2004 2022 1000
a contact +68500 +68600 2022 2004 1000
a contact +68500 +68600 2024 1002 1000
a contact +68500 +68600 2039 2055 1000
a contact +68500 +68600 2055 2039 1000
a contact +68800 +68900 2016 2055 1000
a contact +68800 +68900 2055 2016 1000
a contact +69100 +69200 1003 2019 1000
a contact +69100 +69200 1004 2029 1000
a contact +69100 +69200 2019 1003 1000
a contact +69100 +69200 2029 1004 1000
a contact +69200 +69300 1004 2027 1000
a contact +69200 +69300 2027 1004 1000
a contact +69200 +69300 2036 2053 1000
a contact +69200 +69300 2053 2036 1000
a contact +69400 +69500 2044 2054 1000
a contact +69400 +69500 2049 9003 1000
a contact +69400 +69500 2054 2044 1000
a contact +69400 +69500 9003 2049 1000
a contact +69500 +69600 2001 2044 1000
a contact +69500 +69600 2044 2001 1000
a contact +69600 +69700 2005 2025 1000
a contact +69600 +69700 2025 2005 1000
a contact +69900 +70000 2009 2044 1000
a contact +69900 +70000 2026 2053 1000
a contact +69900 +70000 2044 2009 1000
a contact +69900 +70000 2053 2026 1000
a contact +70000 +70100 2009 2045 1000
a contact +70000 +70100 2045 2009 1000
a contact +70100 +70200 2014 2033 1000
a contact +70100 +70200 2015 2032 1000
a contact +70100 +70200 2032 2015 1000
a contact +70100 +70200 2033 2014 1000
a contact +70200 +70300 2008 2020 1000
a contact +70200 +70300 2020 2008 1000
a contact +70300 +70400 2011 2035 1000
a contact +70300 +70400 2029 2054 1000
a contact +70300 +70400 2035 2011 1000
a contact +70300 +70400 2054 2029 1000
a contact +70600 +70700 2010 2059 1000
a contact +70600 +70700 2023 9001 1000
a contact +70600 +70700 2059 2010 1000
a contact +70600 +70700 9001 2023 1000
a contact +70700 +70800 2005 2020 1000
a contact +70700 +70800 2020 2005 1000
a contact +71000 +71100 2014 2016 1000
a contact +71000 +71100 2016 2014 1000
a contact +71100 +71200 2006 2051 1000
a contact +71100 +71200 2051 2006 1000
a contact +71300 +71400 2013 2053 1000
a contact +71300 +71400 2053 2013 1000
a contact +71400 +71500 2016 2019 1000
a contact +71400 +71500 2019 2016 1000
a contact +71500 +71600 1001 1004 1000
a contact +71500 +71600 1004 1001 1000
a contact +71600 +71700 2027 2042 1000
a contact +71600 +71700 2032 2044 1000
a contact +71600 +71700 2042 2027 1000
a contact +71600 +71700 2044 2032 1000
a contact +71600 +71700 2053 2058 1000
a contact +71600 +71700 2058 2053 1000
a contact +71800 +71900 2051 9003 1000
a contact +71800 +71900 9003 2051 1000
a contact +72100 +72200 2052 2054 1000
a contact +72100 +72200 2054 2052 1000
a contact +72200 +72300 2020 2030 1000
a contact +72200 +72300 2030 2020 1000
a contact +72300 +72400 2053 2054 1000
a contact +72300 +72400 2054 2053 1000
a contact +72400 +72500 2023 2036 1000
a contact +72400 +72500 2036 2023 1000
a contact +72600 +72700 2026 2038 1000
a contact +72600 +72700 2038 2026 1000
a contact +72700 +72800 1001 1004 1000
a contact +72700 +72800 1004 1001 1000
a contact +73000 +73100 1003 2007 1000
a contact +73000 +73100 2007 1003 1000
a contact +73200 +73300 2026 2028 1000
a contact +73200 +73300 2028 2026 1000
a contact +73300 +73400 2002 2019 1000
a contact +73300 +73400 2019 2002 1000
a contact +73500 +73600 2025 2055 1000
a contact +73500 +73600 2055 2025 1000
a contact +73800 +73900 1003 2015 1000
a contact +73800 +73900 2015 1003 1000
a contact +73800 +73900 2043 9003 1000
a contact +73800 +73900 9003 2043 1000
a contact +74300 +74400 2001 2052 1000
a contact +74300 +74400 2013 2026 1000
a contact +74300 +74400 2026 2013 1000
a contact +74300 +74400 2038 2057 1000
a contact +74300 +74400 2042 9001 1000
a contact +74300 +74400 2052 2001 1000
a contact +74300 +74400 2057 2038 1000
a contact +74300 +74400 9001 2042 1000
a contact +74500 +74600 2043 9001 1000
a contact +74500 +74600 9001 2043 1000
a contact +74600 +74700 2001 2034 1000
a contact +74600 +74700 2034 2001 1000
a contact +75000 +75100 1004 2027 1000
a contact +75000 +75100 2001 2026 1000
a contact +75000 +75100 2026 2001 1000
a contact +75000 +75100 2027 1004 1000
a contact +75000 +75100 2033 9001 1000
a contact +75000 +75100 9001 2033 1000
a contact +75200 +75300 1002 2024 1000
a contact +75200 +75300 2004 2022 1000
a contact +75200 +75300 2012 2048 1000
a contact +75200 +75300 2022 2004 1000
a contact +75200 +75300 2024 1002 1000
a contact +75200 +75300 2048 2012 1000
a contact +75300 +75400 1004 2029 1000
a contact +75300 +75400 2029 1004 1000
a contact +75400 +75500 2001 2040 1000
a contact +75400 +75500 2019 2050 1000
a contact +75400 +75500 2040 2001 1000
a contact +75400 +75500 2050 2019 1000
a contact +76000 +76100 2010 2041 1000
a contact +76000 +76100 2041 2010 1000
a contact +76100 +76200 1001 2023 1000
a contact +76100 +76200 2005 2025 1000
a contact +76100 +76200 2023 1001 1000
a contact +76100 +76200 2025 2005 1000
a contact +76200 +76300 2005 2045 1000
a contact +76200 +76300 2045 2005 1000
a contact +76500 +76600 1002 2038 1000
a contact +76500 +76600 2038 1002 1000
a contact +76900 +77000 2017 2018 1000
a contact +76900 +77000 2018 2017 1000
a contact +77100 +77200 2051 2053 1000
a contact +77100 +77200 2053 2051 1000
a contact +77200 +77300 2018 2038 1000
a contact +77200 +77300 2022 2042 1000
a contact +77200 +77300 2038 2018 1000
a contact +77200 +77300 2042 2022 1000
a contact +77300 +77400 2015 2059 1000
a contact +77300 +77400 2059 2015 1000
a contact +77500 +77600 2051 2052 1000
a contact +77500 +77600 2052 2051 1000
a contact +77600 +77700 2014 2056 1000
a contact +77600 +77700 2024 2035 1000
a contact +77600 +77700 2035 2024 1000
a contact +77600 +77700 2056 2014 1000
a contact +77800 +77900 2028 2044 1000
a contact +77800 +77900 2044 2028 1000
a contact +78300 +78400 2019 2058 1000
a contact +78300 +78400 2058 2019 1000
a contact +78700 +78800 2009 2060 1000
a contact +78700 +78800 2033 2044 1000
a contact +78700 +78800 2044 2033 1000
a contact +78700 +78800 2060 2009 1000
a contact +79000 +79100 2001 9001 1000
a contact +79000 +79100 2023 2026 1000
a contact +79000 +79100 2026 2023 1000
a contact +79000 +79100 9001 2001 1000
a contact +79200 +79300 1003 2058 1000
a contact +79200 +79300 2058 1003 1000
a contact +79300 +79400 2022 2027 1000
a contact +79300 +79400 2027 2022 1000
a contact +79500 +79600 2035 2051 1000
a contact +79500 +79600 2051 2035 1000
a contact +79600 +79700 2015 2042 1000
a contact +79600 +79700 2042 2015 1000
a contact +79700 +79800 1001 2053 1000
a contact +79700 +79800 2053 1001 1000
a contact +79900 +80000 2011 2037 1000
a contact +79900 +80000 2037 2011 1000
a contact +79900 +80000 2044 2060 1000
a contact +79900 +80000 2060 2044 1000
a contact +80000 +80100 1004 2017 1000
a contact +80000 +80100 2017 1004 1000
a contact +80000 +80100 2040 2059 1000
a contact +80000 +80100 2059 2040 1000
a contact +80100 +80200 2011 2028 1000
a contact +80100 +80200 2028 2011 1000
a contact +80200 +80300 2039 2056 1000
a contact +80200 +80300 2056 2039 1000
a contact +80500 +80600 2030 2052 1000
a contact +80500 +80600 2052 2030 1000
a contact +80900 +81000 2017 2048 1000
a contact +80900 +81000 2048 2017 1000
a contact +81000 +81100 2029 9001 1000
a contact +81000 +81100 9001 2029 1000
a contact +81200 +81300 2011 2025 1000
a contact +81200 +81300 2025 2011 1000
a contact +81200 +81300 2030 2050 1000
a contact +81200 +81300 2050 2030 1000
a contact +81300 +81400 1004 2028 1000
a contact +81300 +81400 2028 1004 1000
a contact +81600 +81700 2029 2058 1000
a contact +81600 +81700 2058 2029 1000
a contact +81700 +81800 2006 2044 1000
a contact +81700 +81800 2044 2006 1000
a contact +81800 +81900 2012 2042 1000
a contact +81800 +81900 2042 2012 1000
a contact +81900 +82000 1002 2040 1000
a contact +81900 +82000 2040 1002 1000
a contact +82000 +82100 2027 2052 1000
a contact +82000 +82100 2052 2027 1000
a contact +82100 +82200 2029 2050 1000
a contact +82100 +82200 2050 2029 1000
a contact +82200 +82300 2028 2056 1000
a contact +82200 +82300 2056 2028 1000
a contact +82300 +82400 2018 2052 1000
a contact +82300 +82400 2052 2018 1000
a contact +82500 +82600 1001 2035 1000
a contact +82500 +82600 2035 1001 1000
a contact +82700 +82800 1002 2044 1000
a contact +82700 +82800 2003 2060 1000
a contact +82700 +82800 2044 1002 1000
a contact +82700 +82800 2060 2003 1000
a contact +82800 +82900 1002 2035 1000
a contact +82800 +82900 2035 1002 1000
a contact +83100 +83200 2013 2057 1000
a contact +83100 +83200 2057 2013 1000
a contact +83200 +83300 1003 9003 1000
a contact +83200 +83300 9003 1003 1000
a contact +83300 +83400 1002 2032 1000
a contact +83300 +83400 2032 1002 1000
a contact +83400 +83500 2005 2051 1000
a contact +83400 +83500 2051 2005 1000
a contact +83500 +83600 2026 2040 1000
a contact +83500 +83600 2040 2026 1000
a contact +83600 +83700 2014 2015 1000
a contact +83600 +83700 2015 2014 1000
a contact +83800 +83900 2010 2060 1000
a contact +83800 +83900 2052 2055 1000
a contact +83800 +83900 2055 2052 1000
a contact +83800 +83900 2060 2010 1000
a contact +83900 +84000 2025 2035 1000
a contact +83900 +84000 2027 2040 1000
a contact +83900 +84000 2035 2025 1000
a contact +83900 +84000 2040 2027 1000
a contact +84000 +84100 2025 2036 1000
a contact +84000 +84100 2036 2025 1000
a contact +84100 +84200 1001 2021 1000
a contact +84100 +84200 2011 2013 1000
a contact +84100 +84200 2013 2011 1000
a contact +84100 +84200 2021 1001 1000
a contact +84400 +84500 2012 2014 1000
a contact +84400 +84500 2014 2012 1000
a contact +84600 +84700 2056 2058 1000
a contact +84600 +84700 2058 2056 1000
a contact +84700 +84800 2013 9001 1000
a contact +84700 +84800 9001 2013 1000
a contact +85200 +85300 2001 2049 1000
a contact +85200 +85300 2049 2001 1000
a contact +85300 +85400 1002 2010 1000
a contact +85300 +85400 2010 1002 1000
a contact +85400 +85500 2011 2037 1000
a contact +85400 +85500 2037 2011 1000
a contact +85500 +85600 2011 9002 1000
a contact +85500 +85600 9002 2011 1000
a contact +85700 +85800 2012 2027 1000
a contact +85700 +85800 2022 2052 1000
a contact +85700 +85800 2027 2012 1000
a contact +85700 +85800 2052 2022 1000
a contact +85800 +85900 1004 2017 1000
a contact +85800 +85900 2017 1004 1000
a contact +86000 +86100 1002 2012 1000
a contact +86000 +86100 2012 1002 1000
a contact +86100 +86200 2009 2028 1000
a contact +86100 +86200 2028 2009 1000
a contact +86300 +86400 2019 2046 1000
a contact +86300 +86400 2046 2019 1000

a range +100 +200 2002 9002 1103.372
a range +100 +200 2018 2050 0.0146
a range +100 +200 2023 2043 0.043
a range +100 +200 2024 2044 0.043
a range +100 +200 2043 2023 0.043
a range +100 +200 2044 2024 0.043
a range +100 +200 2050 2018 0.0146
a range +100 +200 9002 2002 1103.372
a range +200 +300 2018 2049 0.0133
a range +200 +300 2024 2043 0.0339
a range +200 +300 2025 2044 0.0334
a range +200 +300 2043 2024 0.0339
a range +200 +300 2044 2025 0.0334
a range +200 +300 2049 2018 0.0133
a range +300 +400 1003 2060 1102.231
a range +300 +400 1004 2059 1102.0171
a range +300 +400 2004 9001 1102.344
a range +300 +400 2018 2048 0.0177
a range +300 +400 2048 2018 0.0177
a range +300 +400 2059 1004 1102.0171
a range +300 +400 2060 1003 1102.231
a range +300 +400 9001 2004 1102.344
a range +600 +700 2027 2042 0.0016
a range +600 +700 2042 2027 0.0016
a range +700 +800 2013 2052 0.043
a range +700 +800 2052 2013 0.043
a range +900 +1000 2018 2045 0.0314
a range +900 +1000 2027 2040 0.0192
a range +900 +1000 2040 2027 0.0192
a range +900 +1000 2045 2018 0.0314
a range +1000 +1100 2019 2044 0.043
a range +1000 +1100 2023 2048 0.0432
a range +1000 +1100 2044 2019 0.043
a range +1000 +1100 2048 2023 0.0432
a range +1100 +1200 1001 1004 0.0837
a range +1100 +1200 1004 1001 0.0837
a range +1100 +1200 2026 2038 0.0305
a range +1100 +1200 2038 2026 0.0305
a range +1500 +1600 2032 2043 0.0361
a range +1500 +1600 2043 2032 0.0361
a range +1600 +1700 2027 2032 0.043
a range +1600 +1700 2032 2027 0.043
a range +1800 +1900 2038 2041 0.0285
a range +1800 +1900 2039 2040 0.0101
a range +1800 +1900 2040 2039 0.0101
a range +1800 +1900 2041 2038 0.0285
a range +2100 +2200 2028 9001 1101.8971
a range +2100 +2200 9001 2028 1101.8971
a range +2300 +2400 1001 1004 0.0837
a range +2300 +2400 1004 1001 0.0837
a range +2300 +2400 2003 2047 0.0433
a range +2300 +2400 2032 2050 0.0271
a range +2300 +2400 2047 2003 0.0433
a range +2300 +2400 2050 2032 0.0271
a range +2500 +2600 2041 2043 0.0198
a range +2500 +2600 2043 2041 0.0198
a range +2600 +2700 2042 2043 0.0101
a range +2600 +2700 2043 2042 0.0101
a range +2800 +2900 1003 2012 1102.2364
a range +2800 +2900 2012 1003 1102.2364
a range +2900 +3000 2008 2018 0.043
a range +2900 +3000 2018 2008 0.043
a range +2900 +3000 2039 2059 0.043
a range +2900 +3000 2041 2060 0.0345
a range +2900 +3000 2059 2039 0.043
a range +2900 +3000 2060 2041 0.0345
a range +3000 +3100 1001 2024 1102.0717
a range +3000 +3100 2012 2023 0.0357
a range +3000 +3100 2023 2012 0.0357
a range +3000 +3100 2024 1001 1102.0717
a range +3000 +3100 2025 2055 0.0235
a range +3000 +3100 2055 2025 0.0235
a range +3400 +3500 2005 2038 0.034
a range +3400 +3500 2038 2005 0.034
a range +3500 +3600 1001 2011 1102.6962
a range +3500 +3600 2011 1001 1102.6962
a range +3500 +3600 2026 2057 0.0083
a range +3500 +3600 2057 2026 0.0083
a range +4000 +4100 2003 2014 0.0361
a range +4000 +4100 2014 2003 0.0361
a range +4100 +4200 2004 2043 0.0432
a range +4100 +4200 2043 2004 0.0432
a range +4300 +4400 2013 2028 0.009
a range +4300 +4400 2028 2013 0.009
a range +4900 +5000 1004 2026 1102.0303
a range +4900 +5000 2026 1004 1102.0303
a range +5200 +5300 2055 2058 0.0285
a range +5200 +5300 2058 2055 0.0285
a range +5300 +5400 2008 2028 0.043
a range +5300 +5400 2028 2008 0.043
a range +5400 +5500 2054 2056 0.0198
a range +5400 +5500 2056 2054 0.0198
a range +5500 +5600 2017 2018 0.0101
a range +5500 +5600 2018 2017 0.0101
a range +5500 +5600 2052 2055 0.0285
a range +5500 +5600 2054 2057 0.0285
a range +5500 +5600 2055 2052 0.0285
a range +5500 +5600 2057 2054 0.0285
a range +5600 +5700 2052 2053 0.0101
a range +5600 +5700 2053 2052 0.0101
a range +5800 +5900 2051 2053 0.0198
a range +5800 +5900 2053 2051 0.0198
a range +5900 +6000 2023 2038 0.0186
a range +5900 +6000 2038 2023 0.0186
a range +6000 +6100 2053 2055 0.0198
a range +6000 +6100 2055 2053 0.0198
a range +6100 +6200 2001 2004 0.0285
a range +6100 +6200 2004 2001 0.0285
a range +6600 +6700 2019 2054 0.043
a range +6600 +6700 2054 2019 0.043
a range +6900 +7000 2017 2054 0.0432
a range +6900 +7000 2054 2017 0.0432
a range +7600 +7700 2002 2004 0.0198
a range +7600 +7700 2004 2002 0.0198
a range +7600 +7700 2023 2050 0.034
a range +7600 +7700 2050 2023 0.034
a range +7900 +8000 1004 9003 0.0593
a range +7900 +8000 2037 2057 0.043
a range +7900 +8000 2057 2037 0.043
a range +7900 +8000 9003 1004 0.0593
a range +8000 +8100 2016 2042 0.0365
a range +8000 +8100 2037 2056 0.0375
a range +8000 +8100 2042 2016 0.0365
a range +8000 +8100 2056 2037 0.0375
a range +8200 +8300 1003 2008 1102.2494
a range +8200 +8300 2008 1003 1102.2494
a range +8300 +8400 2002 2026 0.043
a range +8300 +8400 2015 2039 0.0431
a range +8300 +8400 2026 2002 0.043
a range +8300 +8400 2039 2015 0.0431
a range +8400 +8500 2004 2040 0.0433
a range +8400 +8500 2040 2004 0.0433
a range +8500 +8600 2012 2043 0.0123
a range +8500 +8600 2043 2012 0.0123
a range +8800 +8900 1004 2016 1102.4275
a range +8800 +8900 2016 1004 1102.4275
a range +8900 +9000 2017 2022 0.0421
a range +8900 +9000 2022 2017 0.0421
a range +9500 +9600 2002 2018 0.0158
a range +9500 +9600 2018 2002 0.0158
a range +9700 +9800 1004 2058 1102.9164
a range +9700 +9800 2058 1004 1102.9164
a range +9800 +9900 2002 2021 0.0334
a range +9800 +9900 2021 2002 0.0334
a range +10000 +10100 2012 2040 0.0179
a range +10000 +10100 2040 2012 0.0179
a range +10100 +10200 2021 2024 0.0285
a range +10100 +10200 2024 2021 0.0285
a range +10200 +10300 1003 2029 1102.2186
a range +10200 +10300 1004 2055 1102.9251
a range +10200 +10300 2029 1003 1102.2186
a range +10200 +10300 2055 1004 1102.9251
a range +10400 +10500 2009 2022 0.026
a range +10400 +10500 2022 2009 0.026
a range +10500 +10600 1004 2053 1102.926
a range +10500 +10600 2053 1004 1102.926
a range +11000 +11100 2026 9001 1102.3134
a range +11000 +11100 2028 2060 0.0307
a range +11000 +11100 2060 2028 0.0307
a range +11000 +11100 9001 2026 1102.3134
a range +11300 +11400 2014 2034 0.043
a range +11300 +11400 2034 2014 0.043
a range +11400 +11500 1001 2043 1102.7075
a range +11400 +11500 2043 1001 1102.7075
a range +11600 +11700 2004 2044 0.043
a range +11600 +11700 2044 2004 0.043
a range +11700 +11800 1004 2048 1102.9125
a range +11700 +11800 2048 1004 1102.9125
a range +11800 +11900 2024 2043 0.0339
a range +11800 +11900 2043 2024 0.0339
a range +11900 +12000 2035 2038 0.0285
a range +11900 +12000 2038 2035 0.0285
a range +12200 +12300 2024 2044 0.043
a range +12200 +12300 2025 2042 0.0192
a range +12200 +12300 2042 2025 0.0192
a range +12200 +12300 2044 2024 0.043
a range +12200 +12300 2057 2058 0.0101
a range +12200 +12300 2058 2057 0.0101
a range +12300 +12400 2029 2042 0.0203
a range +12300 +12400 2042 2029 0.0203
a range +12400 +12500 1002 2019 1102.3783
a range +12400 +12500 2019 1002 1102.3783
a range +12800 +12900 2020 2047 0.0231
a range +12800 +12900 2047 2020 0.0231
a range +12900 +13000 1004 2037 1102.9351
a range +12900 +13000 2037 1004 1102.9351
a range +13400 +13500 1001 2034 1102.3199
a range +13400 +13500 2034 1001 1102.3199
a range +13500 +13600 1004 2032 1102.4011
a range +13500 +13600 2032 1004 1102.4011
a range +14100 +14200 2034 2047 0.0206
a range +14100 +14200 2047 2034 0.0206
a range +14200 +14300 2031 2058 0.0313
a range +14200 +14300 2058 2031 0.0313
a range +14300 +14400 2036 2054 0.032
a range +14300 +14400 2054 2036 0.032
a range +14700 +14800 2008 2050 0.043
a range +14700 +14800 2009 2039 0.0316
a range +14700 +14800 2039 2009 0.0316
a range +14700 +14800 2050 2008 0.043
a range +15600 +15700 2019 2020 0.0101
a range +15600 +15700 2020 2019 0.0101
a range +16200 +16300 1004 2009 1102.9287
a range +16200 +16300 2009 1004 1102.9287
a range +16300 +16400 2045 2059 0.0192
a range +16300 +16400 2059 2045 0.0192
a range +16400 +16500 2048 2051 0.0285
a range +16400 +16500 2051 2048 0.0285
a range +16600 +16700 2040 2054 0.0179
a range +16600 +16700 2054 2040 0.0179
a range +16900 +17000 2040 2053 0.025
a range +16900 +17000 2053 2040 0.025
a range +17400 +17500 2009 2045 0.0434
a range +17400 +17500 2045 2009 0.0434
a range +17500 +17600 2053 2056 0.0285
a range +17500 +17600 2056 2053 0.0285
a range +17600 +17700 2017 2019 0.0198
a range +17600 +17700 2019 2017 0.0198
a range +17900 +18000 2058 2060 0.0198
a range +17900 +18000 2060 2058 0.0198
a range +18300 +18400 2008 2018 0.043
a range +18300 +18400 2018 2008 0.043
a range +18300 +18400 2019 2051 0.0172
a range +18300 +18400 2051 2019 0.0172
a range +18500 +18600 1004 2001 1102.9078
a range +18500 +18600 2001 1004 1102.9078
a range +18500 +18600 2018 2051 0.0204
a range +18500 +18600 2051 2018 0.0204
a range +18800 +18900 2018 2050 0.0146
a range +18800 +18900 2050 2018 0.0146
a range +19100 +19200 2006 2021 0.0122
a range +19100 +19200 2021 2006 0.0122
a range +19600 +19700 2017 2020 0.0285
a range +19600 +19700 2020 2017 0.0285
a range +19600 +19700 2039 2044 0.0421
a range +19600 +19700 2044 2039 0.0421
a range +19800 +19900 2006 2031 0.043
a range +19800 +19900 2031 2006 0.043
a range +19800 +19900 2033 2060 0.0314
a range +19800 +19900 2034 9002 1103.0834
a range +19800 +19900 2060 2033 0.0314
a range +19800 +19900 9002 2034 1103.0834
a range +19900 +20000 2003 2054 0.0433
a range +19900 +20000 2033 2059 0.038
a range +19900 +20000 2054 2003 0.0433
a range +19900 +20000 2059 2033 0.038
a range +20000 +20100 2003 2053 0.0431
a range +20000 +20100 2053 2003 0.0431
a range +20100 +20200 2003 2051 0.0435
a range +20100 +20200 2051 2003 0.0435
a range +20200 +20300 2017 2060 0.0365
a range +20200 +20300 2042 9002 1102.6884
a range +20200 +20300 2060 2017 0.0365
a range +20200 +20300 9002 2042 1102.6884
a range +20300 +20400 2006 2058 0.0434
a range +20300 +20400 2058 2006 0.0434
a range +20400 +20500 2001 2029 0.0257
a range +20400 +20500 2016 2027 0.0361
a range +20400 +20500 2027 2016 0.0361
a range +20400 +20500 2029 2001 0.0257
a range +20700 +20800 2005 2036 0.0181
a range +20700 +20800 2008 2049 0.0431
a range +20700 +20800 2012 2053 0.0431
a range +20700 +20800 2020 2025 0.0421
a range +20700 +20800 2025 2020 0.0421
a range +20700 +20800 2036 2005 0.0181
a range +20700 +20800 2049 2008 0.0431
a range +20700 +20800 2053 2012 0.0431
a range +20800 +20900 2042 2059 0.0203
a range +20800 +20900 2059 2042 0.0203
a range +21500 +21600 2010 2037 0.0393
a range +21500 +21600 2037 2010 0.0393
a range +21600 +21700 2042 2055 0.0192
a range +21600 +21700 2055 2042 0.0192
a range +21700 +21800 2005 2046 0.0433
a range +21700 +21800 2046 2005 0.0433
a range +21900 +22000 2042 2053 0.0357
a range +21900 +22000 2053 2042 0.0357
a range +22100 +22200 1002 2005 1103.366
a range +22100 +22200 2005 1002 1103.366
a range +22200 +22300 2016 2044 0.0257
a range +22200 +22300 2044 2016 0.0257
a range +22400 +22500 1004 2019 1102.9098
a range +22400 +22500 2019 1004 1102.9098
a range +22500 +22600 1004 2027 1102.6736
a range +22500 +22600 2027 1004 1102.6736
a range +22600 +22700 2045 2055 0.043
a range +22600 +22700 2055 2045 0.043
a range +22800 +22900 2055 2060 0.0421
a range +22800 +22900 2060 2055 0.0421
a range +22900 +23000 2004 2023 0.0355
a range +22900 +23000 2023 2004 0.0355
a range +22900 +23000 2047 2050 0.0285
a range +22900 +23000 2050 2047 0.0285
a range +23400 +23500 1004 2045 1102.8989
a range +23400 +23500 2045 1004 1102.8989
a range +23500 +23600 1003 2045 1103.1442
a range +23500 +23600 2045 1003 1103.1442
a range +23500 +23600 2054 2057 0.0285
a range +23500 +23600 2057 2054 0.0285
a range +23600 +23700 1003 2042 1102.6438
a range +23600 +23700 2016 2018 0.0198
a range +23600 +23700 2018 2016 0.0198
a range +23600 +23700 2042 1003 1102.6438
a range +23700 +23800 2021 2041 0.043
a range +23700 +23800 2041 2021 0.043
a range +24100 +24200 2022 2034 0.0279
a range +24100 +24200 2034 2022 0.0279
a range +24400 +24500 2011 2031 0.043
a range +24400 +24500 2031 2011 0.043
a range +24600 +24700 1002 2003 1103.3739
a range +24600 +24700 2003 1002 1103.3739
a range +25000 +25100 2005 2053 0.0434
a range +25000 +25100 2053 2005 0.0434
a range +25100 +25200 2012 2047 0.0435
a range +25100 +25200 2047 2012 0.0435
a range +25300 +25400 1004 2024 1102.8695
a range +25300 +25400 2011 2053 0.0432
a range +25300 +25400 2024 1004 1102.8695
a range +25300 +25400 2053 2011 0.0432
a range +25400 +25500 2022 2052 0.0311
a range +25400 +25500 2052 2022 0.0311
a range +25700 +25800 1004 2052 1102.9244
a range +25700 +25800 2052 1004 1102.9244
a range +26000 +26100 2013 2056 0.0431
a range +26000 +26100 2056 2013 0.0431
a range +26100 +26200 2011 2042 0.0083
a range +26100 +26200 2042 2011 0.0083
a range +26200 +26300 2031 2049 0.0293
a range +26200 +26300 2049 2031 0.0293
a range +27500 +27600 1003 2015 1103.1451
a range +27500 +27600 2006 2009 0.0285
a range +27500 +27600 2009 2006 0.0285
a range +27500 +27600 2015 1003 1103.1451
a range +28000 +28100 1002 2021 1102.9159
a range +28000 +28100 2021 1002 1102.9159
a range +28200 +28300 2005 2049 0.0431
a range +28200 +28300 2049 2005 0.0431
a range +28400 +28500 2024 2058 0.0279
a range +28400 +28500 2058 2024 0.0279
a range +28500 +28600 2009 2037 0.0371
a range +28500 +28600 2037 2009 0.0371
a range +29100 +29200 2009 2021 0.032
a range +29100 +29200 2021 2009 0.032
a range +29200 +29300 2009 2014 0.0421
a range +29200 +29300 2014 2009 0.0421
a range +29700 +29800 1003 2031 1103.1532
a range +29700 +29800 2022 2041 0.0375
a range +29700 +29800 2031 1003 1103.1532
a range +29700 +29800 2041 2022 0.0375
a range +29800 +29900 2021 2040 0.0382
a range +29800 +29900 2040 2021 0.0382
a range +29900 +30000 2022 2040 0.0321
a range +29900 +30000 2040 2022 0.0321
a range +30100 +30200 2020 2037 0.0219
a range +30100 +30200 2026 2040 0.0134
a range +30100 +30200 2037 2020 0.0219
a range +30100 +30200 2040 2026 0.0134
a range +30200 +30300 2015 2049 0.0434
a range +30200 +30300 2049 2015 0.0434
a range +30300 +30400 2001 2003 0.0198
a range +30300 +30400 2003 2001 0.0198
a range +30300 +30400 2025 2041 0.0134
a range +30300 +30400 2041 2025 0.0134
a range +30600 +30700 2021 2056 0.0431
a range +30600 +30700 2056 2021 0.0431
a range +30800 +30900 2028 2050 0.0432
a range +30800 +30900 2050 2028 0.0432
a range +31100 +31200 2014 2050 0.0436
a range +31100 +31200 2024 2038 0.0205
a range +31100 +31200 2038 2024 0.0205
a range +31100 +31200 2050 2014 0.0436
a range +31200 +31300 1001 2010 1103.6073
a range +31200 +31300 2010 1001 1103.6073
a range +31300 +31400 1001 2009 1103.607
a range +31300 +31400 2009 1001 1103.607
a range +31500 +31600 2035 2051 0.0129
a range +31500 +31600 2051 2035 0.0129
a range +31700 +31800 2009 9002 1103.3698
a range +31700 +31800 2016 2041 0.043
a range +31700 +31800 2041 2016 0.043
a range +31700 +31800 9002 2009 1103.3698
a range +31800 +31900 2010 2021 0.0382
a range +31800 +31900 2021 2010 0.0382
a range +31800 +31900 2043 2059 0.0153
a range +31800 +31900 2059 2043 0.0153
a range +32300 +32400 2004 2050 0.0431
a range +32300 +32400 2050 2004 0.0431
a range +32600 +32700 2035 9002 1103.0358
a range +32600 +32700 9002 2035 1103.0358
a range +32700 +32800 2043 2054 0.0339
a range +32700 +32800 2054 2043 0.0339
a range +32800 +32900 2043 2053 0.043
a range +32800 +32900 2053 2043 0.043
a range +32900 +33000 1002 2052 1103.3657
a range +32900 +33000 2052 1002 1103.3657
a range +33100 +33200 2010 2028 0.0265
a range +33100 +33200 2028 2010 0.0265
a range +33700 +33800 2009 2042 0.0269
a range +33700 +33800 2042 2009 0.0269
a range +34000 +34100 2013 2038 0.0431
a range +34000 +34100 2038 2013 0.0431
a range +34200 +34300 2021 9003 1103.6853
a range +34200 +34300 2023 2058 0.0431
a range +34200 +34300 2058 2023 0.0431
a range +34200 +34300 9003 2021 1103.6853
a range +34300 +34400 2005 9003 1104.7524
a range +34300 +34400 2008 2035 0.034
a range +34300 +34400 2013 2037 0.0432
a range +34300 +34400 2035 2008 0.034
a range +34300 +34400 2037 2013 0.0432
a range +34300 +34400 9003 2005 1104.7524
a range +34500 +34600 2013 2016 0.0313
a range +34500 +34600 2016 2013 0.0313
a range +34500 +34600 2026 2055 0.0191
a range +34500 +34600 2055 2026 0.0191
a range +34700 +34800 1003 2040 1103.1281
a range +34700 +34800 2040 1003 1103.1281
a range +34800 +34900 1002 2040 1103.3691
a range +34800 +34900 2040 1002 1103.3691
a range +34900 +35000 1002 2041 1103.3782
a range +34900 +35000 1004 2045 1103.2382
a range +34900 +35000 2041 1002 1103.3782
a range +34900 +35000 2045 1004 1103.2382
a range +35100 +35200 2006 9003 1104.7497
a range +35100 +35200 9003 2006 1104.7497
a range +35500 +35600 2013 2015 0.0198
a range +35500 +35600 2015 2013 0.0198
a range +35500 +35600 2025 2044 0.0334
a range +35500 +35600 2026 2045 0.0345
a range +35500 +35600 2044 2025 0.0334
a range +35500 +35600 2045 2026 0.0345
a range +35700 +35800 2024 2042 0.0281
a range +35700 +35800 2027 2043 0.0108
a range +35700 +35800 2042 2024 0.0281
a range +35700 +35800 2043 2027 0.0108
a range +35900 +36000 2029 2043 0.0153
a range +35900 +36000 2043 2029 0.0153
a range +36000 +36100 1004 2052 1103.8299
a range +36000 +36100 2009 2010 0.0101
a range +36000 +36100 2010 2009 0.0101
a range +36000 +36100 2025 2040 0.0127
a range +36000 +36100 2029 2044 0.0148
a range +36000 +36100 2040 2025 0.0127
a range +36000 +36100 2044 2029 0.0148
a range +36000 +36100 2052 1004 1103.8299
a range +36000 +36100 2057 2060 0.0285
a range +36000 +36100 2060 2057 0.0285
a range +36100 +36200 2028 2045 0.0235
a range +36100 +36200 2029 2042 0.0203
a range +36100 +36200 2042 2029 0.0203
a range +36100 +36200 2045 2028 0.0235
a range +36300 +36400 2005 2010 0.0421
a range +36300 +36400 2010 2005 0.0421
a range +36400 +36500 1004 2056 1103.8179
a range +36400 +36500 2056 1004 1103.8179
a range +36900 +37000 2019 2050 0.0077
a range +36900 +37000 2033 2044 0.0361
a range +36900 +37000 2041 2043 0.0198
a range +36900 +37000 2043 2041 0.0198
a range +36900 +37000 2044 2033 0.0361
a range +36900 +37000 2050 2019 0.0077
a range +37000 +37100 1003 9001 0.0594
a range +37000 +37100 9001 1003 0.0594
a range +37200 +37300 2039 2044 0.0421
a range +37200 +37300 2044 2039 0.0421
a range +37300 +37400 2042 2044 0.0198
a range +37300 +37400 2044 2042 0.0198
a range +38300 +38400 1002 2026 1103.3784
a range +38300 +38400 2026 1002 1103.3784
a range +38300 +38400 2037 2050 0.0219
a range +38300 +38400 2050 2037 0.0219
a range +38500 +38600 1003 2029 1103.3426
a range +38500 +38600 2029 1003 1103.3426
a range +38600 +38700 2027 9003 1103.3972
a range +38600 +38700 2042 2056 0.0096
a range +38600 +38700 2056 2042 0.0096
a range +38600 +38700 9003 2027 1103.3972
a range +39700 +39800 2012 2024 0.0281
a range +39700 +39800 2024 2012 0.0281
a range +39700 +39800 2045 2055 0.043
a range +39700 +39800 2055 2045 0.043
a range +39800 +39900 2013 2041 0.0143
a range +39800 +39900 2028 2053 0.0431
a range +39800 +39900 2041 2013 0.0143
a range +39800 +39900 2053 2028 0.0431
a range +40000 +40100 2017 2058 0.0421
a range +40000 +40100 2044 2055 0.0334
a range +40000 +40100 2055 2044 0.0334
a range +40000 +40100 2058 2017 0.0421
a range +40700 +40800 2041 9002 1103.385
a range +40700 +40800 9002 2041 1103.385
a range +40800 +40900 2018 2060 0.0375
a range +40800 +40900 2060 2018 0.0375
a range +41000 +41100 2003 2043 0.0433
a range +41000 +41100 2043 2003 0.0433
a range +41000 +41100 2054 2059 0.0421
a range +41000 +41100 2059 2054 0.0421
a range +41500 +41600 2009 2014 0.0421
a range +41500 +41600 2014 2009 0.0421
a range +41500 +41600 2050 2052 0.0198
a range +41500 +41600 2052 2050 0.0198
a range +41600 +41700 2027 2042 0.0016
a range +41600 +41700 2042 2027 0.0016
a range +41700 +41800 2022 2042 0.043
a range +41700 +41800 2042 2022 0.043
a range +41800 +41900 2021 2039 0.032
a range +41800 +41900 2039 2021 0.032
a range +42000 +42100 2016 2036 0.043
a range +42000 +42100 2036 2016 0.043
a range +42300 +42400 2001 2058 0.0433
a range +42300 +42400 2014 2047 0.043
a range +42300 +42400 2047 2014 0.043
a range +42300 +42400 2058 2001 0.0433
a range +42600 +42700 2030 2042 0.029
a range +42600 +42700 2042 2030 0.029
a range +42900 +43000 2026 2037 0.0375
a range +42900 +43000 2037 2026 0.0375
a range +43000 +43100 1001 2056 1103.6081
a range +43000 +43100 2056 1001 1103.6081
a range +43100 +43200 2039 2042 0.0285
a range +43100 +43200 2042 2039 0.0285
a range +43600 +43700 2037 9003 1103.6546
a range +43600 +43700 9003 2037 1103.6546
a range +44100 +44200 2003 2033 0.0177
a range +44100 +44200 2033 2003 0.0177
a range +44500 +44600 2004 2025 0.043
a range +44500 +44600 2025 2004 0.043
a range +44500 +44600 2036 2051 0.0122
a range +44500 +44600 2051 2036 0.0122
a range +44600 +44700 2035 2053 0.0302
a range +44600 +44700 2053 2035 0.0302
a range +44900 +45000 2005 2035 0.01
a range +44900 +45000 2011 2022 0.0375
a range +44900 +45000 2015 2026 0.0345
a range +44900 +45000 2022 2011 0.0375
a range +44900 +45000 2026 2015 0.0345
a range +44900 +45000 2035 2005 0.01
a range +45400 +45500 2025 2054 0.0291
a range +45400 +45500 2054 2025 0.0291
a range +45900 +46000 2011 2025 0.0134
a range +45900 +46000 2025 2011 0.0134
a range +46000 +46100 2004 2040 0.0432
a range +46000 +46100 2040 2004 0.0432
a range +46100 +46200 2029 2054 0.0432
a range +46100 +46200 2054 2029 0.0432
a range +46200 +46300 2014 2033 0.0423
a range +46200 +46300 2033 2014 0.0423
a range +46700 +46800 2001 2042 0.0374
a range +46700 +46800 2042 2001 0.0374
a range +46800 +46900 1003 2048 1104.0554
a range +46800 +46900 2048 1003 1104.0554
a range +47100 +47200 1004 2041 1103.8065
a range +47100 +47200 2031 2034 0.0285
a range +47100 +47200 2034 2031 0.0285
a range +47100 +47200 2041 1004 1103.8065
a range +47400 +47500 2021 2032 0.0334
a range +47400 +47500 2032 2021 0.0334
a range +47700 +47800 2025 2044 0.0334
a range +47700 +47800 2044 2025 0.0334
a range +47900 +48000 2007 2009 0.0198
a range +47900 +48000 2009 2007 0.0198
a range +47900 +48000 2024 2044 0.043
a range +47900 +48000 2044 2024 0.043
a range +48000 +48100 2010 2011 0.0101
a range +48000 +48100 2011 2010 0.0101
a range +48200 +48300 1004 2050 1103.8326
a range +48200 +48300 2050 1004 1103.8326
a range +48300 +48400 2003 2055 0.0433
a range +48300 +48400 2055 2003 0.0433
a range +48500 +48600 2005 2059 0.0432
a range +48500 +48600 2015 2049 0.0431
a range +48500 +48600 2016 2048 0.0314
a range +48500 +48600 2048 2016 0.0314
a range +48500 +48600 2049 2015 0.0431
a range +48500 +48600 2059 2005 0.0432
a range +48700 +48800 2015 2048 0.0432
a range +48700 +48800 2048 2015 0.0432
a range +48800 +48900 2009 2048 0.0434
a range +48800 +48900 2048 2009 0.0434
a range +49100 +49200 2036 2039 0.0285
a range +49100 +49200 2039 2036 0.0285
a range +49400 +49500 2002 2052 0.0435
a range +49400 +49500 2052 2002 0.0435
a range +50000 +50100 2018 2051 0.0204
a range +50000 +50100 2051 2018 0.0204
a range +50300 +50400 1002 2011 1104.2896
a range +50300 +50400 2011 1002 1104.2896
a range +50400 +50500 2035 2060 0.043
a range +50400 +50500 2036 2052 0.0175
a range +50400 +50500 2052 2036 0.0175
a range +50400 +50500 2060 2035 0.043
a range +50700 +50800 2016 2029 0.0198
a range +50700 +50800 2029 2016 0.0198
a range +50900 +51000 2017 2060 0.0365
a range +50900 +51000 2060 2017 0.0365
a range +51100 +51200 1001 2012 1104.4979
a range +51100 +51200 1003 2026 1104.0471
a range +51100 +51200 2012 1001 1104.4979
a range +51100 +51200 2026 1003 1104.0471
a range +51100 +51200 2045 2058 0.0235
a range +51100 +51200 2058 2045 0.0235
a range +51300 +51400 2015 2033 0.0375
a range +51300 +51400 2033 2015 0.0375
a range +51300 +51400 2042 2052 0.043
a range +51300 +51400 2043 2053 0.043
a range +51300 +51400 2052 2042 0.043
a range +51300 +51400 2053 2043 0.043
a range +51400 +51500 2006 2034 0.0172
a range +51400 +51500 2034 2006 0.0172
a range +51500 +51600 2010 2030 0.043
a range +51500 +51600 2030 2010 0.043
a range +51800 +51900 2002 2032 0.0282
a range +51800 +51900 2032 2002 0.0282
a range +51900 +52000 2002 2034 0.0226
a range +51900 +52000 2034 2002 0.0226
a range +52200 +52300 2030 2052 0.0431
a range +52200 +52300 2052 2030 0.0431
a range +52400 +52500 2011 2048 0.0433
a range +52400 +52500 2048 2011 0.0433
a range +52900 +53000 2016 2035 0.0347
a range +52900 +53000 2035 2016 0.0347
a range +53500 +53600 2002 2049 0.0434
a range +53500 +53600 2024 2026 0.0198
a range +53500 +53600 2026 2024 0.0198
a range +53500 +53600 2049 2002 0.0434
a range +53600 +53700 2010 2012 0.0198
a range +53600 +53700 2012 2010 0.0198
a range +53900 +54000 2002 2046 0.0434
a range +53900 +54000 2008 2009 0.0101
a range +53900 +54000 2009 2008 0.0101
a range +53900 +54000 2046 2002 0.0434
a range +54000 +54100 2013 2015 0.0198
a range +54000 +54100 2015 2013 0.0198
a range +54400 +54500 2034 2045 0.0361
a range +54400 +54500 2045 2034 0.0361
a range +54600 +54700 2020 2052 0.0265
a range +54600 +54700 2052 2020 0.0265
a range +54700 +54800 1004 9002 0.0591
a range +54700 +54800 2016 2054 0.0433
a range +54700 +54800 2054 2016 0.0433
a range +54700 +54800 9002 1004 0.0591
a range +55200 +55300 2001 2012 0.0361
a range +55200 +55300 2012 2001 0.0361
a range +55400 +55500 1004 2028 1104.0801
a range +55400 +55500 2023 2051 0.0341
a range +55400 +55500 2028 1004 1104.0801
a range +55400 +55500 2051 2023 0.0341
a range +55600 +55700 2009 2051 0.0433
a range +55600 +55700 2039 2059 0.043
a range +55600 +55700 2051 2009 0.0433
a range +55600 +55700 2059 2039 0.043
a range +55700 +55800 2039 2058 0.0339
a range +55700 +55800 2058 2039 0.0339
a range +55800 +55900 2039 2057 0.0281
a range +55800 +55900 2057 2039 0.0281
a range +56100 +56200 2039 2055 0.0179
a range +56100 +56200 2055 2039 0.0179
a range +56400 +56500 2001 2025 0.043
a range +56400 +56500 2025 2001 0.043
a range +56600 +56700 2001 2027 0.0365
a range +56600 +56700 2027 2001 0.0365
a range +56700 +56800 2001 2028 0.0313
a range +56700 +56800 2028 2001 0.0313
a range +56800 +56900 2001 2029 0.0257
a range +56800 +56900 2010 2020 0.043
a range +56800 +56900 2020 2010 0.043
a range +56800 +56900 2029 2001 0.0257
a range +56900 +57000 2017 2028 0.0361
a range +56900 +57000 2028 2017 0.0361
a range +57100 +57200 2011 2041 0.0112
a range +57100 +57200 2041 2011 0.0112
a range +57200 +57300 2001 2033 0.0314
a range +57200 +57300 2033 2001 0.0314
a range +57300 +57400 2001 2034 0.031
a range +57300 +57400 2034 2001 0.031
a range +57600 +57700 2002 2036 0.0259
a range +57600 +57700 2007 2038 0.0342
a range +57600 +57700 2036 2002 0.0259
a range +57600 +57700 2038 2007 0.0342
a range +57700 +57800 2040 2051 0.0382
a range +57700 +57800 2044 2055 0.0334
a range +57700 +57800 2051 2040 0.0382
a range +57700 +57800 2055 2044 0.0334
a range +58100 +58200 2002 2043 0.0421
a range +58100 +58200 2043 2002 0.0421
a range +58200 +58300 2008 2041 0.0346
a range +58200 +58300 2041 2008 0.0346
a range +58400 +58500 2006 2039 0.0391
a range +58400 +58500 2032 2046 0.0195
a range +58400 +58500 2039 2006 0.0391
a range +58400 +58500 2046 2032 0.0195
a range +58500 +58600 2030 2046 0.0351
a range +58500 +58600 2046 2030 0.0351
a range +59100 +59200 2022 2042 0.043
a range +59100 +59200 2042 2022 0.043
a range +59300 +59400 2035 2040 0.0421
a range +59300 +59400 2040 2035 0.0421
a range +59600 +59700 2026 2029 0.0285
a range +59600 +59700 2029 2026 0.0285
a range +59900 +60000 1004 2049 1104.737
a range +59900 +60000 2049 1004 1104.737
a range +60100 +60200 2027 2038 0.0357
a range +60100 +60200 2038 2027 0.0357
a range +60400 +60500 2008 2046 0.043
a range +60400 +60500 2023 2028 0.0421
a range +60400 +60500 2028 2023 0.0421
a range +60400 +60500 2046 2008 0.043
a range +60500 +60600 2010 2011 0.0101
a range +60500 +60600 2011 2010 0.0101
a range +60600 +60700 2022 2027 0.0421
a range +60600 +60700 2027 2022 0.0421
a range +60600 +60700 2041 2043 0.0198
a range +60600 +60700 2043 2041 0.0198
a range +60700 +60800 1002 2023 1104.2902
a range +60700 +60800 2023 1002 1104.2902
a range +61200 +61300 2038 9003 1104.3395
a range +61200 +61300 9003 2038 1104.3395
a range +61400 +61500 1001 2035 1104.5271
a range +61400 +61500 2002 2051 0.0435
a range +61400 +61500 2008 2042 0.0347
a range +61400 +61500 2035 1001 1104.5271
a range +61400 +61500 2042 2008 0.0347
a range +61400 +61500 2051 2002 0.0435
a range +61600 +61700 2013 2053 0.0434
a range +61600 +61700 2016 2046 0.0337
a range +61600 +61700 2046 2016 0.0337
a range +61600 +61700 2053 2013 0.0434
a range +61700 +61800 2012 2047 0.0434
a range +61700 +61800 2023 2056 0.0346
a range +61700 +61800 2037 2054 0.026
a range +61700 +61800 2047 2012 0.0434
a range +61700 +61800 2054 2037 0.026
a range +61700 +61800 2056 2023 0.0346
a range +61800 +61900 2014 2025 0.0334
a range +61800 +61900 2025 2014 0.0334
a range +61900 +62000 1002 2029 1104.2823
a range +61900 +62000 2013 2046 0.0435
a range +61900 +62000 2029 1002 1104.2823
a range +61900 +62000 2039 2057 0.0281
a range +61900 +62000 2046 2013 0.0435
a range +61900 +62000 2057 2039 0.0281
a range +62100 +62200 2021 2023 0.0198
a range +62100 +62200 2023 2021 0.0198
a range +62200 +62300 2021 9003 1104.4187
a range +62200 +62300 9003 2021 1104.4187
a range +62300 +62400 2015 2044 0.0319
a range +62300 +62400 2044 2015 0.0319
a range +62500 +62600 2040 2060 0.043
a range +62500 +62600 2060 2040 0.043
a range +62700 +62800 2045 2058 0.0235
a range +62700 +62800 2058 2045 0.0235
a range +62700 +62900 2003 2027 0.043
a range +62800 +62900 2004 2018 0.0111
a range +62800 +62900 2018 2004 0.0111
a range +62700 +62900 2027 2003 0.043
a range +62800 +62900 2035 2051 0.0129
a range +62800 +62900 2045 2050 0.043
a range +62800 +62900 2050 2045 0.043
a range +62800 +62900 2051 2035 0.0129
a range +62900 +63000 1003 2007 1104.953
a range +62900 +63000 2007 1003 1104.953
a range +63000 +63100 2007 2026 0.0375
a range +63000 +63100 2026 2007 0.0375
a range +63200 +63300 2047 9003 1104.7634
a range +63200 +63300 9003 2047 1104.7634
a range +63300 +63400 2014 2049 0.0435
a range +63300 +63400 2018 2053 0.0433
a range +63300 +63400 2021 2055 0.0428
a range +63300 +63400 2049 2014 0.0435
a range +63300 +63400 2053 2018 0.0433
a range +63300 +63400 2055 2021 0.0428
a range +63500 +63600 2021 9001 1104.411
a range +63500 +63600 9001 2021 1104.411
a range +63600 +63700 2027 2054 0.0269
a range +63600 +63700 2054 2027 0.0269
a range +64000 +64100 2043 2055 0.0265
a range +64000 +64100 2055 2043 0.0265
a range +64100 +64200 2008 2040 0.0346
a range +64100 +64200 2040 2008 0.0346
a range +64500 +64600 2030 2054 0.0432
a range +64500 +64600 2054 2030 0.0432
a range +65000 +65100 1001 2013 1104.4963
a range +65000 +65100 2013 1001 1104.4963
a range +65000 +65100 2016 2019 0.0285
a range +65000 +65100 2019 2016 0.0285
a range +66100 +66200 1002 1003 0.0837
a range +66100 +66200 1003 1002 0.0837
a range +66200 +66300 2023 2039 0.0205
a range +66200 +66300 2039 2023 0.0205
a range +66300 +66400 2010 2013 0.0285
a range +66300 +66400 2013 2010 0.0285
a range +66400 +66500 2006 2060 0.0432
a range +66400 +66500 2060 2006 0.0432
a range +67200 +67300 2021 2032 0.0334
a range +67200 +67300 2032 2021 0.0334
a range +67400 +67500 2007 2027 0.043
a range +67400 +67500 2027 2007 0.043
a range +67400 +67500 2028 2047 0.0421
a range +67400 +67500 2047 2028 0.0421
a range +67800 +67900 2015 2050 0.0431
a range +67800 +67900 2034 9001 1104.525
a range +67800 +67900 2050 2015 0.0431
a range +67800 +67900 9001 2034 1104.525
a range +68000 +68100 2025 2055 0.0235
a range +68000 +68100 2034 2052 0.0279
a range +68000 +68100 2039 2058 0.0339
a range +68000 +68100 2052 2034 0.0279
a range +68000 +68100 2055 2025 0.0235
a range +68000 +68100 2058 2039 0.0339
a range +68200 +68300 2005 2031 0.0311
a range +68200 +68300 2013 2042 0.0123
a range +68200 +68300 2031 2005 0.0311
a range +68200 +68300 2042 2013 0.0123
a range +68500 +68600 1002 2024 1105.0205
a range +68500 +68600 2004 2022 0.0279
a range +68500 +68600 2022 2004 0.0279
a range +68500 +68600 2024 1002 1105.0205
a range +68500 +68600 2039 2055 0.0179
a range +68500 +68600 2055 2039 0.0179
a range +68800 +68900 2016 2055 0.043
a range +68800 +68900 2055 2016 0.043
a range +69100 +69200 1003 2019 1104.4675
a range +69100 +69200 1004 2029 1104.7478
a range +69100 +69200 2019 1003 1104.4675
a range +69100 +69200 2029 1004 1104.7478
a range +69200 +69300 1004 2027 1104.7297
a range +69200 +69300 2027 1004 1104.7297
a range +69200 +69300 2036 2053 0.0248
a range +69200 +69300 2053 2036 0.0248
a range +69400 +69500 2044 2054 0.043
a range +69400 +69500 2049 9003 1104.7568
a range +69400 +69500 2054 2044 0.043
a range +69400 +69500 9003 2049 1104.7568
a range +69500 +69600 2001 2044 0.0362
a range +69500 +69600 2044 2001 0.0362
a range +69600 +69700 2005 2025 0.043
a range +69600 +69700 2025 2005 0.043
a range +69900 +70000 2009 2044 0.0433
a range +69900 +70000 2026 2053 0.0346
a range +69900 +70000 2044 2009 0.0433
a range +69900 +70000 2053 2026 0.0346
a range +70000 +70100 2009 2045 0.0432
a range +70000 +70100 2045 2009 0.0432
a range +70100 +70200 2014 2033 0.0423
a range +70100 +70200 2015 2032 0.0365
a range +70100 +70200 2032 2015 0.0365
a range +70100 +70200 2033 2014 0.0423
a range +70200 +70300 2008 2020 0.0302
a range +70200 +70300 2020 2008 0.0302
a range +70300 +70400 2011 2035 0.0431
a range +70300 +70400 2029 2054 0.0433
a range +70300 +70400 2035 2011 0.0431
a range +70300 +70400 2054 2029 0.0433
a range +70600 +70700 2010 2059 0.043
a range +70600 +70700 2023 9001 1105.0439
a range +70600 +70700 2059 2010 0.043
a range +70600 +70700 9001 2023 1105.0439
a range +70700 +70800 2005 2020 0.0054
a range +70700 +70800 2020 2005 0.0054
a range +71000 +71100 2014 2016 0.0257
a range +71000 +71100 2016 2014 0.0257
a range +71100 +71200 2006 2051 0.0431
a range +71100 +71200 2051 2006 0.0431
a range +71300 +71400 2013 2053 0.0433
a range +71300 +71400 2053 2013 0.0433
a range +71400 +71500 2016 2019 0.0285
a range +71400 +71500 2019 2016 0.0285
a range +71500 +71600 1001 1004 0.0837
a range +71500 +71600 1004 1001 0.0837
a range +71600 +71700 2027 2042 0.0016
a range +71600 +71700 2032 2044 0.0285
a range +71600 +71700 2042 2027 0.0016
a range +71600 +71700 2044 2032 0.0285
a range +71600 +71700 2053 2058 0.0421
a range +71600 +71700 2058 2053 0.0421
a range +71800 +71900 2051 9003 1104.7517
a range +71800 +71900 9003 2051 1104.7517
a range +72100 +72200 2052 2054 0.0198
a range +72100 +72200 2054 2052 0.0198
a range +72200 +72300 2020 2030 0.0421
a range +72200 +72300 2030 2020 0.0421
a range +72300 +72400 2053 2054 0.0101
a range +72300 +72400 2054 2053 0.0101
a range +72400 +72500 2023 2036 0.0248
a range +72400 +72500 2036 2023 0.0248
a range +72600 +72700 2026 2038 0.0305
a range +72600 +72700 2038 2026 0.0305
a range +72700 +72800 1001 1004 0.0837
a range +72700 +72800 1004 1001 0.0837
a range +73000 +73100 1003 2007 1104.953
a range +73000 +73100 2007 1003 1104.953
a range +73200 +73300 2026 2028 0.0198
a range +73200 +73300 2028 2026 0.0198
a range +73300 +73400 2002 2019 0.0206
a range +73300 +73400 2019 2002 0.0206
a range +73500 +73600 2025 2055 0.0235
a range +73500 +73600 2055 2025 0.0235
a range +73800 +73900 1003 2015 1104.958
a range +73800 +73900 2015 1003 1104.958
a range +73800 +73900 2043 9003 1104.7762
a range +73800 +73900 9003 2043 1104.7762
a range +74300 +74400 2001 2052 0.0434
a range +74300 +74400 2013 2026 0.0183
a range +74300 +74400 2026 2013 0.0183
a range +74300 +74400 2038 2057 0.0357
a range +74300 +74400 2042 9001 1104.8639
a range +74300 +74400 2052 2001 0.0434
a range +74300 +74400 2057 2038 0.0357
a range +74300 +74400 9001 2042 1104.8639
a range +74500 +74600 2043 9001 1104.8133
a range +74500 +74600 9001 2043 1104.8133
a range +74600 +74700 2001 2034 0.031
a range +74600 +74700 2034 2001 0.031
a range +75000 +75100 1004 2027 1104.7297
a range +75000 +75100 2001 2026 0.043
a range +75000 +75100 2026 2001 0.043
a range +75000 +75100 2027 1004 1104.7297
a range +75000 +75100 2033 9001 1105.0461
a range +75000 +75100 9001 2033 1105.0461
a range +75200 +75300 1002 2024 1105.0205
a range +75200 +75300 2004 2022 0.0279
a range +75200 +75300 2012 2048 0.0434
a range +75200 +75300 2022 2004 0.0279
a range +75200 +75300 2024 1002 1105.0205
a range +75200 +75300 2048 2012 0.0434
a range +75300 +75400 1004 2029 1104.7478
a range +75300 +75400 2029 1004 1104.7478
a range +75400 +75500 2001 2040 0.0434
a range +75400 +75500 2019 2050 0.0077
a range +75400 +75500 2040 2001 0.0434
a range +75400 +75500 2050 2019 0.0077
a range +76000 +76100 2010 2041 0.0191
a range +76000 +76100 2041 2010 0.0191
a range +76100 +76200 1001 2023 1105.0077
a range +76100 +76200 2005 2025 0.043
a range +76100 +76200 2023 1001 1105.0077
a range +76100 +76200 2025 2005 0.043
a range +76200 +76300 2005 2045 0.0433
a range +76200 +76300 2045 2005 0.0433
a range +76500 +76600 1002 2038 1105.1099
a range +76500 +76600 2038 1002 1105.1099
a range +76900 +77000 2017 2018 0.0101
a range +76900 +77000 2018 2017 0.0101
a range +77100 +77200 2051 2053 0.0198
a range +77100 +77200 2053 2051 0.0198
a range +77200 +77300 2018 2038 0.043
a range +77200 +77300 2022 2042 0.043
a range +77200 +77300 2038 2018 0.043
a range +77200 +77300 2042 2022 0.043
a range +77300 +77400 2015 2059 0.0431
a range +77300 +77400 2059 2015 0.0431
a range +77500 +77600 2051 2052 0.0101
a range +77500 +77600 2052 2051 0.0101
a range +77600 +77700 2014 2056 0.0433
a range +77600 +77700 2024 2035 0.0373
a range +77600 +77700 2035 2024 0.0373
a range +77600 +77700 2056 2014 0.0433
a range +77800 +77900 2028 2044 0.0153
a range +77800 +77900 2044 2028 0.0153
a range +78300 +78400 2019 2058 0.0431
a range +78300 +78400 2058 2019 0.0431
a range +78700 +78800 2009 2060 0.0436
a range +78700 +78800 2033 2044 0.0361
a range +78700 +78800 2044 2033 0.0361
a range +78700 +78800 2060 2009 0.0436
a range +79000 +79100 2001 9001 1105.0474
a range +79000 +79100 2023 2026 0.0285
a range +79000 +79100 2026 2023 0.0285
a range +79000 +79100 9001 2001 1105.0474
a range +79200 +79300 1003 2058 1104.9634
a range +79200 +79300 2058 1003 1104.9634
a range +79300 +79400 2022 2027 0.0421
a range +79300 +79400 2027 2022 0.0421
a range +79500 +79600 2035 2051 0.0129
a range +79500 +79600 2051 2035 0.0129
a range +79600 +79700 2015 2042 0.0302
a range +79600 +79700 2042 2015 0.0302
a range +79700 +79800 1001 2053 1105.0379
a range +79700 +79800 2053 1001 1105.0379
a range +79900 +80000 2011 2037 0.0406
a range +79900 +80000 2037 2011 0.0406
a range +79900 +80000 2044 2060 0.0192
a range +79900 +80000 2060 2044 0.0192
a range +80000 +80100 1004 2017 1105.0089
a range +80000 +80100 2017 1004 1105.0089
a range +80000 +80100 2040 2059 0.0334
a range +80000 +80100 2059 2040 0.0334
a range +80100 +80200 2011 2028 0.0183
a range +80100 +80200 2028 2011 0.0183
a range +80200 +80300 2039 2056 0.0222
a range +80200 +80300 2056 2039 0.0222
a range +80500 +80600 2030 2052 0.0431
a range +80500 +80600 2052 2030 0.0431
a range +80900 +81000 2017 2048 0.0245
a range +80900 +81000 2048 2017 0.0245
a range +81000 +81100 2029 9001 1105.0395
a range +81000 +81100 9001 2029 1105.0395
a range +81200 +81300 2011 2025 0.0134
a range +81200 +81300 2025 2011 0.0134
a range +81200 +81300 2030 2050 0.0433
a range +81200 +81300 2050 2030 0.0433
a range +81300 +81400 1004 2028 1105.0169
a range +81300 +81400 2028 1004 1105.0169
a range +81600 +81700 2029 2058 0.0236
a range +81600 +81700 2058 2029 0.0236
a range +81700 +81800 2006 2044 0.0433
a range +81700 +81800 2044 2006 0.0433
a range +81800 +81900 2012 2042 0.0029
a range +81800 +81900 2042 2012 0.0029
a range +81900 +82000 1002 2040 1104.9772
a range +81900 +82000 2040 1002 1104.9772
a range +82000 +82100 2027 2052 0.0432
a range +82000 +82100 2052 2027 0.0432
a range +82100 +82200 2029 2050 0.0434
a range +82100 +82200 2050 2029 0.0434
a range +82200 +82300 2028 2056 0.0143
a range +82200 +82300 2056 2028 0.0143
a range +82300 +82400 2018 2052 0.0274
a range +82300 +82400 2052 2018 0.0274
a range +82500 +82600 1001 2035 1105.0359
a range +82500 +82600 2035 1001 1105.0359
a range +82700 +82800 1002 2044 1105.096
a range +82700 +82800 2003 2060 0.0433
a range +82700 +82800 2044 1002 1105.096
a range +82700 +82800 2060 2003 0.0433
a range +82800 +82900 1002 2035 1105.1196
a range +82800 +82900 2035 1002 1105.1196
a range +83100 +83200 2013 2057 0.0136
a range +83100 +83200 2057 2013 0.0136
a range +83200 +83300 1003 9003 0.0435
a range +83200 +83300 9003 1003 0.0435
a range +83300 +83400 1002 2032 1105.0953
a range +83300 +83400 2032 1002 1105.0953
a range +83400 +83500 2005 2051 0.022
a range +83400 +83500 2051 2005 0.022
a range +83500 +83600 2026 2040 0.0134
a range +83500 +83600 2040 2026 0.0134
a range +83600 +83700 2014 2015 0.0101
a range +83600 +83700 2015 2014 0.0101
a range +83800 +83900 2010 2060 0.0207
a range +83800 +83900 2052 2055 0.0285
a range +83800 +83900 2055 2052 0.0285
a range +83800 +83900 2060 2010 0.0207
a range +83900 +84000 2025 2035 0.0429
a range +83900 +84000 2027 2040 0.0192
a range +83900 +84000 2035 2025 0.0429
a range +83900 +84000 2040 2027 0.0192
a range +84000 +84100 2025 2036 0.0382
a range +84000 +84100 2036 2025 0.0382
a range +84100 +84200 1001 2021 1105.0446
a range +84100 +84200 2011 2013 0.0198
a range +84100 +84200 2013 2011 0.0198
a range +84100 +84200 2021 1001 1105.0446
a range +84400 +84500 2012 2014 0.0198
a range +84400 +84500 2014 2012 0.0198
a range +84600 +84700 2056 2058 0.0198
a range +84600 +84700 2058 2056 0.0198
a range +84700 +84800 2013 9001 1105.0527
a range +84700 +84800 9001 2013 1105.0527
a range +85200 +85300 2001 2049 0.0325
a range +85200 +85300 2049 2001 0.0325
a range +85300 +85400 1002 2010 1105.1206
a range +85300 +85400 2010 1002 1105.1206
a range +85400 +85500 2011 2037 0.0406
a range +85400 +85500 2037 2011 0.0406
a range +85500 +85600 2011 9002 1105.0684
a range +85500 +85600 9002 2011 1105.0684
a range +85700 +85800 2012 2027 0.0016
a range +85700 +85800 2022 2052 0.0311
a range +85700 +85800 2027 2012 0.0016
a range +85700 +85800 2052 2022 0.0311
a range +85800 +85900 1004 2017 1105.0089
a range +85800 +85900 2017 1004 1105.0089
a range +86000 +86100 1002 2012 1105.1127
a range +86000 +86100 2012 1002 1105.1127
a range +86100 +86200 2009 2028 0.0339
a range +86100 +86200 2028 2009 0.0339
a range +86300 +86400 2019 2046 0.031
a range +86300 +86400 2046 2019 0.031
