a contact +300 +400 2004 2028 1000
a contact +300 +400 2016 2017 1000
a contact +300 +400 2017 2016 1000
a contact +300 +400 2028 2004 1000
a contact +400 +500 2011 2024 1000
a contact +400 +500 2017 2018 1000
a contact +400 +500 2018 2017 1000
a contact +400 +500 2024 2011 1000
a contact +700 +800 2020 2021 1000
a contact +700 +800 2021 2020 1000
a contact +1000 +1200 2008 2016 1000
a contact +1000 +1200 2016 2008 1000
a contact +1300 +1500 2008 2015 1000
a contact +1300 +1500 2015 2008 1000
a contact +1600 +1700 2003 2019 1000
a contact +1600 +1700 2005 2021 1000
a contact +1600 +1700 2019 2003 1000
a contact +1600 +1700 2021 2005 1000
a contact +1900 +2100 2012 2013 1000
a contact +1900 +2100 2013 2012 1000
a contact +2100 +2200 2020 2026 1000
a contact +2100 +2200 2026 2020 1000
a contact +2700 +2800 2013 9002 1000
a contact +2700 +2800 9002 2013 1000
a contact +3000 +3100 2006 2019 1000
a contact +3000 +3100 2019 2006 1000
a contact +3400 +3500 2004 2005 1000
a contact +3400 +3500 2005 2004 1000
a contact +3700 +3900 2003 2004 1000
a contact +3700 +3900 2004 2003 1000
a contact +3900 +4000 2011 2018 1000
a contact +3900 +4000 2018 2011 1000
a contact +4000 +4200 2012 2018 1000
a contact +4000 +4200 2018 2012 1000
a contact +4200 +4300 1002 9002 1000
a contact +4200 +4300 2008 2020 1000
a contact +4200 +4300 2009 2023 1000
a contact +4200 +4300 2010 2022 1000
a contact +4200 +4300 2020 2008 1000
a contact +4200 +4300 2022 2010 1000
a contact +4200 +4300 2023 2009 1000
a contact +4200 +4300 9002 1002 1000
a contact +4800 +4900 2013 2027 1000
a contact +4800 +4900 2027 2013 1000
a contact +4900 +5100 1002 2014 1000
a contact +4900 +5100 2014 1002 1000
a contact +5100 +5300 2004 2005 1000
a contact +5100 +5300 2005 2004 1000
a contact +5100 +5300 2009 2010 1000
a contact +5100 +5300 2010 2009 1000
a contact +5300 +5400 2004 2017 1000
a contact +5300 +5400 2017 2004 1000
a contact +5400 +5500 2002 9002 1000
a contact +5400 +5500 9002 2002 1000
a contact +6200 +6400 2015 2027 1000
a contact +6200 +6400 2027 2015 1000
a contact +6600 +6700 1001 2023 1000
a contact +6600 +6700 2014 2015 1000
a contact +6600 +6700 2015 2014 1000
a contact +6600 +6700 2023 1001 1000
a contact +6900 +7000 2010 2023 1000
a contact +6900 +7000 2023 2010 1000
a contact +7000 +7100 2009 2025 1000
a contact +7000 +7100 2012 2017 1000
a contact +7000 +7100 2017 2012 1000
a contact +7000 +7100 2025 2009 1000
a contact +7200 +7300 2009 2023 1000
a contact +7200 +7300 2023 2009 1000
a contact +7800 +8000 2006 2019 1000
a contact +7800 +8000 2011 2016 1000
a contact +7800 +8000 2016 2011 1000
a contact +7800 +8000 2019 2006 1000
a contact +8000 +8100 1001 2015 1000
a contact +8000 +8100 2015 1001 1000
a contact +8400 +8500 2006 2017 1000
a contact +8400 +8500 2017 2006 1000
a contact +8600 +8800 2009 2028 1000
a contact +8600 +8800 2028 2009 1000
a contact +9300 +9400 2006 9002 1000
a contact +9300 +9400 9002 2006 1000
a contact +9700 +9800 2010 2022 1000
a contact +9700 +9800 2022 2010 1000
a contact +10000 +10200 1002 2028 1000
a contact +10000 +10200 2028 1002 1000
a contact +10700 +10800 2020 2025 1000
a contact +10700 +10800 2025 2020 1000
a contact +10800 +10900 2001 2018 1000
a contact +10800 +10900 2018 2001 1000
a contact +11100 +11200 2002 2008 1000
a contact +11100 +11200 2008 2002 1000
a contact +11100 +11200 2022 2028 1000
a contact +11100 +11200 2028 2022 1000
a contact +11600 +11800 2008 2016 1000
a contact +11600 +11800 2016 2008 1000
a contact +11800 +12000 2017 2018 1000
a contact +11800 +12000 2018 2017 1000
a contact +12100 +12300 2012 2017 1000
a contact +12100 +12300 2017 2012 1000
a contact +12400 +12500 2016 2025 1000
a contact +12400 +12500 2025 2016 1000
a contact +12500 +12700 2013 2024 1000
a contact +12500 +12700 2024 2013 1000
a contact +12900 +13200 2020 2027 1000
a contact +12900 +13200 2023 9002 1000
a contact +12900 +13200 2027 2020 1000
a contact +12900 +13200 9002 2023 1000
a contact +13200 +13400 2007 2021 1000
a contact +13200 +13400 2021 2007 1000
a contact +13400 +13500 2008 2025 1000
a contact +13400 +13500 2016 2024 1000
a contact +13400 +13500 2024 2016 1000
a contact +13400 +13500 2025 2008 1000
a contact +13900 +14000 1001 2016 1000
a contact +13900 +14000 2016 1001 1000
a contact +14000 +14200 2011 9001 1000
a contact +14000 +14200 9001 2011 1000
a contact +14500 +14700 2011 2016 1000
a contact +14500 +14700 2016 2011 1000
a contact +14700 +14800 2012 2013 1000
a contact +14700 +14800 2013 2012 1000
a contact +14800 +15000 2015 2022 1000
a contact +14800 +15000 2022 2015 1000
a contact +15100 +15200 2011 2020 1000
a contact +15100 +15200 2020 2011 1000
a contact +15200 +15300 1002 2017 1000
a contact +15200 +15300 2002 2019 1000
a contact +15200 +15300 2017 1002 1000
a contact +15200 +15300 2019 2002 1000
a contact +15300 +15400 2006 2012 1000
a contact +15300 +15400 2012 2006 1000
a contact +15400 +15500 1001 2009 1000
a contact +15400 +15500 2006 2018 1000
a contact +15400 +15500 2009 1001 1000
a contact +15400 +15500 2018 2006 1000
a contact +15800 +15900 2019 2024 1000
a contact +15800 +15900 2024 2019 1000
a contact +15900 +16100 2007 2014 1000
a contact +15900 +16100 2014 2007 1000
a contact +16100 +16200 2006 2011 1000
a contact +16100 +16200 2011 2006 1000
a contact +16200 +16300 1001 2017 1000
a contact +16200 +16300 1002 2019 1000
a contact +16200 +16300 2017 1001 1000
a contact +16200 +16300 2019 1002 1000
a contact +16600 +16700 2007 2027 1000
a contact +16600 +16700 2017 2018 1000
a contact +16600 +16700 2018 2017 1000
a contact +16600 +16700 2027 2007 1000
a contact +16600 +16900 1002 9001 1000
a contact +16600 +16900 9001 1002 1000
a contact +17000 +17200 2012 2019 1000
a contact +17000 +17200 2019 2012 1000
a contact +17000 +17200 2025 9002 1000
a contact +17000 +17200 9002 2025 1000
a contact +17400 +17500 2004 2022 1000
a contact +17400 +17500 2022 2004 1000
a contact +17700 +17800 2004 2017 1000
a contact +17700 +17800 2011 2027 1000
a contact +17700 +17800 2017 2004 1000
a contact +17700 +17800 2027 2011 1000
a contact +18100 +18200 2003 2019 1000
a contact +18100 +18200 2019 2003 1000
a contact +18200 +18300 2013 2014 1000
a contact +18200 +18300 2014 2013 1000
a contact +18300 +18500 2014 9002 1000
a contact +18300 +18500 9002 2014 1000
a contact +18900 +19000 2014 2026 1000
a contact +18900 +19000 2026 2014 1000
a contact +19400 +19600 2008 2009 1000
a contact +19400 +19600 2009 2008 1000
a contact +19900 +20100 2017 2018 1000
a contact +19900 +20100 2018 2017 1000
a contact +20200 +20400 2008 2028 1000
a contact +20200 +20400 2009 2015 1000
a contact +20200 +20400 2015 2009 1000
a contact +20200 +20400 2028 2008 1000
a contact +20400 +20500 2011 2020 1000
a contact +20400 +20500 2012 2017 1000
a contact +20400 +20500 2014 2019 1000
a contact +20400 +20500 2017 2012 1000
a contact +20400 +20500 2019 2014 1000
a contact +20400 +20500 2020 2011 1000
a contact +20900 +21000 2009 2022 1000
a contact +20900 +21000 2022 2009 1000
a contact +21000 +21200 2006 2015 1000
a contact +21000 +21200 2007 2016 1000
a contact +21000 +21200 2015 2006 1000
a contact +21000 +21200 2016 2007 1000
a contact +21400 +21500 2001 2018 1000
a contact +21400 +21500 2018 2001 1000
a contact +21500 +21700 2001 2015 1000
a contact +21500 +21700 2015 2001 1000
a contact +21900 +22000 2014 2020 1000
a contact +21900 +22000 2020 2014 1000
a contact +22300 +22400 2011 2020 1000
a contact +22300 +22400 2012 2021 1000
a contact +22300 +22400 2020 2011 1000
a contact +22300 +22400 2021 2012 1000
a contact +22400 +22600 1002 2027 1000
a contact +22400 +22600 2015 2020 1000
a contact +22400 +22600 2020 2015 1000
a contact +22400 +22600 2027 1002 1000
a contact +22900 +23100 2022 2027 1000
a contact +22900 +23100 2027 2022 1000
a contact +23100 +23200 2016 2025 1000
a contact +23100 +23200 2025 2016 1000
a contact +23200 +23300 1001 9003 1000
a contact +23200 +23300 9003 1001 1000
a contact +23300 +23500 2002 2017 1000
a contact +23300 +23500 2006 2014 1000
a contact +23300 +23500 2014 2006 1000
a contact +23300 +23500 2017 2002 1000
a contact +23500 +23600 2007 2012 1000
a contact +23500 +23600 2012 2007 1000
a contact +23500 +23700 1001 9003 1000
a contact +23600 +23700 2016 2024 1000
a contact +23600 +23700 2024 2016 1000
a contact +23500 +23700 9003 1001 1000
a contact +23700 +23900 2006 2023 1000
a contact +23700 +23900 2023 2006 1000
a contact +23900 +24100 1001 9003 1000
a contact +23900 +24100 2012 2018 1000
a contact +23900 +24100 2018 2012 1000
a contact +23900 +24100 9003 1001 1000
a contact +24100 +24200 2015 2021 1000
a contact +24100 +24200 2021 2015 1000
a contact +24200 +24400 1001 9003 1000
a contact +24200 +24400 9003 1001 1000
a contact +24400 +24600 2008 2015 1000
a contact +24400 +24600 2015 2008 1000
a contact +24600 +24700 1001 9003 1000
a contact +24600 +24700 9003 1001 1000
a contact +24800 +25000 1001 9003 1000
a contact +24800 +25000 2008 2009 1000
a contact +24800 +25000 2009 2008 1000
a contact +24800 +25000 9003 1001 1000
a contact +25000 +25100 2012 2020 1000
a contact +25000 +25100 2020 2012 1000
a contact +25100 +25300 2004 2005 1000
a contact +25100 +25300 2005 2004 1000
a contact +25300 +25500 1001 9003 1000
a contact +25300 +25500 2004 2023 1000
a contact +25300 +25500 2023 2004 1000
a contact +25300 +25500 9003 1001 1000
a contact +25600 +25700 2012 2026 1000
a contact +25600 +25700 2026 2012 1000
a contact +25900 +26000 2003 2012 1000
a contact +25900 +26000 2004 2011 1000
a contact +25900 +26000 2011 2004 1000
a contact +25900 +26000 2012 2003 1000
a contact +26800 +26900 2002 2010 1000
a contact +26800 +26900 2010 2002 1000
a contact +27100 +27300 2012 2019 1000
a contact +27100 +27300 2019 2012 1000
a contact +27800 +28000 2009 2016 1000
a contact +27800 +28000 2016 2009 1000
a contact +27800 +28000 2020 2027 1000
a contact +27800 +28000 2027 2020 1000
a contact +28200 +28300 2004 2013 1000
a contact +28200 +28300 2013 2004 1000
a contact +28800 +29000 2001 2018 1000
a contact +28800 +29000 2018 2001 1000
a contact +29000 +29100 1001 2026 1000
a contact +29000 +29100 2026 1001 1000
a contact +29300 +29500 2015 2023 1000
a contact +29300 +29500 2023 2015 1000
a contact +30100 +30200 2002 2022 1000
a contact +30000 +30200 2010 2028 1000
a contact +30100 +30200 2022 2002 1000
a contact +30000 +30200 2028 2010 1000
a contact +30400 +30500 2002 2003 1000
a contact +30400 +30500 2003 2002 1000
a contact +30500 +30700 2004 2026 1000
a contact +30500 +30700 2006 2028 1000
a contact +30500 +30700 2026 2004 1000
a contact +30500 +30700 2028 2006 1000
a contact +30900 +31000 2003 2027 1000
a contact +30900 +31000 2027 2003 1000
a contact +31100 +31300 2011 2024 1000
a contact +31100 +31300 2024 2011 1000
a contact +32300 +32500 2009 2015 1000
a contact +32300 +32500 2015 2009 1000
a contact +32300 +32500 2022 9002 1000
a contact +32300 +32500 9002 2022 1000
a contact +32900 +33000 2013 2022 1000
a contact +32900 +33000 2022 2013 1000
a contact +33100 +33400 1001 2014 1000
a contact +33100 +33400 2014 1001 1000
a contact +33600 +33700 2010 2022 1000
a contact +33600 +33700 2022 2010 1000
a contact +34000 +34100 2015 2024 1000
a contact +34000 +34100 2024 2015 1000
a contact +34100 +34200 2016 2024 1000
a contact +34100 +34200 2024 2016 1000
a contact +34400 +34500 2011 2025 1000
a contact +34400 +34500 2025 2011 1000
a contact +34700 +34900 1002 2021 1000
a contact +34700 +34900 2021 1002 1000
a contact +35000 +35200 2001 9003 1000
a contact +35000 +35200 9003 2001 1000
a contact +35200 +35300 2011 2019 1000
a contact +35200 +35300 2019 2011 1000
a contact +35600 +35700 2003 2025 1000
a contact +35600 +35700 2025 2003 1000
a contact +35700 +35800 2005 2025 1000
a contact +35700 +35800 2025 2005 1000
a contact +35800 +36000 2005 2026 1000
a contact +35800 +36000 2026 2005 1000
a contact +36000 +36100 2012 2018 1000
a contact +36000 +36100 2013 2019 1000
a contact +36000 +36100 2018 2012 1000
a contact +36000 +36100 2019 2013 1000
a contact +36400 +36500 1002 9001 1000
a contact +36400 +36500 9001 1002 1000
a contact +36500 +36600 2008 2023 1000
a contact +36500 +36600 2010 2025 1000
a contact +36500 +36600 2023 2008 1000
a contact +36500 +36600 2025 2010 1000
a contact +36800 +36900 2004 2017 1000
a contact +36800 +36900 2012 2024 1000
a contact +36800 +36900 2017 2004 1000
a contact +36800 +36900 2024 2012 1000
a contact +37600 +37700 2004 2026 1000
a contact +37600 +37700 2026 2004 1000
a contact +38400 +38500 2005 2013 1000
a contact +38400 +38500 2013 2005 1000
a contact +38500 +38700 2002 2023 1000
a contact +38500 +38700 2020 2027 1000
a contact +38500 +38700 2023 2002 1000
a contact +38500 +38700 2027 2020 1000
a contact +39200 +39300 2013 2026 1000
a contact +39200 +39300 2026 2013 1000
a contact +39600 +39700 2001 2016 1000
a contact +39600 +39700 2016 2001 1000
a contact +39700 +39800 2003 2028 1000
a contact +39700 +39800 2028 2003 1000
a contact +39900 +40100 2001 2021 1000
a contact +39900 +40100 2021 2001 1000
a contact +40100 +40300 2014 2027 1000
a contact +40100 +40300 2027 2014 1000
a contact +40300 +40400 2010 2019 1000
a contact +40300 +40400 2019 2010 1000
a contact +40800 +40900 1002 2028 1000
a contact +40800 +40900 2028 1002 1000
a contact +40900 +41000 2010 2017 1000
a contact +40900 +41000 2017 2010 1000
a contact +41000 +41100 2004 2026 1000
a contact +41000 +41100 2026 2004 1000
a contact +41100 +41200 2004 2005 1000
a contact +41100 +41200 2005 2004 1000
a contact +41200 +41400 2006 2025 1000
a contact +41200 +41400 2013 2018 1000
a contact +41200 +41400 2018 2013 1000
a contact +41200 +41400 2025 2006 1000
a contact +41900 +42000 2017 9002 1000
a contact +41900 +42000 9002 2017 1000
a contact +42200 +42300 2007 2012 1000
a contact +42200 +42300 2012 2007 1000
a contact +43300 +43400 2011 2019 1000
a contact +43300 +43400 2019 2011 1000
a contact +43400 +43500 1002 9002 1000
a contact +43400 +43500 9002 1002 1000
a contact +43500 +43600 2014 2020 1000
a contact +43500 +43600 2020 2014 1000
a contact +43800 +43900 2020 2025 1000
a contact +43800 +43900 2025 2020 1000
a contact +43900 +44100 2006 2022 1000
a contact +43900 +44100 2015 2023 1000
a contact +43900 +44100 2022 2006 1000
a contact +43900 +44100 2023 2015 1000
a contact +44100 +44300 2005 2010 1000
a contact +44100 +44300 2010 2005 1000
a contact +44400 +44600 2003 2028 1000
a contact +44400 +44600 2006 2021 1000
a contact +44400 +44600 2021 2006 1000
a contact +44400 +44600 2028 2003 1000
a contact +45200 +45300 2001 2015 1000
a contact +45200 +45300 2015 2001 1000
a contact +45400 +45500 2007 2027 1000
a contact +45400 +45500 2027 2007 1000
a contact +45500 +45700 2001 2027 1000
a contact +45500 +45700 2005 2028 1000
a contact +45500 +45700 2027 2001 1000
a contact +45500 +45700 2028 2005 1000
a contact +46400 +46500 1001 9001 1000
a contact +46400 +46500 9001 1001 1000
a contact +46600 +46700 2009 2015 1000
a contact +46600 +46700 2015 2009 1000
a contact +47000 +47100 2001 2016 1000
a contact +47000 +47100 2003 2018 1000
a contact +47000 +47100 2004 2017 1000
a contact +47000 +47100 2006 2019 1000
a contact +47000 +47100 2016 2001 1000
a contact +47000 +47100 2017 2004 1000
a contact +47000 +47100 2018 2003 1000
a contact +47000 +47100 2019 2006 1000
a contact +47100 +47300 2004 2010 1000
a contact +47100 +47300 2010 2004 1000
a contact +47300 +47400 2002 2016 1000
a contact +47300 +47400 2016 2002 1000
a contact +47500 +47700 2007 2026 1000
a contact +47500 +47700 2026 2007 1000
a contact +47700 +47900 2001 2008 1000
a contact +47700 +47900 2003 2010 1000
a contact +47700 +47900 2008 2001 1000
a contact +47700 +47900 2010 2003 1000
a contact +48400 +48500 2003 2004 1000
a contact +48400 +48500 2004 2003 1000
a contact +48400 +48500 2005 2006 1000
a contact +48400 +48500 2006 2005 1000
a contact +48500 +48600 2015 2021 1000
a contact +48500 +48600 2018 2027 1000
a contact +48500 +48600 2021 2015 1000
a contact +48500 +48600 2027 2018 1000
a contact +48800 +48900 2006 2022 1000
a contact +48800 +48900 2022 2006 1000
a contact +49300 +49500 2019 2027 1000
a contact +49300 +49500 2027 2019 1000
a contact +49500 +49700 2006 2021 1000
a contact +49500 +49700 2021 2006 1000
a contact +49700 +49800 2006 2013 1000
a contact +49700 +49800 2013 2006 1000
a contact +49800 +50000 1002 2015 1000
a contact +49800 +50000 2012 2027 1000
a contact +49800 +50000 2015 1002 1000
a contact +49800 +50000 2019 2028 1000
a contact +49800 +50000 2027 2012 1000
a contact +49800 +50000 2028 2019 1000
a contact +50000 +50100 2007 2013 1000
a contact +50000 +50100 2013 2007 1000
a contact +50000 +50100 2021 2026 1000
a contact +50000 +50100 2026 2021 1000
a contact +50300 +50400 1002 2018 1000
a contact +50300 +50400 2018 1002 1000
a contact +50400 +50600 2007 2019 1000
a contact +50400 +50600 2019 2007 1000
a contact +51100 +51200 2001 2024 1000
a contact +51100 +51200 2024 2001 1000
a contact +51500 +51600 2003 2018 1000
a contact +51500 +51600 2018 2003 1000
a contact +51700 +51900 2022 2028 1000
a contact +51700 +51900 2028 2022 1000
a contact +51900 +52000 1001 2007 1000
a contact +51900 +52000 2006 2026 1000
a contact +51900 +52000 2007 1001 1000
a contact +51900 +52000 2026 2006 1000
a contact +52700 +52800 2007 2025 1000
a contact +52700 +52800 2015 2024 1000
a contact +52700 +52800 2024 2015 1000
a contact +52700 +52800 2025 2007 1000
a contact +53200 +53300 1001 2017 1000
a contact +53200 +53300 1002 2019 1000
a contact +53200 +53300 2017 1001 1000
a contact +53200 +53300 2019 1002 1000
a contact +53300 +53600 2028 9001 1000
a contact +53300 +53600 9001 2028 1000
a contact +53600 +53800 1002 2018 1000
a contact +53600 +53800 2018 1002 1000
a contact +53900 +54000 2006 2028 1000
a contact +53900 +54000 2028 2006 1000
a contact +54200 +54300 1002 2006 1000
a contact +54200 +54300 2002 2026 1000
a contact +54200 +54300 2006 1002 1000
a contact +54200 +54300 2026 2002 1000
a contact +54700 +54900 1002 2003 1000
a contact +54700 +54900 2003 1002 1000
a contact +54700 +54900 2019 2027 1000
a contact +54700 +54900 2027 2019 1000
a contact +54900 +55100 2002 2016 1000
a contact +54900 +55100 2016 2002 1000
a contact +55400 +55500 1001 2020 1000
a contact +55400 +55500 2003 2011 1000
a contact +55400 +55500 2011 2003 1000
a contact +55400 +55500 2020 1001 1000
a contact +55800 +55900 1002 2021 1000
a contact +55800 +55900 2004 2016 1000
a contact +55800 +55900 2016 2004 1000
a contact +55800 +55900 2021 1002 1000
a contact +56100 +56200 1001 2017 1000
a contact +56100 +56200 2009 9003 1000
a contact +56100 +56200 2017 1001 1000
a contact +56100 +56200 2020 2021 1000
a contact +56100 +56200 2021 2020 1000
a contact +56100 +56200 9003 2009 1000
a contact +56200 +56300 2015 2023 1000
a contact +56200 +56300 2023 2015 1000
a contact +57000 +57100 1002 2027 1000
a contact +57000 +57100 2027 1002 1000
a contact +57400 +57600 1001 2028 1000
a contact +57400 +57600 2014 9003 1000
a contact +57400 +57600 2028 1001 1000
a contact +57400 +57600 9003 2014 1000
a contact +57900 +58100 2005 2019 1000
a contact +57900 +58100 2019 2005 1000
a contact +58100 +58200 2020 9003 1000
a contact +58100 +58200 9003 2020 1000
a contact +58900 +59200 2008 9001 1000
a contact +58900 +59200 9001 2008 1000
a contact +59200 +59300 2006 2024 1000
a contact +59200 +59300 2014 2020 1000
a contact +59200 +59300 2020 2014 1000
a contact +59200 +59300 2024 2006 1000
a contact +59300 +59400 2011 2018 1000
a contact +59300 +59400 2018 2011 1000
a contact +59400 +59500 2015 2021 1000
a contact +59400 +59500 2021 2015 1000
a contact +59700 +59800 2007 2020 1000
a contact +59700 +59800 2012 2017 1000
a contact +59700 +59800 2017 2012 1000
a contact +59700 +59800 2020 2007 1000
a contact +59800 +60000 2022 2028 1000
a contact +59800 +60000 2028 2022 1000
a contact +60000 +60100 2008 2009 1000
a contact +60000 +60100 2009 2008 1000
a contact +60100 +60300 2009 2023 1000
a contact +60100 +60300 2020 2028 1000
a contact +60100 +60300 2023 2009 1000
a contact +60100 +60300 2028 2020 1000
a contact +60500 +60600 2008 2023 1000
a contact +60500 +60600 2018 2024 1000
a contact +60500 +60600 2023 2008 1000
a contact +60500 +60600 2024 2018 1000
a contact +60600 +60800 2013 2026 1000
a contact +60600 +60800 2026 2013 1000
a contact +60800 +60900 2007 2015 1000
a contact +60800 +60900 2015 2007 1000
a contact +61000 +61200 2021 9003 1000
a contact +61000 +61200 9003 2021 1000
a contact +61300 +61400 2001 2023 1000
a contact +61300 +61400 2023 2001 1000
a contact +61600 +61800 1002 2018 1000
a contact +61600 +61800 2018 1002 1000
a contact +61800 +61900 2005 2027 1000
a contact +61800 +61900 2027 2005 1000
a contact +61900 +62000 2004 2028 1000
a contact +61900 +62000 2025 9003 1000
a contact +61900 +62000 2028 2004 1000
a contact +61900 +62000 9003 2025 1000
a contact +62300 +62400 2006 9001 1000
a contact +62300 +62400 9001 2006 1000
a contact +62400 +62500 1002 2024 1000
a contact +62400 +62500 2024 1002 1000
a contact +62800 +63000 2013 2028 1000
a contact +62800 +63000 2028 2013 1000
a contact +63200 +63300 2015 9001 1000
a contact +63200 +63300 9001 2015 1000
a contact +63300 +63500 1001 2024 1000
a contact +63300 +63500 2024 1001 1000
a contact +63700 +63900 2023 9001 1000
a contact +63700 +63900 9001 2023 1000
a contact +63900 +64000 2016 2028 1000
a contact +63900 +64000 2028 2016 1000
a contact +64000 +64100 2020 2021 1000
a contact +64000 +64100 2021 2020 1000
a contact +64500 +64600 2019 2020 1000
a contact +64500 +64600 2020 2019 1000
a contact +64600 +64800 1002 2021 1000
a contact +64600 +64800 2010 2015 1000
a contact +64600 +64800 2015 2010 1000
a contact +64600 +64800 2021 1002 1000
a contact +64800 +65000 2008 2020 1000
a contact +64800 +65000 2020 2008 1000
a contact +64800 +65000 2024 9001 1000
a contact +64800 +65000 9001 2024 1000
a contact +65000 +65100 2012 2020 1000
a contact +65000 +65100 2020 2012 1000
a contact +65200 +65300 2011 2018 1000
a contact +65200 +65300 2018 2011 1000
a contact +65500 +65700 2012 2027 1000
a contact +65500 +65700 2027 2012 1000
a contact +65700 +65900 2004 2013 1000
a contact +65700 +65900 2013 2004 1000
a contact +66300 +66400 2005 2010 1000
a contact +66300 +66400 2010 2005 1000
a contact +66400 +66600 2019 9003 1000
a contact +66400 +66600 9003 2019 1000
a contact +66700 +66800 1002 2019 1000
a contact +66700 +66800 2019 1002 1000
a contact +67000 +67200 2028 9003 1000
a contact +67000 +67200 9003 2028 1000
a contact +67400 +67500 1001 2021 1000
a contact +67400 +67500 2021 1001 1000
a contact +67500 +67700 2012 2021 1000
a contact +67500 +67700 2021 2012 1000
a contact +67900 +68100 2010 2028 1000
a contact +67900 +68100 2028 2010 1000
a contact +68100 +68200 1001 2003 1000
a contact +68100 +68200 2003 1001 1000
a contact +68100 +68200 2012 2018 1000
a contact +68100 +68200 2018 2012 1000
a contact +68200 +68400 1002 2003 1000
a contact +68200 +68400 2003 1002 1000
a contact +68400 +68600 2021 2022 1000
a contact +68400 +68600 2022 2021 1000
a contact +68600 +68700 1002 2007 1000
a contact +68600 +68700 2007 1002 1000
a contact +68600 +68700 2022 2028 1000
a contact +68600 +68700 2028 2022 1000
a contact +68800 +69000 2004 2018 1000
a contact +68800 +69000 2018 2004 1000
a contact +69100 +69200 2001 9001 1000
a contact +69100 +69200 9001 2001 1000
a contact +70000 +70200 2005 2017 1000
a contact +70000 +70200 2010 2018 1000
a contact +70000 +70200 2017 2005 1000
a contact +70000 +70200 2018 2010 1000
a contact +70300 +70400 2008 2022 1000
a contact +70300 +70400 2022 2008 1000
a contact +70400 +70500 2004 2022 1000
a contact +70400 +70500 2022 2004 1000
a contact +70900 +71100 2014 2021 1000
a contact +70900 +71100 2017 2026 1000
a contact +70900 +71100 2021 2014 1000
a contact +70900 +71100 2026 2017 1000
a contact +71100 +71300 2012 2018 1000
a contact +71100 +71300 2018 2012 1000
a contact +71400 +71500 2020 9003 1000
a contact +71400 +71500 9003 2020 1000
a contact +71500 +71700 2003 2017 1000
a contact +71500 +71700 2014 2028 1000
a contact +71500 +71700 2017 2003 1000
a contact +71500 +71700 2028 2014 1000
a contact +71700 +71800 2002 2019 1000
a contact +71700 +71800 2019 2002 1000
a contact +71800 +71900 2008 2023 1000
a contact +71800 +71900 2010 2025 1000
a contact +71800 +71900 2023 2008 1000
a contact +71800 +71900 2025 2010 1000
a contact +72200 +72400 2013 2025 1000
a contact +72200 +72400 2025 2013 1000
a contact +72600 +72700 2014 2015 1000
a contact +72600 +72700 2015 2014 1000
a contact +72700 +72900 2002 9001 1000
a contact +72700 +72900 9001 2002 1000
a contact +73000 +73100 2003 2025 1000
a contact +73000 +73100 2025 2003 1000
a contact +73100 +73200 1002 2017 1000
a contact +73100 +73200 2017 1002 1000
a contact +73200 +73300 2006 9003 1000
a contact +73200 +73300 9003 2006 1000
a contact +73400 +73500 2002 2016 1000
a contact +73400 +73500 2016 2002 1000
a contact +73500 +73800 2011 2017 1000
a contact +73500 +73800 2017 2011 1000
a contact +74000 +74100 2010 2017 1000
a contact +74000 +74100 2017 2010 1000
a contact +74200 +74400 2014 9003 1000
a contact +74200 +74400 9003 2014 1000
a contact +74600 +74800 2016 2024 1000
a contact +74600 +74800 2024 2016 1000
a contact +74800 +74900 1001 2005 1000
a contact +74800 +74900 2005 1001 1000
a contact +74800 +74900 2008 2023 1000
a contact +74800 +74900 2010 2025 1000
a contact +74800 +74900 2020 9003 1000
a contact +74800 +74900 2023 2008 1000
a contact +74800 +74900 2025 2010 1000
a contact +74800 +74900 9003 2020 1000
a contact +74900 +75100 2003 2016 1000
a contact +74900 +75100 2016 2003 1000
a contact +75100 +75300 2001 2024 1000
a contact +75100 +75300 2024 2001 1000
a contact +75300 +75400 1002 2021 1000
a contact +75300 +75400 2021 1002 1000
a contact +75800 +75900 2007 2018 1000
a contact +75800 +75900 2012 2019 1000
a contact +75800 +75900 2018 2007 1000
a contact +75800 +75900 2019 2012 1000
a contact +76000 +76100 2012 2018 1000
a contact +76000 +76100 2018 2012 1000
a contact +76200 +76400 1001 2006 1000
a contact +76200 +76400 2006 1001 1000
a contact +76200 +76400 2022 2023 1000
a contact +76200 +76400 2023 2022 1000
a contact +76500 +76600 2006 9001 1000
a contact +76500 +76600 9001 2006 1000
a contact +76600 +76700 1002 2003 1000
a contact +76600 +76700 2003 1002 1000
a contact +76600 +76700 2019 9003 1000
a contact +76600 +76700 9003 2019 1000
a contact +76700 +76800 2017 2026 1000
a contact +76700 +76800 2026 2017 1000
a contact +76800 +76900 2003 2012 1000
a contact +76800 +76900 2012 2003 1000
a contact +76800 +76900 2019 2026 1000
a contact +76800 +76900 2021 2028 1000
a contact +76800 +76900 2026 2019 1000
a contact +76800 +76900 2028 2021 1000
a contact +77300 +77500 1002 2012 1000
a contact +77300 +77500 2012 1002 1000
a contact +77200 +77500 2015 9001 1000
a contact +77200 +77500 9001 2015 1000
a contact +77500 +77600 2004 2018 1000
a contact +77500 +77600 2018 2004 1000
a contact +77600 +77800 2002 2024 1000
a contact +77600 +77800 2024 2002 1000
a contact +78900 +79100 1002 2015 1000
a contact +78900 +79100 2001 2022 1000
a contact +78900 +79100 2005 2018 1000
a contact +78900 +79100 2015 1002 1000
a contact +78900 +79100 2018 2005 1000
a contact +78900 +79100 2022 2001 1000
a contact +79400 +79500 2004 2017 1000
a contact +79400 +79500 2017 2004 1000
a contact +80000 +80200 2006 2007 1000
a contact +80000 +80200 2007 2006 1000
a contact +80500 +80700 2015 2024 1000
a contact +80500 +80700 2024 2015 1000
a contact +81400 +81500 2009 2027 1000
a contact +81400 +81500 2010 2018 1000
a contact +81400 +81500 2018 2010 1000
a contact +81400 +81500 2027 2009 1000
a contact +81500 +81600 2012 2013 1000
a contact +81500 +81600 2013 2012 1000
a contact +81600 +81800 2015 2020 1000
a contact +81600 +81800 2020 2015 1000
a contact +82100 +82300 2004 9001 1000
a contact +82100 +82300 9001 2004 1000
a contact +83400 +83500 2009 2023 1000
a contact +83400 +83500 2023 2009 1000
a contact +84100 +84200 2003 2004 1000
a contact +84100 +84200 2004 2003 1000
a contact +84200 +84300 2012 2018 1000
a contact +84200 +84300 2018 2012 1000
a contact +85600 +85700 2004 2010 1000
a contact +85600 +85700 2010 2004 1000
a contact +85600 +85700 2019 2027 1000
a contact +85600 +85700 2027 2019 1000
a contact +85900 +86100 1002 2008 1000
a contact +85900 +86100 2008 1002 1000
a contact +85900 +86100 2011 2023 1000
a contact +85900 +86100 2023 2011 1000
a contact +86200 +86400 2001 2008 1000
a contact +86200 +86400 2008 2001 1000

a range +300 +400 2004 2028 0.0432
a range +300 +400 2016 2017 0.0211
a range +300 +400 2017 2016 0.0211
a range +300 +400 2028 2004 0.0432
a range +400 +500 2011 2024 0.03
a range +400 +500 2017 2018 0.0211
a range +400 +500 2018 2017 0.0211
a range +400 +500 2024 2011 0.03
a range +700 +800 2020 2021 0.0211
a range +700 +800 2021 2020 0.0211
a range +1000 +1200 2008 2016 0.0245
a range +1000 +1200 2016 2008 0.0245
a range +1300 +1500 2008 2015 0.0182
a range +1300 +1500 2015 2008 0.0182
a range +1600 +1700 2003 2019 0.043
a range +1600 +1700 2005 2021 0.0431
a range +1600 +1700 2019 2003 0.043
a range +1600 +1700 2021 2005 0.0431
a range +1900 +2100 2012 2013 0.0211
a range +1900 +2100 2013 2012 0.0211
a range +2100 +2200 2020 2026 0.0213
a range +2100 +2200 2026 2020 0.0213
a range +2700 +2800 2013 9002 1101.9588
a range +2700 +2800 9002 2013 1101.9588
a range +3000 +3100 2006 2019 0.0218
a range +3000 +3100 2019 2006 0.0218
a range +3400 +3500 2004 2005 0.0211
a range +3400 +3500 2005 2004 0.0211
a range +3700 +3900 2003 2004 0.0211
a range +3700 +3900 2004 2003 0.0211
a range +3900 +4000 2011 2018 0.018
a range +3900 +4000 2018 2011 0.018
a range +4000 +4200 2012 2018 0.0267
a range +4000 +4200 2018 2012 0.0267
a range +4200 +4300 1002 9002 0.0592
a range +4200 +4300 2008 2020 0.0378
a range +4200 +4300 2009 2023 0.016
a range +4200 +4300 2010 2022 0.043
a range +4200 +4300 2020 2008 0.0378
a range +4200 +4300 2022 2010 0.043
a range +4200 +4300 2023 2009 0.016
a range +4200 +4300 9002 1002 0.0592
a range +4800 +4900 2013 2027 0.0012
a range +4800 +4900 2027 2013 0.0012
a range +4900 +5100 1002 2014 1102.2193
a range +4900 +5100 2014 1002 1102.2193
a range +5100 +5300 2004 2005 0.0211
a range +5100 +5300 2005 2004 0.0211
a range +5100 +5300 2009 2010 0.0211
a range +5100 +5300 2010 2009 0.0211
a range +5300 +5400 2004 2017 0.03
a range +5300 +5400 2017 2004 0.03
a range +5400 +5500 2002 9002 1103.3672
a range +5400 +5500 9002 2002 1103.3672
a range +6200 +6400 2015 2027 0.0378
a range +6200 +6400 2027 2015 0.0378
a range +6600 +6700 1001 2023 1102.6871
a range +6600 +6700 2014 2015 0.0265
a range +6600 +6700 2015 2014 0.0265
a range +6600 +6700 2023 1001 1102.6871
a range +6900 +7000 2010 2023 0.0149
a range +6900 +7000 2023 2010 0.0149
a range +7000 +7100 2009 2025 0.0431
a range +7000 +7100 2012 2017 0.0394
a range +7000 +7100 2017 2012 0.0394
a range +7000 +7100 2025 2009 0.0431
a range +7200 +7300 2009 2023 0.016
a range +7200 +7300 2023 2009 0.016
a range +7800 +8000 2006 2019 0.0218
a range +7800 +8000 2011 2016 0.0359
a range +7800 +8000 2016 2011 0.0359
a range +7800 +8000 2019 2006 0.0218
a range +8000 +8100 1001 2015 1102.5215
a range +8000 +8100 2015 1001 1102.5215
a range +8400 +8500 2006 2017 0.0434
a range +8400 +8500 2017 2006 0.0434
a range +8600 +8800 2009 2028 0.043
a range +8600 +8800 2028 2009 0.043
a range +9300 +9400 2006 9002 1103.3804
a range +9300 +9400 9002 2006 1103.3804
a range +9700 +9800 2010 2022 0.0431
a range +9700 +9800 2022 2010 0.0431
a range +10000 +10200 1002 2028 1102.2322
a range +10000 +10200 2028 1002 1102.2322
a range +10700 +10800 2020 2025 0.0381
a range +10700 +10800 2025 2020 0.0381
a range +10800 +10900 2001 2018 0.043
a range +10800 +10900 2018 2001 0.043
a range +11100 +11200 2002 2008 0.0245
a range +11100 +11200 2008 2002 0.0245
a range +11100 +11200 2022 2028 0.0211
a range +11100 +11200 2028 2022 0.0211
a range +11600 +11800 2008 2016 0.0245
a range +11600 +11800 2016 2008 0.0245
a range +11800 +12000 2017 2018 0.0211
a range +11800 +12000 2018 2017 0.0211
a range +12100 +12300 2012 2017 0.0394
a range +12100 +12300 2017 2012 0.0394
a range +12400 +12500 2016 2025 0.0359
a range +12400 +12500 2025 2016 0.0359
a range +12500 +12700 2013 2024 0.0433
a range +12500 +12700 2024 2013 0.0433
a range +12900 +13200 2020 2027 0.0006
a range +12900 +13200 2023 9002 1103.3683
a range +12900 +13200 2027 2020 0.0006
a range +12900 +13200 9002 2023 1103.3683
a range +13200 +13400 2007 2021 0.0261
a range +13200 +13400 2021 2007 0.0261
a range +13400 +13500 2008 2025 0.043
a range +13400 +13500 2016 2024 0.0195
a range +13400 +13500 2024 2016 0.0195
a range +13400 +13500 2025 2008 0.043
a range +13900 +14000 1001 2016 1102.376
a range +13900 +14000 2016 1001 1102.376
a range +14000 +14200 2011 9001 1102.3427
a range +14000 +14200 9001 2011 1102.3427
a range +14500 +14700 2011 2016 0.0359
a range +14500 +14700 2016 2011 0.0359
a range +14700 +14800 2012 2013 0.0211
a range +14700 +14800 2013 2012 0.0211
a range +14800 +15000 2015 2022 0.0182
a range +14800 +15000 2022 2015 0.0182
a range +15100 +15200 2011 2020 0.0381
a range +15100 +15200 2020 2011 0.0381
a range +15200 +15300 1002 2017 1103.0622
a range +15200 +15300 2002 2019 0.0433
a range +15200 +15300 2017 1002 1103.0622
a range +15200 +15300 2019 2002 0.0433
a range +15300 +15400 2006 2012 0.0213
a range +15300 +15400 2012 2006 0.0213
a range +15400 +15500 1001 2009 1102.345
a range +15400 +15500 2006 2018 0.0431
a range +15400 +15500 2009 1001 1102.345
a range +15400 +15500 2018 2006 0.0431
a range +15800 +15900 2019 2024 0.0394
a range +15800 +15900 2024 2019 0.0394
a range +15900 +16100 2007 2014 0.0141
a range +15900 +16100 2014 2007 0.0141
a range +16100 +16200 2006 2011 0.0381
a range +16100 +16200 2011 2006 0.0381
a range +16200 +16300 1001 2017 1102.6692
a range +16200 +16300 1002 2019 1102.7759
a range +16200 +16300 2017 1001 1102.6692
a range +16200 +16300 2019 1002 1102.7759
a range +16600 +16700 2007 2027 0.0433
a range +16600 +16700 2017 2018 0.0211
a range +16600 +16700 2018 2017 0.0211
a range +16600 +16700 2027 2007 0.0433
a range +16600 +16900 1002 9001 0.0591
a range +16600 +16900 9001 1002 0.0591
a range +17000 +17200 2012 2019 0.0149
a range +17000 +17200 2019 2012 0.0149
a range +17000 +17200 2025 9002 1103.3658
a range +17000 +17200 9002 2025 1103.3658
a range +17400 +17500 2004 2022 0.0432
a range +17400 +17500 2022 2004 0.0432
a range +17700 +17800 2004 2017 0.03
a range +17700 +17800 2011 2027 0.0431
a range +17700 +17800 2017 2004 0.03
a range +17700 +17800 2027 2011 0.0431
a range +18100 +18200 2003 2019 0.0431
a range +18100 +18200 2019 2003 0.0431
a range +18200 +18300 2013 2014 0.0211
a range +18200 +18300 2014 2013 0.0211
a range +18300 +18500 2014 9002 1102.5751
a range +18300 +18500 9002 2014 1102.5751
a range +18900 +19000 2014 2026 0.043
a range +18900 +19000 2026 2014 0.043
a range +19400 +19600 2008 2009 0.0211
a range +19400 +19600 2009 2008 0.0211
a range +19900 +20100 2017 2018 0.0211
a range +19900 +20100 2018 2017 0.0211
a range +20200 +20400 2008 2028 0.0364
a range +20200 +20400 2009 2015 0.0245
a range +20200 +20400 2015 2009 0.0245
a range +20200 +20400 2028 2008 0.0364
a range +20400 +20500 2011 2020 0.0381
a range +20400 +20500 2012 2017 0.0394
a range +20400 +20500 2014 2019 0.0351
a range +20400 +20500 2017 2012 0.0394
a range +20400 +20500 2019 2014 0.0351
a range +20400 +20500 2020 2011 0.0381
a range +20900 +21000 2009 2022 0.0313
a range +20900 +21000 2022 2009 0.0313
a range +21000 +21200 2006 2015 0.043
a range +21000 +21200 2007 2016 0.0431
a range +21000 +21200 2015 2006 0.043
a range +21000 +21200 2016 2007 0.0431
a range +21400 +21500 2001 2018 0.0433
a range +21400 +21500 2018 2001 0.0433
a range +21500 +21700 2001 2015 0.0337
a range +21500 +21700 2015 2001 0.0337
a range +21900 +22000 2014 2020 0.0209
a range +21900 +22000 2020 2014 0.0209
a range +22300 +22400 2011 2020 0.0381
a range +22300 +22400 2012 2021 0.0351
a range +22300 +22400 2020 2011 0.0381
a range +22300 +22400 2021 2012 0.0351
a range +22400 +22600 1002 2027 1103.138
a range +22400 +22600 2015 2020 0.038
a range +22400 +22600 2020 2015 0.038
a range +22400 +22600 2027 1002 1103.138
a range +22900 +23100 2022 2027 0.038
a range +22900 +23100 2027 2022 0.038
a range +23100 +23200 2016 2025 0.0359
a range +23100 +23200 2025 2016 0.0359
a range +23200 +23300 1001 9003 0.0591
a range +23200 +23300 9003 1001 0.0591
a range +23300 +23500 2002 2017 0.0149
a range +23300 +23500 2006 2014 0.0209
a range +23300 +23500 2014 2006 0.0209
a range +23300 +23500 2017 2002 0.0149
a range +23500 +23600 2007 2012 0.0351
a range +23500 +23600 2012 2007 0.0351
a range +23500 +23700 1001 9003 0.0591
a range +23600 +23700 2016 2024 0.0195
a range +23600 +23700 2024 2016 0.0195
a range +23500 +23700 9003 1001 0.0591
a range +23700 +23900 2006 2023 0.0433
a range +23700 +23900 2023 2006 0.0433
a range +23900 +24100 1001 9003 0.0591
a range +23900 +24100 2012 2018 0.0267
a range +23900 +24100 2018 2012 0.0267
a range +23900 +24100 9003 1001 0.0591
a range +24100 +24200 2015 2021 0.0211
a range +24100 +24200 2021 2015 0.0211
a range +24200 +24400 1001 9003 0.0591
a range +24200 +24400 9003 1001 0.0591
a range +24400 +24600 2008 2015 0.0182
a range +24400 +24600 2015 2008 0.0182
a range +24600 +24700 1001 9003 0.0591
a range +24600 +24700 9003 1001 0.0591
a range +24800 +25000 1001 9003 0.0591
a range +24800 +25000 2008 2009 0.0211
a range +24800 +25000 2009 2008 0.0211
a range +24800 +25000 9003 1001 0.0591
a range +25000 +25100 2012 2020 0.0213
a range +25000 +25100 2020 2012 0.0213
a range +25100 +25300 2004 2005 0.0211
a range +25100 +25300 2005 2004 0.0211
a range +25300 +25500 1001 9003 0.0591
a range +25300 +25500 2004 2023 0.0432
a range +25300 +25500 2023 2004 0.0432
a range +25300 +25500 9003 1001 0.0591
a range +25600 +25700 2012 2026 0.0276
a range +25600 +25700 2026 2012 0.0276
a range +25900 +26000 2003 2012 0.0394
a range +25900 +26000 2004 2011 0.018
a range +25900 +26000 2011 2004 0.018
a range +25900 +26000 2012 2003 0.0394
a range +26800 +26900 2002 2010 0.0195
a range +26800 +26900 2010 2002 0.0195
a range +27100 +27300 2012 2019 0.0149
a range +27100 +27300 2019 2012 0.0149
a range +27800 +28000 2009 2016 0.0086
a range +27800 +28000 2016 2009 0.0086
a range +27800 +28000 2020 2027 0.0006
a range +27800 +28000 2027 2020 0.0006
a range +28200 +28300 2004 2013 0.0381
a range +28200 +28300 2013 2004 0.0381
a range +28800 +29000 2001 2018 0.0432
a range +28800 +29000 2018 2001 0.0432
a range +29000 +29100 1001 2026 1103.6094
a range +29000 +29100 2026 1001 1103.6094
a range +29300 +29500 2015 2023 0.0245
a range +29300 +29500 2023 2015 0.0245
a range +30100 +30200 2002 2022 0.0434
a range +30000 +30200 2010 2028 0.0432
a range +30100 +30200 2022 2002 0.0434
a range +30000 +30200 2028 2010 0.0432
a range +30400 +30500 2002 2003 0.0211
a range +30400 +30500 2003 2002 0.0211
a range +30500 +30700 2004 2026 0.0432
a range +30500 +30700 2006 2028 0.0431
a range +30500 +30700 2026 2004 0.0432
a range +30500 +30700 2028 2006 0.0431
a range +30900 +31000 2003 2027 0.0434
a range +30900 +31000 2027 2003 0.0434
a range +31100 +31300 2011 2024 0.03
a range +31100 +31300 2024 2011 0.03
a range +32300 +32500 2009 2015 0.0245
a range +32300 +32500 2015 2009 0.0245
a range +32300 +32500 2022 9002 1103.3753
a range +32300 +32500 9002 2022 1103.3753
a range +32900 +33000 2013 2022 0.0431
a range +32900 +33000 2022 2013 0.0431
a range +33100 +33400 1001 2014 1103.2931
a range +33100 +33400 2014 1001 1103.2931
a range +33600 +33700 2010 2022 0.043
a range +33600 +33700 2022 2010 0.043
a range +34000 +34100 2015 2024 0.0361
a range +34000 +34100 2024 2015 0.0361
a range +34100 +34200 2016 2024 0.0195
a range +34100 +34200 2024 2016 0.0195
a range +34400 +34500 2011 2025 0.0332
a range +34400 +34500 2025 2011 0.0332
a range +34700 +34900 1002 2021 1103.1343
a range +34700 +34900 2021 1002 1103.1343
a range +35000 +35200 2001 9003 1104.7676
a range +35000 +35200 9003 2001 1104.7676
a range +35200 +35300 2011 2019 0.0267
a range +35200 +35300 2019 2011 0.0267
a range +35600 +35700 2003 2025 0.0432
a range +35600 +35700 2025 2003 0.0432
a range +35700 +35800 2005 2025 0.0432
a range +35700 +35800 2025 2005 0.0432
a range +35800 +36000 2005 2026 0.0431
a range +35800 +36000 2026 2005 0.0431
a range +36000 +36100 2012 2018 0.0267
a range +36000 +36100 2013 2019 0.0213
a range +36000 +36100 2018 2012 0.0267
a range +36000 +36100 2019 2013 0.0213
a range +36400 +36500 1002 9001 0.0594
a range +36400 +36500 9001 1002 0.0594
a range +36500 +36600 2008 2023 0.0313
a range +36500 +36600 2010 2025 0.03
a range +36500 +36600 2023 2008 0.0313
a range +36500 +36600 2025 2010 0.03
a range +36800 +36900 2004 2017 0.03
a range +36800 +36900 2012 2024 0.043
a range +36800 +36900 2017 2004 0.03
a range +36800 +36900 2024 2012 0.043
a range +37600 +37700 2004 2026 0.0432
a range +37600 +37700 2026 2004 0.0432
a range +38400 +38500 2005 2013 0.0213
a range +38400 +38500 2013 2005 0.0213
a range +38500 +38700 2002 2023 0.0432
a range +38500 +38700 2020 2027 0.0006
a range +38500 +38700 2023 2002 0.0432
a range +38500 +38700 2027 2020 0.0006
a range +39200 +39300 2013 2026 0.0218
a range +39200 +39300 2026 2013 0.0218
a range +39600 +39700 2001 2016 0.0313
a range +39600 +39700 2016 2001 0.0313
a range +39700 +39800 2003 2028 0.0435
a range +39700 +39800 2028 2003 0.0435
a range +39900 +40100 2001 2021 0.0364
a range +39900 +40100 2021 2001 0.0364
a range +40100 +40300 2014 2027 0.0203
a range +40100 +40300 2027 2014 0.0203
a range +40300 +40400 2010 2019 0.0394
a range +40300 +40400 2019 2010 0.0394
a range +40800 +40900 1002 2028 1104.0586
a range +40800 +40900 2028 1002 1104.0586
a range +40900 +41000 2010 2017 0.0075
a range +40900 +41000 2017 2010 0.0075
a range +41000 +41100 2004 2026 0.0431
a range +41000 +41100 2026 2004 0.0431
a range +41100 +41200 2004 2005 0.0211
a range +41100 +41200 2005 2004 0.0211
a range +41200 +41400 2006 2025 0.0434
a range +41200 +41400 2013 2018 0.0381
a range +41200 +41400 2018 2013 0.0381
a range +41200 +41400 2025 2006 0.0434
a range +41900 +42000 2017 9002 1103.3505
a range +41900 +42000 9002 2017 1103.3505
a range +42200 +42300 2007 2012 0.0351
a range +42200 +42300 2012 2007 0.0351
a range +43300 +43400 2011 2019 0.0267
a range +43300 +43400 2019 2011 0.0267
a range +43400 +43500 1002 9002 0.0592
a range +43400 +43500 9002 1002 0.0592
a range +43500 +43600 2014 2020 0.0209
a range +43500 +43600 2020 2014 0.0209
a range +43800 +43900 2020 2025 0.0381
a range +43800 +43900 2025 2020 0.0381
a range +43900 +44100 2006 2022 0.0432
a range +43900 +44100 2015 2023 0.0245
a range +43900 +44100 2022 2006 0.0432
a range +43900 +44100 2023 2015 0.0245
a range +44100 +44300 2005 2010 0.0394
a range +44100 +44300 2010 2005 0.0394
a range +44400 +44600 2003 2028 0.0435
a range +44400 +44600 2006 2021 0.0203
a range +44400 +44600 2021 2006 0.0203
a range +44400 +44600 2028 2003 0.0435
a range +45200 +45300 2001 2015 0.0337
a range +45200 +45300 2015 2001 0.0337
a range +45400 +45500 2007 2027 0.0433
a range +45400 +45500 2027 2007 0.0433
a range +45500 +45700 2001 2027 0.0432
a range +45500 +45700 2005 2028 0.0432
a range +45500 +45700 2027 2001 0.0432
a range +45500 +45700 2028 2005 0.0432
a range +46400 +46500 1001 9001 0.0593
a range +46400 +46500 9001 1001 0.0593
a range +46600 +46700 2009 2015 0.0245
a range +46600 +46700 2015 2009 0.0245
a range +47000 +47100 2001 2016 0.0313
a range +47000 +47100 2003 2018 0.03
a range +47000 +47100 2004 2017 0.03
a range +47000 +47100 2006 2019 0.0218
a range +47000 +47100 2016 2001 0.0313
a range +47000 +47100 2017 2004 0.03
a range +47000 +47100 2018 2003 0.03
a range +47000 +47100 2019 2006 0.0218
a range +47100 +47300 2004 2010 0.024
a range +47100 +47300 2010 2004 0.024
a range +47300 +47400 2002 2016 0.016
a range +47300 +47400 2016 2002 0.016
a range +47500 +47700 2007 2026 0.0432
a range +47500 +47700 2026 2007 0.0432
a range +47700 +47900 2001 2008 0.0182
a range +47700 +47900 2003 2010 0.0075
a range +47700 +47900 2008 2001 0.0182
a range +47700 +47900 2010 2003 0.0075
a range +48400 +48500 2003 2004 0.0211
a range +48400 +48500 2004 2003 0.0211
a range +48400 +48500 2005 2006 0.0211
a range +48400 +48500 2006 2005 0.0211
a range +48500 +48600 2015 2021 0.0211
a range +48500 +48600 2018 2027 0.0381
a range +48500 +48600 2021 2015 0.0211
a range +48500 +48600 2027 2018 0.0381
a range +48800 +48900 2006 2022 0.0432
a range +48800 +48900 2022 2006 0.0432
a range +49300 +49500 2019 2027 0.0213
a range +49300 +49500 2027 2019 0.0213
a range +49500 +49700 2006 2021 0.0203
a range +49500 +49700 2021 2006 0.0203
a range +49700 +49800 2006 2013 0.0006
a range +49700 +49800 2013 2006 0.0006
a range +49800 +50000 1002 2015 1104.0032
a range +49800 +50000 2012 2027 0.0218
a range +49800 +50000 2015 1002 1104.0032
a range +49800 +50000 2019 2028 0.0351
a range +49800 +50000 2027 2012 0.0218
a range +49800 +50000 2028 2019 0.0351
a range +50000 +50100 2007 2013 0.0209
a range +50000 +50100 2013 2007 0.0209
a range +50000 +50100 2021 2026 0.0351
a range +50000 +50100 2026 2021 0.0351
a range +50300 +50400 1002 2018 1104.0302
a range +50300 +50400 2018 1002 1104.0302
a range +50400 +50600 2007 2019 0.043
a range +50400 +50600 2019 2007 0.043
a range +51100 +51200 2001 2024 0.0435
a range +51100 +51200 2024 2001 0.0435
a range +51500 +51600 2003 2018 0.03
a range +51500 +51600 2018 2003 0.03
a range +51700 +51900 2022 2028 0.0211
a range +51700 +51900 2028 2022 0.0211
a range +51900 +52000 1001 2007 1104.4964
a range +51900 +52000 2006 2026 0.0434
a range +51900 +52000 2007 1001 1104.4964
a range +51900 +52000 2026 2006 0.0434
a range +52700 +52800 2007 2025 0.043
a range +52700 +52800 2015 2024 0.0361
a range +52700 +52800 2024 2015 0.0361
a range +52700 +52800 2025 2007 0.043
a range +53200 +53300 1001 2017 1104.5279
a range +53200 +53300 1002 2019 1104.036
a range +53200 +53300 2017 1001 1104.5279
a range +53200 +53300 2019 1002 1104.036
a range +53300 +53600 2028 9001 1105.0515
a range +53300 +53600 9001 2028 1105.0515
a range +53600 +53800 1002 2018 1104.0302
a range +53600 +53800 2018 1002 1104.0302
a range +53900 +54000 2006 2028 0.0432
a range +53900 +54000 2028 2006 0.0432
a range +54200 +54300 1002 2006 1104.0527
a range +54200 +54300 2002 2026 0.0431
a range +54200 +54300 2006 1002 1104.0527
a range +54200 +54300 2026 2002 0.0431
a range +54700 +54900 1002 2003 1104.0467
a range +54700 +54900 2003 1002 1104.0467
a range +54700 +54900 2019 2027 0.0213
a range +54700 +54900 2027 2019 0.0213
a range +54900 +55100 2002 2016 0.016
a range +54900 +55100 2016 2002 0.016
a range +55400 +55500 1001 2020 1104.1224
a range +55400 +55500 2003 2011 0.024
a range +55400 +55500 2011 2003 0.024
a range +55400 +55500 2020 1001 1104.1224
a range +55800 +55900 1002 2021 1104.0702
a range +55800 +55900 2004 2016 0.0431
a range +55800 +55900 2016 2004 0.0431
a range +55800 +55900 2021 1002 1104.0702
a range +56100 +56200 1001 2017 1104.5279
a range +56100 +56200 2009 9003 1104.5617
a range +56100 +56200 2017 1001 1104.5279
a range +56100 +56200 2020 2021 0.0211
a range +56100 +56200 2021 2020 0.0211
a range +56100 +56200 9003 2009 1104.5617
a range +56200 +56300 2015 2023 0.0245
a range +56200 +56300 2023 2015 0.0245
a range +57000 +57100 1002 2027 1104.0525
a range +57000 +57100 2027 1002 1104.0525
a range +57400 +57600 1001 2028 1104.4986
a range +57400 +57600 2014 9003 1104.0329
a range +57400 +57600 2028 1001 1104.4986
a range +57400 +57600 9003 2014 1104.0329
a range +57900 +58100 2005 2019 0.0276
a range +57900 +58100 2019 2005 0.0276
a range +58100 +58200 2020 9003 1104.1541
a range +58100 +58200 9003 2020 1104.1541
a range +58900 +59200 2008 9001 1104.6512
a range +58900 +59200 9001 2008 1104.6512
a range +59200 +59300 2006 2024 0.0435
a range +59200 +59300 2014 2020 0.0209
a range +59200 +59300 2020 2014 0.0209
a range +59200 +59300 2024 2006 0.0435
a range +59300 +59400 2011 2018 0.018
a range +59300 +59400 2018 2011 0.018
a range +59400 +59500 2015 2021 0.0211
a range +59400 +59500 2021 2015 0.0211
a range +59700 +59800 2007 2020 0.0203
a range +59700 +59800 2012 2017 0.0394
a range +59700 +59800 2017 2012 0.0394
a range +59700 +59800 2020 2007 0.0203
a range +59800 +60000 2022 2028 0.0211
a range +59800 +60000 2028 2022 0.0211
a range +60000 +60100 2008 2009 0.0211
a range +60000 +60100 2009 2008 0.0211
a range +60100 +60300 2009 2023 0.016
a range +60100 +60300 2020 2028 0.0209
a range +60100 +60300 2023 2009 0.016
a range +60100 +60300 2028 2020 0.0209
a range +60500 +60600 2008 2023 0.0313
a range +60500 +60600 2018 2024 0.024
a range +60500 +60600 2023 2008 0.0313
a range +60500 +60600 2024 2018 0.024
a range +60600 +60800 2013 2026 0.0218
a range +60600 +60800 2026 2013 0.0218
a range +60800 +60900 2007 2015 0.0364
a range +60800 +60900 2015 2007 0.0364
a range +61000 +61200 2021 9003 1104.7799
a range +61000 +61200 9003 2021 1104.7799
a range +61300 +61400 2001 2023 0.043
a range +61300 +61400 2023 2001 0.043
a range +61600 +61800 1002 2018 1104.3451
a range +61600 +61800 2018 1002 1104.3451
a range +61800 +61900 2005 2027 0.0432
a range +61800 +61900 2027 2005 0.0432
a range +61900 +62000 2004 2028 0.0435
a range +61900 +62000 2025 9003 1104.7508
a range +61900 +62000 2028 2004 0.0435
a range +61900 +62000 9003 2025 1104.7508
a range +62300 +62400 2006 9001 1105.0581
a range +62300 +62400 9001 2006 1105.0581
a range +62400 +62500 1002 2024 1104.9494
a range +62400 +62500 2024 1002 1104.9494
a range +62800 +63000 2013 2028 0.0203
a range +62800 +63000 2028 2013 0.0203
a range +63200 +63300 2015 9001 1104.6705
a range +63200 +63300 9001 2015 1104.6705
a range +63300 +63500 1001 2024 1104.5145
a range +63300 +63500 2024 1001 1104.5145
a range +63700 +63900 2023 9001 1105.0536
a range +63700 +63900 9001 2023 1105.0536
a range +63900 +64000 2016 2028 0.0395
a range +63900 +64000 2028 2016 0.0395
a range +64000 +64100 2020 2021 0.0211
a range +64000 +64100 2021 2020 0.0211
a range +64500 +64600 2019 2020 0.0211
a range +64500 +64600 2020 2019 0.0211
a range +64600 +64800 1002 2021 1104.8094
a range +64600 +64800 2010 2015 0.0361
a range +64600 +64800 2015 2010 0.0361
a range +64600 +64800 2021 1002 1104.8094
a range +64800 +65000 2008 2020 0.0378
a range +64800 +65000 2020 2008 0.0378
a range +64800 +65000 2024 9001 1105.0607
a range +64800 +65000 9001 2024 1105.0607
a range +65000 +65100 2012 2020 0.0213
a range +65000 +65100 2020 2012 0.0213
a range +65200 +65300 2011 2018 0.018
a range +65200 +65300 2018 2011 0.018
a range +65500 +65700 2012 2027 0.0218
a range +65500 +65700 2027 2012 0.0218
a range +65700 +65900 2004 2013 0.0381
a range +65700 +65900 2013 2004 0.0381
a range +66300 +66400 2005 2010 0.0394
a range +66300 +66400 2010 2005 0.0394
a range +66400 +66600 2019 9003 1104.7478
a range +66400 +66600 9003 2019 1104.7478
a range +66700 +66800 1002 2019 1104.9713
a range +66700 +66800 2019 1002 1104.9713
a range +67000 +67200 2028 9003 1104.7667
a range +67000 +67200 9003 2028 1104.7667
a range +67400 +67500 1001 2021 1104.4851
a range +67400 +67500 2021 1001 1104.4851
a range +67500 +67700 2012 2021 0.0351
a range +67500 +67700 2021 2012 0.0351
a range +67900 +68100 2010 2028 0.0432
a range +67900 +68100 2028 2010 0.0432
a range +68100 +68200 1001 2003 1104.5167
a range +68100 +68200 2003 1001 1104.5167
a range +68100 +68200 2012 2018 0.0267
a range +68100 +68200 2018 2012 0.0267
a range +68200 +68400 1002 2003 1104.9475
a range +68200 +68400 2003 1002 1104.9475
a range +68400 +68600 2021 2022 0.0265
a range +68400 +68600 2022 2021 0.0265
a range +68600 +68700 1002 2007 1104.9626
a range +68600 +68700 2007 1002 1104.9626
a range +68600 +68700 2022 2028 0.0211
a range +68600 +68700 2028 2022 0.0211
a range +68800 +69000 2004 2018 0.0332
a range +68800 +69000 2018 2004 0.0332
a range +69100 +69200 2001 9001 1105.0474
a range +69100 +69200 9001 2001 1105.0474
a range +70000 +70200 2005 2017 0.0431
a range +70000 +70200 2010 2018 0.024
a range +70000 +70200 2017 2005 0.0431
a range +70000 +70200 2018 2010 0.024
a range +70300 +70400 2008 2022 0.0337
a range +70300 +70400 2022 2008 0.0337
a range +70400 +70500 2004 2022 0.0436
a range +70400 +70500 2022 2004 0.0436
a range +70900 +71100 2014 2021 0.0141
a range +70900 +71100 2017 2026 0.0394
a range +70900 +71100 2021 2014 0.0141
a range +70900 +71100 2026 2017 0.0394
a range +71100 +71300 2012 2018 0.0267
a range +71100 +71300 2018 2012 0.0267
a range +71400 +71500 2020 9003 1104.7668
a range +71400 +71500 9003 2020 1104.7668
a range +71500 +71700 2003 2017 0.0138
a range +71500 +71700 2014 2028 0.0261
a range +71500 +71700 2017 2003 0.0138
a range +71500 +71700 2028 2014 0.0261
a range +71700 +71800 2002 2019 0.043
a range +71700 +71800 2019 2002 0.043
a range +71800 +71900 2008 2023 0.0313
a range +71800 +71900 2010 2025 0.03
a range +71800 +71900 2023 2008 0.0313
a range +71800 +71900 2025 2010 0.03
a range +72200 +72400 2013 2025 0.0431
a range +72200 +72400 2025 2013 0.0431
a range +72600 +72700 2014 2015 0.0265
a range +72600 +72700 2015 2014 0.0265
a range +72700 +72900 2002 9001 1105.0526
a range +72700 +72900 9001 2002 1105.0526
a range +73000 +73100 2003 2025 0.0432
a range +73000 +73100 2025 2003 0.0432
a range +73100 +73200 1002 2017 1104.9374
a range +73100 +73200 2017 1002 1104.9374
a range +73200 +73300 2006 9003 1104.7626
a range +73200 +73300 9003 2006 1104.7626
a range +73400 +73500 2002 2016 0.016
a range +73400 +73500 2016 2002 0.016
a range +73500 +73800 2011 2017 0.024
a range +73500 +73800 2017 2011 0.024
a range +74000 +74100 2010 2017 0.0075
a range +74000 +74100 2017 2010 0.0075
a range +74200 +74400 2014 9003 1104.7765
a range +74200 +74400 9003 2014 1104.7765
a range +74600 +74800 2016 2024 0.0195
a range +74600 +74800 2024 2016 0.0195
a range +74800 +74900 1001 2005 1105.0382
a range +74800 +74900 2005 1001 1105.0382
a range +74800 +74900 2008 2023 0.0313
a range +74800 +74900 2010 2025 0.03
a range +74800 +74900 2020 9003 1104.7668
a range +74800 +74900 2023 2008 0.0313
a range +74800 +74900 2025 2010 0.03
a range +74800 +74900 9003 2020 1104.7668
a range +74900 +75100 2003 2016 0.0149
a range +74900 +75100 2016 2003 0.0149
a range +75100 +75300 2001 2024 0.043
a range +75100 +75300 2024 2001 0.043
a range +75300 +75400 1002 2021 1104.8094
a range +75300 +75400 2021 1002 1104.8094
a range +75800 +75900 2007 2018 0.0433
a range +75800 +75900 2012 2019 0.0149
a range +75800 +75900 2018 2007 0.0433
a range +75800 +75900 2019 2012 0.0149
a range +76000 +76100 2012 2018 0.0267
a range +76000 +76100 2018 2012 0.0267
a range +76200 +76400 1001 2006 1105.0303
a range +76200 +76400 2006 1001 1105.0303
a range +76200 +76400 2022 2023 0.0211
a range +76200 +76400 2023 2022 0.0211
a range +76500 +76600 2006 9001 1105.0581
a range +76500 +76600 9001 2006 1105.0581
a range +76600 +76700 1002 2003 1104.9475
a range +76600 +76700 2003 1002 1104.9475
a range +76600 +76700 2019 9003 1104.7478
a range +76600 +76700 9003 2019 1104.7478
a range +76700 +76800 2017 2026 0.0394
a range +76700 +76800 2026 2017 0.0394
a range +76800 +76900 2003 2012 0.0394
a range +76800 +76900 2012 2003 0.0394
a range +76800 +76900 2019 2026 0.0149
a range +76800 +76900 2021 2028 0.0141
a range +76800 +76900 2026 2019 0.0149
a range +76800 +76900 2028 2021 0.0141
a range +77300 +77500 1002 2012 1104.9719
a range +77300 +77500 2012 1002 1104.9719
a range +77200 +77500 2015 9001 1105.036
a range +77200 +77500 9001 2015 1105.036
a range +77500 +77600 2004 2018 0.0332
a range +77500 +77600 2018 2004 0.0332
a range +77600 +77800 2002 2024 0.0432
a range +77600 +77800 2024 2002 0.0432
a range +78900 +79100 1002 2015 1104.9504
a range +78900 +79100 2001 2022 0.0432
a range +78900 +79100 2005 2018 0.0369
a range +78900 +79100 2015 1002 1104.9504
a range +78900 +79100 2018 2005 0.0369
a range +78900 +79100 2022 2001 0.0432
a range +79400 +79500 2004 2017 0.03
a range +79400 +79500 2017 2004 0.03
a range +80000 +80200 2006 2007 0.0211
a range +80000 +80200 2007 2006 0.0211
a range +80500 +80700 2015 2024 0.0361
a range +80500 +80700 2024 2015 0.0361
a range +81400 +81500 2009 2027 0.0431
a range +81400 +81500 2010 2018 0.024
a range +81400 +81500 2018 2010 0.024
a range +81400 +81500 2027 2009 0.0431
a range +81500 +81600 2012 2013 0.0211
a range +81500 +81600 2013 2012 0.0211
a range +81600 +81800 2015 2020 0.038
a range +81600 +81800 2020 2015 0.038
a range +82100 +82300 2004 9001 1105.0676
a range +82100 +82300 9001 2004 1105.0676
a range +83400 +83500 2009 2023 0.016
a range +83400 +83500 2023 2009 0.016
a range +84100 +84200 2003 2004 0.0211
a range +84100 +84200 2004 2003 0.0211
a range +84200 +84300 2012 2018 0.0267
a range +84200 +84300 2018 2012 0.0267
a range +85600 +85700 2004 2010 0.024
a range +85600 +85700 2010 2004 0.024
a range +85600 +85700 2019 2027 0.0213
a range +85600 +85700 2027 2019 0.0213
a range +85900 +86100 1002 2008 1105.089
a range +85900 +86100 2008 1002 1105.089
a range +85900 +86100 2011 2023 0.0302
a range +85900 +86100 2023 2011 0.0302
a range +86200 +86400 2001 2008 0.0182
a range +86200 +86400 2008 2001 0.0182
