a contact +0 +600 1002 2020 10000
a contact +0 +600 1002 2005 10000
a contact +0 +600 1002 2027 10000
a contact +0 +600 1003 2025 10000
a contact +0 +600 1003 2013 10000
a contact +0 +600 1003 2023 10000
a contact +0 +600 1004 2021 10000
a contact +0 +600 1004 9001 100000
a contact +0 +600 1004 2035 10000
a contact +0 +600 1005 2041 10000
a contact +0 +600 1005 2002 10000
a contact +0 +600 1005 2033 10000
a contact +0 +600 1006 2039 10000
a contact +0 +600 1006 2007 10000
a contact +0 +600 1006 2032 10000
a contact +0 +600 2002 1005 10000
a contact +0 +600 2005 1002 10000
a contact +0 +600 2007 1006 10000
a contact +0 +600 2013 1003 10000
a contact +0 +600 2020 1002 10000
a contact +0 +600 2021 1004 10000
a contact +0 +600 2023 1003 10000
a contact +0 +600 2025 1003 10000
a contact +0 +600 2027 1002 10000
a contact +0 +600 2032 1006 10000
a contact +0 +600 2033 1005 10000
a contact +0 +600 2035 1004 10000
a contact +0 +600 2039 1006 10000
a contact +0 +600 2041 1005 10000
a contact +0 +600 9001 1004 100000
a contact +0 +2400 1001 9003 100000
a contact +0 +2400 9003 1001 100000
a contact +3000 +3600 1005 2030 10000
a contact +3000 +3600 2030 1005 10000
a contact +4200 +6600 1006 9003 100000
a contact +4200 +6600 9003 1006 100000
a contact +9000 +9600 1004 2008 10000
a contact +9000 +9600 2008 1004 10000
a contact +8400 +10800 1005 9003 100000
a contact +8400 +10800 9003 1005 100000
a contact +12000 +13800 1004 9003 100000
a contact +12000 +13800 9003 1004 100000
a contact +15600 +16800 1003 9003 100000
a contact +15600 +16800 9003 1003 100000
a contact +18000 +18600 1003 9003 100000
a contact +18000 +18600 1003 9001 100000
a contact +18000 +18600 9001 1003 100000
a contact +18000 +18600 9003 1003 100000
a contact +21000 +21600 1004 2018 10000
a contact +21000 +21600 2018 1004 10000
a contact +21600 +22200 1002 9003 100000
a contact +21600 +22200 1002 9001 100000
a contact +21600 +22200 9001 1002 100000
a contact +21600 +22200 9003 1002 100000
a contact +24000 +24600 1001 9001 100000
a contact +24000 +24600 1005 2017 10000
a contact +24000 +24600 1005 2033 10000
a contact +24000 +24600 2017 1005 10000
a contact +24000 +24600 2033 1005 10000
a contact +24000 +24600 9001 1001 100000
a contact +25200 +25800 1001 9003 100000
a contact +25200 +25800 9003 1001 100000
a contact +25200 +26400 1001 9001 100000
a contact +25200 +26400 9001 1001 100000
a contact +26400 +27000 1003 9002 100000
a contact +26400 +27000 1003 2028 10000
a contact +26400 +27000 2028 1003 10000
a contact +26400 +27000 9002 1003 100000
a contact +28200 +28800 1006 9003 100000
a contact +28200 +28800 9003 1006 100000
a contact +28200 +30000 1006 9001 100000
a contact +28200 +30000 9001 1006 100000
a contact +33000 +33600 1004 2038 10000
a contact +33000 +33600 2038 1004 10000
a contact +31800 +34200 1005 9001 100000
a contact +31800 +34200 9001 1005 100000
a contact +35400 +36000 1002 2026 10000
a contact +35400 +36000 2026 1002 10000
a contact +36000 +36600 1004 9001 100000
a contact +36000 +36600 9001 1004 100000
a contact +37200 +37800 1004 9001 100000
a contact +37200 +37800 9001 1004 100000
a contact +38400 +39000 1006 2038 10000
a contact +38400 +39000 2038 1006 10000
a contact +39000 +39600 1004 9002 100000
a contact +39000 +39600 9002 1004 100000
a contact +39600 +40800 1003 9001 100000
a contact +40200 +40800 1006 2038 10000
a contact +40200 +40800 2038 1006 10000
a contact +39600 +40800 9001 1003 100000
a contact +41400 +42000 1003 9001 100000
a contact +41400 +42000 1003 9002 100000
a contact +41400 +42000 9001 1003 100000
a contact +41400 +42000 9002 1003 100000
a contact +41400 +42600 1002 2020 10000
a contact +41400 +42600 2020 1002 10000
a contact +44400 +45000 1005 9003 100000
a contact +44400 +45000 9003 1005 100000
a contact +44400 +45600 1002 9001 100000
a contact +44400 +45600 1002 9002 100000
a contact +44400 +45600 9001 1002 100000
a contact +44400 +45600 9002 1002 100000
a contact +45600 +46200 1006 2010 10000
a contact +45600 +46200 2010 1006 10000
a contact +48000 +48600 1001 9001 100000
a contact +48000 +48600 1001 9002 100000
a contact +48000 +48600 9001 1001 100000
a contact +48000 +48600 9002 1001 100000
a contact +49200 +49800 1001 9002 100000
a contact +49200 +49800 9002 1001 100000
a contact +49800 +50400 1004 9003 100000
a contact +49800 +50400 1006 2008 10000
a contact +49800 +50400 2008 1006 10000
a contact +49800 +50400 9003 1004 100000
a contact +51000 +51600 1006 9001 100000
a contact +51000 +51600 9001 1006 100000
a contact +52200 +53400 1006 9002 100000
a contact +52200 +53400 9002 1006 100000
a contact +55800 +56400 1002 2026 10000
a contact +55800 +56400 2026 1002 10000
a contact +56400 +57600 1005 9002 100000
a contact +56400 +57600 9002 1005 100000
a contact +59400 +61200 1004 9002 100000
a contact +59400 +61200 9002 1004 100000
a contact +62400 +65400 1003 9002 100000
a contact +62400 +65400 9002 1003 100000
a contact +67800 +69600 1002 9002 100000
a contact +67800 +69600 9002 1002 100000
a contact +70800 +71400 1003 2044 10000
a contact +70800 +71400 2044 1003 10000
a contact +71400 +73200 1001 9002 100000
a contact +71400 +73200 9002 1001 100000
a contact +73800 +74400 1003 2027 10000
a contact +73800 +74400 1004 9001 100000
a contact +73800 +74400 2027 1003 10000
a contact +73800 +74400 9001 1004 100000
a contact +75000 +75600 1006 9002 100000
a contact +75000 +75600 9002 1006 100000
a contact +75600 +77400 1001 2008 10000
a contact +75600 +77400 2008 1001 10000
a contact +77400 +78000 1005 2014 10000
a contact +76800 +78000 1006 9003 100000
a contact +77400 +78000 2014 1005 10000
a contact +76800 +78000 9003 1006 100000
a contact +78000 +78600 1002 2033 10000
a contact +78000 +78600 2033 1002 10000
a contact +79200 +79800 1006 9003 100000
a contact +79200 +79800 9003 1006 100000
a contact +80400 +81000 1005 9003 100000
a contact +80400 +81000 9003 1005 100000
a contact +81000 +81600 1004 2008 10000
a contact +81000 +81600 2008 1004 10000
a contact +83400 +84000 1004 9003 100000
a contact +83400 +84000 9003 1004 100000
a contact +84600 +85200 1004 9003 100000
a contact +84600 +85200 9003 1004 100000

a range +0 +600 1002 2020 0
a range +0 +600 1002 2005 0
a range +0 +600 1002 2027 0
a range +0 +600 1003 2025 0
a range +0 +600 1003 2013 0
a range +0 +600 1003 2023 0
a range +0 +600 1004 2021 0
a range +0 +600 1004 9001 0
a range +0 +600 1004 2035 0
a range +0 +600 1005 2041 0
a range +0 +600 1005 2002 0
a range +0 +600 1005 2033 0
a range +0 +600 1006 2039 0
a range +0 +600 1006 2007 0
a range +0 +600 1006 2032 0
a range +0 +600 2002 1005 0
a range +0 +600 2005 1002 0
a range +0 +600 2007 1006 0
a range +0 +600 2013 1003 0
a range +0 +600 2020 1002 0
a range +0 +600 2021 1004 0
a range +0 +600 2023 1003 0
a range +0 +600 2025 1003 0
a range +0 +600 2027 1002 0
a range +0 +600 2032 1006 0
a range +0 +600 2033 1005 0
a range +0 +600 2035 1004 0
a range +0 +600 2039 1006 0
a range +0 +600 2041 1005 0
a range +0 +600 9001 1004 0
a range +0 +2400 1001 9003 0
a range +0 +2400 9003 1001 0
a range +3000 +3600 1005 2030 0
a range +3000 +3600 2030 1005 0
a range +4200 +6600 1006 9003 0
a range +4200 +6600 9003 1006 0
a range +9000 +9600 1004 2008 0
a range +9000 +9600 2008 1004 0
a range +8400 +10800 1005 9003 0
a range +8400 +10800 9003 1005 0
a range +12000 +13800 1004 9003 0
a range +12000 +13800 9003 1004 0
a range +15600 +16800 1003 9003 0
a range +15600 +16800 9003 1003 0
a range +18000 +18600 1003 9003 0
a range +18000 +18600 1003 9001 0
a range +18000 +18600 9001 1003 0
a range +18000 +18600 9003 1003 0
a range +21000 +21600 1004 2018 0
a range +21000 +21600 2018 1004 0
a range +21600 +22200 1002 9003 0
a range +21600 +22200 1002 9001 0
a range +21600 +22200 9001 1002 0
a range +21600 +22200 9003 1002 0
a range +24000 +24600 1001 9001 0
a range +24000 +24600 1005 2017 0
a range +24000 +24600 1005 2033 0
a range +24000 +24600 2017 1005 0
a range +24000 +24600 2033 1005 0
a range +24000 +24600 9001 1001 0
a range +25200 +25800 1001 9003 0
a range +25200 +25800 9003 1001 0
a range +25200 +26400 1001 9001 0
a range +25200 +26400 9001 1001 0
a range +26400 +27000 1003 9002 0
a range +26400 +27000 1003 2028 0
a range +26400 +27000 2028 1003 0
a range +26400 +27000 9002 1003 0
a range +28200 +28800 1006 9003 0
a range +28200 +28800 9003 1006 0
a range +28200 +30000 1006 9001 0
a range +28200 +30000 9001 1006 0
a range +33000 +33600 1004 2038 0
a range +33000 +33600 2038 1004 0
a range +31800 +34200 1005 9001 0
a range +31800 +34200 9001 1005 0
a range +35400 +36000 1002 2026 0
a range +35400 +36000 2026 1002 0
a range +36000 +36600 1004 9001 0
a range +36000 +36600 9001 1004 0
a range +37200 +37800 1004 9001 0
a range +37200 +37800 9001 1004 0
a range +38400 +39000 1006 2038 0
a range +38400 +39000 2038 1006 0
a range +39000 +39600 1004 9002 0
a range +39000 +39600 9002 1004 0
a range +39600 +40800 1003 9001 0
a range +40200 +40800 1006 2038 0
a range +40200 +40800 2038 1006 0
a range +39600 +40800 9001 1003 0
a range +41400 +42000 1003 9001 0
a range +41400 +42000 1003 9002 0
a range +41400 +42000 9001 1003 0
a range +41400 +42000 9002 1003 0
a range +41400 +42600 1002 2020 0
a range +41400 +42600 2020 1002 0
a range +44400 +45000 1005 9003 0
a range +44400 +45000 9003 1005 0
a range +44400 +45600 1002 9001 0
a range +44400 +45600 1002 9002 0
a range +44400 +45600 9001 1002 0
a range +44400 +45600 9002 1002 0
a range +45600 +46200 1006 2010 0
a range +45600 +46200 2010 1006 0
a range +48000 +48600 1001 9001 0
a range +48000 +48600 1001 9002 0
a range +48000 +48600 9001 1001 0
a range +48000 +48600 9002 1001 0
a range +49200 +49800 1001 9002 0
a range +49200 +49800 9002 1001 0
a range +49800 +50400 1004 9003 0
a range +49800 +50400 1006 2008 0
a range +49800 +50400 2008 1006 0
a range +49800 +50400 9003 1004 0
a range +51000 +51600 1006 9001 0
a range +51000 +51600 9001 1006 0
a range +52200 +53400 1006 9002 0
a range +52200 +53400 9002 1006 0
a range +55800 +56400 1002 2026 0
a range +55800 +56400 2026 1002 0
a range +56400 +57600 1005 9002 0
a range +56400 +57600 9002 1005 0
a range +59400 +61200 1004 9002 0
a range +59400 +61200 9002 1004 0
a range +62400 +65400 1003 9002 0
a range +62400 +65400 9002 1003 0
a range +67800 +69600 1002 9002 0
a range +67800 +69600 9002 1002 0
a range +70800 +71400 1003 2044 0
a range +70800 +71400 2044 1003 0
a range +71400 +73200 1001 9002 0
a range +71400 +73200 9002 1001 0
a range +73800 +74400 1003 2027 0
a range +73800 +74400 1004 9001 0
a range +73800 +74400 2027 1003 0
a range +73800 +74400 9001 1004 0
a range +75000 +75600 1006 9002 0
a range +75000 +75600 9002 1006 0
a range +75600 +77400 1001 2008 0
a range +75600 +77400 2008 1001 0
a range +77400 +78000 1005 2014 0
a range +76800 +78000 1006 9003 0
a range +77400 +78000 2014 1005 0
a range +76800 +78000 9003 1006 0
a range +78000 +78600 1002 2033 0
a range +78000 +78600 2033 1002 0
a range +79200 +79800 1006 9003 0
a range +79200 +79800 9003 1006 0
a range +80400 +81000 1005 9003 0
a range +80400 +81000 9003 1005 0
a range +81000 +81600 1004 2008 0
a range +81000 +81600 2008 1004 0
a range +83400 +84000 1004 9003 0
a range +83400 +84000 9003 1004 0
a range +84600 +85200 1004 9003 0
a range +84600 +85200 9003 1004 0
