a contact +200 +300 2013 2014 1000
a contact +200 +300 2014 2013 1000
a contact +300 +500 2004 2020 1000
a contact +300 +500 2012 2013 1000
a contact +300 +500 2013 2012 1000
a contact +300 +500 2020 2004 1000
a contact +500 +700 2010 2020 1000
a contact +500 +700 2020 2010 1000
a contact +700 +800 2001 2007 1000
a contact +700 +800 2007 2001 1000
a contact +1600 +1800 2003 2015 1000
a contact +1600 +1800 2015 2003 1000
a contact +1800 +1900 2005 2006 1000
a contact +1800 +1900 2006 2005 1000
a contact +1900 +2000 2004 2010 1000
a contact +1900 +2000 2010 2004 1000
a contact +2600 +2800 2008 9001 1000
a contact +2600 +2800 9001 2008 1000
a contact +2900 +3000 2006 2018 1000
a contact +2900 +3000 2018 2006 1000
a contact +3000 +3300 2014 2019 1000
a contact +3000 +3300 2016 9001 1000
a contact +3000 +3300 2019 2014 1000
a contact +3000 +3300 9001 2016 1000
a contact +3300 +3600 1001 2019 1000
a contact +3300 +3600 2001 2005 1000
a contact +3300 +3600 2005 2001 1000
a contact +3300 +3600 2019 1001 1000
a contact +3900 +4100 1002 2004 1000
a contact +3900 +4100 2004 1002 1000
a contact +4200 +4300 2005 2006 1000
a contact +4200 +4300 2006 2005 1000
a contact +4300 +4400 1002 2009 1000
a contact +4300 +4400 2009 1002 1000
a contact +4700 +4800 2016 2017 1000
a contact +4700 +4800 2017 2016 1000
a contact +4800 +4900 2009 9001 1000
a contact +4800 +4900 9001 2009 1000
a contact +5200 +5400 2001 2006 1000
a contact +5200 +5400 2006 2001 1000
a contact +5200 +5400 2009 2017 1000
a contact +5200 +5400 2017 2009 1000
a contact +5400 +5500 2008 2009 1000
a contact +5400 +5500 2009 2008 1000
a contact +5800 +5900 2007 2012 1000
a contact +5800 +5900 2012 2007 1000
a contact +6600 +6700 1002 2011 1000
a contact +6600 +6700 2011 1002 1000
a contact +7200 +7400 2009 2016 1000
a contact +7200 +7400 2016 2009 1000
a contact +7800 +8100 2008 2019 1000
a contact +7800 +8100 2019 2008 1000
a contact +8200 +8500 2013 2019 1000
a contact +8200 +8500 2019 2013 1000
a contact +8700 +8900 1001 2017 1000
a contact +8700 +8900 2017 1001 1000
a contact +8900 +9100 2008 2016 1000
a contact +8900 +9100 2016 2008 1000
a contact +9100 +9300 2005 2010 1000
a contact +9100 +9300 2010 2005 1000
a contact +9600 +9700 2002 2019 1000
a contact +9600 +9700 2019 2002 1000
a contact +10000 +10100 2003 2004 1000
a contact +10000 +10100 2004 2003 1000
a contact +10000 +10100 2009 9001 1000
a contact +10000 +10100 9001 2009 1000
a contact +10400 +10500 2001 2011 1000
a contact +10400 +10500 2004 2016 1000
a contact +10400 +10500 2011 2001 1000
a contact +10400 +10500 2016 2004 1000
a contact +11200 +11300 1002 2012 1000
a contact +11200 +11300 2012 1002 1000
a contact +11300 +11500 2006 2010 1000
a contact +11300 +11500 2010 2006 1000
a contact +12500 +12700 2005 2012 1000
a contact +12500 +12700 2006 2016 1000
a contact +12500 +12700 2012 2005 1000
a contact +12500 +12700 2016 2006 1000
a contact +12900 +13100 2006 9001 1000
a contact +12900 +13100 9001 2006 1000
a contact +13100 +13200 2004 2015 1000
a contact +13100 +13200 2015 2004 1000
a contact +13200 +13400 2009 2014 1000
a contact +13200 +13400 2014 2009 1000
a contact +13400 +13500 1001 2008 1000
a contact +13400 +13500 2004 2005 1000
a contact +13400 +13500 2005 2004 1000
a contact +13400 +13500 2008 1001 1000
a contact +14600 +15000 2008 9002 1000
a contact +14600 +15000 2009 2017 1000
a contact +14600 +15000 2017 2009 1000
a contact +14600 +15000 9002 2008 1000
a contact +15100 +15200 2005 2020 1000
a contact +15100 +15200 2020 2005 1000
a contact +15200 +15300 2011 9001 1000
a contact +15200 +15300 9001 2011 1000
a contact +15300 +15400 2010 2015 1000
a contact +15300 +15400 2015 2010 1000
a contact +15800 +16000 1001 2011 1000
a contact +15800 +16000 2011 1001 1000
a contact +16000 +16100 2003 2008 1000
a contact +16000 +16100 2008 2003 1000
a contact +16100 +16200 1001 9002 1000
a contact +16100 +16200 9002 1001 1000
a contact +16400 +16500 2002 2020 1000
a contact +16400 +16500 2020 2002 1000
a contact +16500 +16700 2003 2013 1000
a contact +16500 +16700 2013 2003 1000
a contact +16700 +16800 2004 2011 1000
a contact +16700 +16800 2010 2020 1000
a contact +16700 +16800 2011 2004 1000
a contact +16700 +16800 2020 2010 1000
a contact +17000 +17100 2009 2016 1000
a contact +17000 +17100 2016 2009 1000
a contact +17300 +17600 2005 2019 1000
a contact +17300 +17600 2014 2018 1000
a contact +17300 +17600 2018 2014 1000
a contact +17300 +17600 2019 2005 1000
a contact +17600 +17700 1001 2017 1000
a contact +17600 +17700 2004 9002 1000
a contact +17600 +17700 2017 1001 1000
a contact +17600 +17700 9002 2004 1000
a contact +17900 +18000 2010 2019 1000
a contact +17900 +18000 2019 2010 1000
a contact +18400 +18700 2008 2016 1000
a contact +18400 +18700 2012 9002 1000
a contact +18400 +18700 2016 2008 1000
a contact +18400 +18700 9002 2012 1000
a contact +18900 +19000 2004 2019 1000
a contact +18900 +19000 2019 2004 1000
a contact +19400 +19500 2006 2015 1000
a contact +19400 +19500 2015 2006 1000
a contact +19500 +19800 2006 2012 1000
a contact +19500 +19800 2007 2011 1000
a contact +19500 +19800 2011 2007 1000
a contact +19500 +19800 2012 2006 1000
a contact +20000 +20200 2009 2014 1000
a contact +20000 +20200 2014 2009 1000
a contact +20900 +21000 2002 2006 1000
a contact +20900 +21000 2006 2002 1000
a contact +20900 +21000 2011 2017 1000
a contact +20900 +21000 2017 2011 1000
a contact +21000 +21200 2005 2014 1000
a contact +21000 +21200 2014 2005 1000
a contact +21400 +21700 2008 2009 1000
a contact +21400 +21700 2009 2008 1000
a contact +21700 +21800 2004 2014 1000
a contact +21700 +21800 2014 2004 1000
a contact +21800 +21900 2006 2011 1000
a contact +21800 +21900 2011 2006 1000
a contact +21900 +22100 2002 2016 1000
a contact +21900 +22100 2016 2002 1000
a contact +22500 +22600 2005 2012 1000
a contact +22500 +22600 2012 2005 1000
a contact +22600 +22800 1001 9001 1000
a contact +22600 +22800 9001 1001 1000
a contact +22900 +23100 1002 2008 1000
a contact +22900 +23100 2004 2005 1000
a contact +22900 +23100 2005 2004 1000
a contact +22900 +23100 2008 1002 1000
a contact +23100 +23200 2010 2014 1000
a contact +23100 +23200 2014 2010 1000
a contact +23200 +23300 1001 9003 1000
a contact +23200 +23300 9003 1001 1000
a contact +23300 +23600 2001 2016 1000
a contact +23300 +23600 2016 2001 1000
a contact +23700 +23800 2008 2018 1000
a contact +23700 +23800 2018 2008 1000
a contact +23600 +24000 1001 9003 1000
a contact +23600 +24000 9003 1001 1000
a contact +24000 +24200 2011 2020 1000
a contact +24000 +24200 2020 2011 1000
a contact +24200 +24400 1001 9003 1000
a contact +24200 +24400 9003 1001 1000
a contact +24400 +24500 2004 2012 1000
a contact +24400 +24500 2012 2004 1000
a contact +24700 +24800 2012 2013 1000
a contact +24700 +24800 2013 2012 1000
a contact +24700 +25200 1001 9003 1000
a contact +24700 +25200 9003 1001 1000
a contact +25400 +25500 2001 2015 1000
a contact +25400 +25500 2015 2001 1000
a contact +25700 +25900 2005 9002 1000
a contact +25700 +25900 9002 2005 1000
a contact +26000 +26300 1002 2020 1000
a contact +26000 +26300 2020 1002 1000
a contact +26300 +26600 2012 2019 1000
a contact +26300 +26600 2019 2012 1000
a contact +26700 +26900 2003 2013 1000
a contact +26700 +26900 2006 2012 1000
a contact +26700 +26900 2012 2006 1000
a contact +26700 +26900 2013 2003 1000
a contact +27000 +27100 2009 2018 1000
a contact +27000 +27100 2018 2009 1000
a contact +27100 +27300 2002 2013 1000
a contact +27100 +27300 2007 2014 1000
a contact +27100 +27300 2013 2002 1000
a contact +27100 +27300 2014 2007 1000
a contact +27400 +27500 2005 2009 1000
a contact +27400 +27500 2009 2005 1000
a contact +27800 +28000 2004 2005 1000
a contact +27800 +28000 2005 2004 1000
a contact +27800 +28000 2008 2016 1000
a contact +27800 +28000 2016 2008 1000
a contact +28000 +28200 2002 2007 1000
a contact +28000 +28200 2007 2002 1000
a contact +28400 +28500 2010 2015 1000
a contact +28400 +28500 2015 2010 1000
a contact +28500 +28600 2004 2016 1000
a contact +28500 +28600 2006 2018 1000
a contact +28500 +28600 2016 2004 1000
a contact +28500 +28600 2018 2006 1000
a contact +30300 +30500 2009 2013 1000
a contact +30300 +30500 2013 2009 1000
a contact +30800 +31100 2008 2009 1000
a contact +30800 +31100 2009 2008 1000
a contact +31800 +31900 2009 2020 1000
a contact +31800 +31900 2020 2009 1000
a contact +33400 +33800 2001 2016 1000
a contact +33400 +33800 2016 2001 1000
a contact +33900 +34000 2004 2012 1000
a contact +33900 +34000 2012 2004 1000
a contact +34100 +34200 2012 2016 1000
a contact +34100 +34200 2016 2012 1000
a contact +34600 +34900 1002 2017 1000
a contact +34600 +34900 2017 1002 1000
a contact +34900 +35000 2008 2012 1000
a contact +34900 +35000 2012 2008 1000
a contact +35700 +35800 2004 2011 1000
a contact +35700 +35800 2011 2004 1000
a contact +37200 +37600 2008 2016 1000
a contact +37200 +37600 2016 2008 1000
a contact +37900 +38000 2007 2011 1000
a contact +37900 +38000 2011 2007 1000
a contact +38200 +38400 2005 2009 1000
a contact +38200 +38400 2009 2005 1000
a contact +39100 +39300 1002 2009 1000
a contact +39100 +39300 2009 1002 1000
a contact +39300 +39500 2004 2019 1000
a contact +39300 +39500 2019 2004 1000
a contact +39500 +39600 2015 2016 1000
a contact +39500 +39600 2016 2015 1000
a contact +39600 +39700 1001 2009 1000
a contact +39600 +39700 2009 1001 1000
a contact +39900 +40300 2009 2013 1000
a contact +39900 +40300 2013 2009 1000
a contact +40300 +40500 1001 2015 1000
a contact +40300 +40500 2015 1001 1000
a contact +40500 +40600 2003 2004 1000
a contact +40500 +40600 2004 2003 1000
a contact +41000 +41100 1001 2009 1000
a contact +41000 +41100 2009 1001 1000
a contact +41100 +41400 2006 2016 1000
a contact +41100 +41400 2016 2006 1000
a contact +41500 +41600 2002 2011 1000
a contact +41500 +41600 2011 2002 1000
a contact +42200 +42400 2015 2016 1000
a contact +42200 +42400 2016 2015 1000
a contact +42900 +43100 2003 2008 1000
a contact +42900 +43100 2008 2003 1000
a contact +42900 +43100 2009 2017 1000
a contact +42900 +43100 2017 2009 1000
a contact +43200 +43400 2004 2012 1000
a contact +43200 +43400 2012 2004 1000
a contact +43500 +43600 2003 2019 1000
a contact +43500 +43600 2019 2003 1000
a contact +43600 +43700 2012 2016 1000
a contact +43600 +43700 2016 2012 1000
a contact +43700 +44000 2003 2009 1000
a contact +43700 +44000 2009 2003 1000
a contact +44000 +44300 2009 2018 1000
a contact +44000 +44300 2018 2009 1000
a contact +45400 +45500 2003 2007 1000
a contact +45400 +45500 2007 2003 1000
a contact +45600 +45700 2011 2012 1000
a contact +45600 +45700 2012 2011 1000
a contact +46300 +46600 2003 2011 1000
a contact +46300 +46600 2011 2003 1000
a contact +46600 +46700 2008 2016 1000
a contact +46600 +46700 2016 2008 1000
a contact +46600 +46900 2006 2014 1000
a contact +46600 +46900 2014 2006 1000
a contact +48200 +48300 2001 2013 1000
a contact +48100 +48300 2003 2015 1000
a contact +48200 +48300 2013 2001 1000
a contact +48100 +48300 2015 2003 1000
a contact +49700 +50000 2005 2017 1000
a contact +49700 +50000 2017 2005 1000
a contact +50100 +50200 2010 2019 1000
a contact +50100 +50200 2019 2010 1000
a contact +50200 +50300 2002 2016 1000
a contact +50200 +50300 2016 2002 1000
a contact +50900 +51100 2015 2019 1000
a contact +50900 +51100 2019 2015 1000
a contact +51200 +51600 2002 2015 1000
a contact +51200 +51600 2007 2008 1000
a contact +51200 +51600 2008 2007 1000
a contact +51200 +51600 2015 2002 1000
a contact +51600 +51800 2001 2010 1000
a contact +51600 +51800 2010 2001 1000
a contact +51800 +51900 1002 2006 1000
a contact +51800 +51900 2003 2009 1000
a contact +51800 +51900 2006 1002 1000
a contact +51800 +51900 2009 2003 1000
a contact +52300 +52700 1002 2008 1000
a contact +52300 +52700 2008 1002 1000
a contact +52300 +52700 2009 2017 1000
a contact +52300 +52700 2017 2009 1000
a contact +52700 +52800 1001 2007 1000
a contact +52700 +52800 2007 1001 1000
a contact +53000 +53100 1002 2013 1000
a contact +53000 +53100 2013 1002 1000
a contact +53100 +53300 2016 9003 1000
a contact +53100 +53300 9003 2016 1000
a contact +53500 +53700 2001 2019 1000
a contact +53500 +53700 2002 2013 1000
a contact +53500 +53700 2013 2002 1000
a contact +53500 +53700 2019 2001 1000
a contact +53900 +54200 1002 2013 1000
a contact +53900 +54200 2013 1002 1000
a contact +53900 +54200 2020 9003 1000
a contact +53900 +54200 9003 2020 1000
a contact +54400 +54600 1001 2017 1000
a contact +54400 +54600 2003 9003 1000
a contact +54400 +54600 2017 1001 1000
a contact +54400 +54600 9003 2003 1000
a contact +54700 +54800 2001 2014 1000
a contact +54700 +54800 2014 2001 1000
a contact +54800 +54900 1001 2008 1000
a contact +54800 +54900 2008 1001 1000
a contact +54900 +55000 2004 2011 1000
a contact +54900 +55000 2011 2004 1000
a contact +55000 +55400 2012 9001 1000
a contact +55000 +55400 9001 2012 1000
a contact +55400 +55600 1001 2012 1000
a contact +55400 +55600 2005 2020 1000
a contact +55400 +55600 2006 2017 1000
a contact +55400 +55600 2012 1001 1000
a contact +55400 +55600 2017 2006 1000
a contact +55400 +55600 2020 2005 1000
a contact +55700 +55800 2002 9001 1000
a contact +55700 +55800 9001 2002 1000
a contact +55800 +56100 2013 9001 1000
a contact +55800 +56100 9001 2013 1000
a contact +56400 +56600 2003 2011 1000
a contact +56400 +56600 2011 2003 1000
a contact +57000 +57200 2006 2018 1000
a contact +57000 +57200 2013 2017 1000
a contact +57000 +57200 2017 2013 1000
a contact +57000 +57200 2018 2006 1000
a contact +57200 +57500 2003 9001 1000
a contact +57200 +57500 9001 2003 1000
a contact +57500 +57600 2011 2017 1000
a contact +57500 +57600 2017 2011 1000
a contact +58300 +58500 2002 2018 1000
a contact +58300 +58500 2012 2017 1000
a contact +58300 +58500 2017 2012 1000
a contact +58300 +58500 2018 2002 1000
a contact +58600 +58700 2004 2015 1000
a contact +58600 +58700 2015 2004 1000
a contact +59400 +59500 2020 9001 1000
a contact +59400 +59500 9001 2020 1000
a contact +59600 +59800 2004 9003 1000
a contact +59600 +59800 9003 2004 1000
a contact +60400 +60500 1001 2016 1000
a contact +60400 +60500 2016 1001 1000
a contact +60500 +60600 1001 2018 1000
a contact +60500 +60600 2018 1001 1000
a contact +60600 +60800 2018 9003 1000
a contact +60600 +60800 9003 2018 1000
a contact +62000 +62100 2015 2016 1000
a contact +62000 +62100 2016 2015 1000
a contact +62100 +62200 1002 2020 1000
a contact +62100 +62200 2020 1002 1000
a contact +62200 +62400 2013 9003 1000
a contact +62200 +62400 9003 2013 1000
a contact +63100 +63200 1001 2010 1000
a contact +63100 +63200 2010 1001 1000
a contact +63100 +63200 2014 2020 1000
a contact +63100 +63200 2020 2014 1000
a contact +63400 +63600 1002 2010 1000
a contact +63400 +63600 2010 1002 1000
a contact +63600 +63900 2013 2019 1000
a contact +63600 +63900 2019 2013 1000
a contact +64000 +64100 2017 2018 1000
a contact +64000 +64100 2018 2017 1000
a contact +64400 +64600 2002 2017 1000
a contact +64400 +64600 2017 2002 1000
a contact +64600 +64800 1002 2003 1000
a contact +64600 +64800 2003 1002 1000
a contact +64600 +64800 2014 2015 1000
a contact +64600 +64800 2015 2014 1000
a contact +64800 +65000 2015 2020 1000
a contact +64800 +65000 2020 2015 1000
a contact +65100 +65200 2017 9001 1000
a contact +65100 +65200 9001 2017 1000
a contact +65200 +65300 2013 9001 1000
a contact +65200 +65300 9001 2013 1000
a contact +65300 +65500 2008 2016 1000
a contact +65300 +65500 2016 2008 1000
a contact +65300 +65500 2020 9003 1000
a contact +65300 +65500 9003 2020 1000
a contact +65900 +66000 2016 9001 1000
a contact +65900 +66000 9001 2016 1000
a contact +66300 +66700 2005 2006 1000
a contact +66300 +66700 2006 2005 1000
a contact +66300 +66700 2014 2020 1000
a contact +66300 +66700 2020 2014 1000
a contact +68900 +69000 2003 9003 1000
a contact +68900 +69000 9003 2003 1000
a contact +69300 +69500 2007 2020 1000
a contact +69300 +69500 2020 2007 1000
a contact +70000 +70100 2020 9003 1000
a contact +70000 +70100 9003 2020 1000
a contact +70100 +70300 2008 9003 1000
a contact +70100 +70300 9003 2008 1000
a contact +70400 +70700 2014 2015 1000
a contact +70400 +70700 2015 2014 1000
a contact +70800 +70900 2013 9003 1000
a contact +70800 +70900 9003 2013 1000
a contact +70800 +71200 2009 2017 1000
a contact +70800 +71200 2017 2009 1000
a contact +71500 +71700 2004 2012 1000
a contact +71500 +71700 2012 2004 1000
a contact +71800 +72000 2007 2016 1000
a contact +71800 +72000 2016 2007 1000
a contact +72300 +72600 2010 2011 1000
a contact +72300 +72600 2011 2010 1000
a contact +72600 +72700 2003 9003 1000
a contact +72600 +72700 9003 2003 1000
a contact +72800 +73000 2001 2015 1000
a contact +72800 +73000 2015 2001 1000
a contact +73000 +73100 2003 9003 1000
a contact +73000 +73100 9003 2003 1000
a contact +73300 +73400 2002 2006 1000
a contact +73300 +73400 2006 2002 1000
a contact +73300 +73400 2009 2016 1000
a contact +73300 +73400 2016 2009 1000
a contact +73700 +74200 2001 2014 1000
a contact +73700 +74200 2014 2001 1000
a contact +74200 +74500 2013 2019 1000
a contact +74200 +74500 2019 2013 1000
a contact +74900 +75300 2008 2016 1000
a contact +74900 +75300 2016 2008 1000
a contact +75300 +75400 2001 2009 1000
a contact +75300 +75400 2009 2001 1000
a contact +75400 +75600 1002 2009 1000
a contact +75400 +75600 2005 2006 1000
a contact +75400 +75600 2006 2005 1000
a contact +75400 +75600 2009 1002 1000
a contact +75400 +75600 2010 9003 1000
a contact +75400 +75600 2013 2014 1000
a contact +75400 +75600 2014 2013 1000
a contact +75400 +75600 2018 2019 1000
a contact +75400 +75600 2019 2018 1000
a contact +75400 +75600 9003 2010 1000
a contact +75600 +75700 2007 2012 1000
a contact +75600 +75700 2012 2007 1000
a contact +75600 +75700 2017 9003 1000
a contact +75600 +75700 9003 2017 1000
a contact +75700 +75900 2007 2016 1000
a contact +75700 +75900 2016 2007 1000
a contact +75900 +76100 2003 2011 1000
a contact +75900 +76100 2011 2003 1000
a contact +76300 +76400 2008 2017 1000
a contact +76300 +76400 2017 2008 1000
a contact +76600 +76800 1002 2017 1000
a contact +76600 +76800 2017 1002 1000
a contact +76800 +77100 2003 2007 1000
a contact +76800 +77100 2007 2003 1000
a contact +77200 +77300 1002 2016 1000
a contact +77200 +77300 2016 1002 1000
a contact +77600 +78000 1001 2008 1000
a contact +77600 +78000 1002 2010 1000
a contact +77600 +78000 2008 1001 1000
a contact +77600 +78000 2010 1002 1000
a contact +78400 +78700 1002 2019 1000
a contact +78400 +78700 2019 1002 1000
a contact +79200 +79300 2001 2011 1000
a contact +79200 +79300 2011 2001 1000
a contact +79300 +79500 1002 2011 1000
a contact +79300 +79500 2011 1002 1000
a contact +80100 +80200 1002 2003 1000
a contact +80100 +80200 2003 1002 1000
a contact +80200 +80300 1002 2013 1000
a contact +80200 +80300 2013 1002 1000
a contact +80600 +80900 1001 2020 1000
a contact +80600 +80900 2009 2017 1000
a contact +80600 +80900 2017 2009 1000
a contact +80600 +80900 2020 1001 1000
a contact +80900 +81100 2004 2012 1000
a contact +80900 +81100 2012 2004 1000
a contact +81300 +81400 2005 2017 1000
a contact +81300 +81400 2016 9001 1000
a contact +81300 +81400 2017 2005 1000
a contact +81300 +81400 9001 2016 1000
a contact +81400 +81800 2013 2014 1000
a contact +81400 +81800 2014 2013 1000
a contact +82300 +82400 2004 2011 1000
a contact +82300 +82400 2011 2004 1000
a contact +82500 +82800 2006 2017 1000
a contact +82500 +82800 2017 2006 1000
a contact +83100 +83300 2006 2007 1000
a contact +83100 +83300 2007 2006 1000
a contact +83300 +83400 2003 2013 1000
a contact +83300 +83400 2013 2003 1000
a contact +83600 +83800 2006 2012 1000
a contact +83600 +83800 2008 2014 1000
a contact +83600 +83800 2012 2006 1000
a contact +83600 +83800 2014 2008 1000
a contact +84400 +84600 2005 9001 1000
a contact +84400 +84600 9001 2005 1000
a contact +85000 +85100 1002 2003 1000
a contact +85000 +85100 2003 1002 1000
a contact +85000 +85100 2004 2016 1000
a contact +85000 +85100 2016 2004 1000
a contact +86000 +86200 2017 9001 1000
a contact +86000 +86200 9001 2017 1000

a range +200 +300 2013 2014 0.0285
a range +200 +300 2014 2013 0.0285
a range +300 +500 2004 2020 0.0431
a range +300 +500 2012 2013 0.0285
a range +300 +500 2013 2012 0.0285
a range +300 +500 2020 2004 0.0431
a range +500 +700 2010 2020 0.0166
a range +500 +700 2020 2010 0.0166
a range +700 +800 2001 2007 0.0293
a range +700 +800 2007 2001 0.0293
a range +1600 +1800 2003 2015 0.0431
a range +1600 +1800 2015 2003 0.0431
a range +1800 +1900 2005 2006 0.0313
a range +1800 +1900 2006 2005 0.0313
a range +1900 +2000 2004 2010 0.0265
a range +1900 +2000 2010 2004 0.0265
a range +2600 +2800 2008 9001 1102.1958
a range +2600 +2800 9001 2008 1102.1958
a range +2900 +3000 2006 2018 0.0431
a range +2900 +3000 2018 2006 0.0431
a range +3000 +3300 2014 2019 0.0127
a range +3000 +3300 2016 9001 1102.3341
a range +3000 +3300 2019 2014 0.0127
a range +3000 +3300 9001 2016 1102.3341
a range +3300 +3600 1001 2019 1102.6917
a range +3300 +3600 2001 2005 0.0285
a range +3300 +3600 2005 2001 0.0285
a range +3300 +3600 2019 1001 1102.6917
a range +3900 +4100 1002 2004 1102.2449
a range +3900 +4100 2004 1002 1102.2449
a range +4200 +4300 2005 2006 0.0313
a range +4200 +4300 2006 2005 0.0313
a range +4300 +4400 1002 2009 1102.0597
a range +4300 +4400 2009 1002 1102.0597
a range +4700 +4800 2016 2017 0.0285
a range +4700 +4800 2017 2016 0.0285
a range +4800 +4900 2009 9001 1102.0441
a range +4800 +4900 9001 2009 1102.0441
a range +5200 +5400 2001 2006 0.0182
a range +5200 +5400 2006 2001 0.0182
a range +5200 +5400 2009 2017 0.0433
a range +5200 +5400 2017 2009 0.0433
a range +5400 +5500 2008 2009 0.0285
a range +5400 +5500 2009 2008 0.0285
a range +5800 +5900 2007 2012 0.0023
a range +5800 +5900 2012 2007 0.0023
a range +6600 +6700 1002 2011 1102.2184
a range +6600 +6700 2011 1002 1102.2184
a range +7200 +7400 2009 2016 0.0433
a range +7200 +7400 2016 2009 0.0433
a range +7800 +8100 2008 2019 0.0393
a range +7800 +8100 2019 2008 0.0393
a range +8200 +8500 2013 2019 0.0321
a range +8200 +8500 2019 2013 0.0321
a range +8700 +8900 1001 2017 1102.6848
a range +8700 +8900 2017 1001 1102.6848
a range +8900 +9100 2008 2016 0.0434
a range +8900 +9100 2016 2008 0.0434
a range +9100 +9300 2005 2010 0.009
a range +9100 +9300 2010 2005 0.009
a range +9600 +9700 2002 2019 0.0432
a range +9600 +9700 2019 2002 0.0432
a range +10000 +10100 2003 2004 0.0285
a range +10000 +10100 2004 2003 0.0285
a range +10000 +10100 2009 9001 1102.3194
a range +10000 +10100 9001 2009 1102.3194
a range +10400 +10500 2001 2011 0.0337
a range +10400 +10500 2004 2016 0.0433
a range +10400 +10500 2011 2001 0.0337
a range +10400 +10500 2016 2004 0.0433
a range +11200 +11300 1002 2012 1102.2398
a range +11200 +11300 2012 1002 1102.2398
a range +11300 +11500 2006 2010 0.0285
a range +11300 +11500 2010 2006 0.0285
a range +12500 +12700 2005 2012 0.0431
a range +12500 +12700 2006 2016 0.0337
a range +12500 +12700 2012 2005 0.0431
a range +12500 +12700 2016 2006 0.0337
a range +12900 +13100 2006 9001 1102.335
a range +12900 +13100 9001 2006 1102.335
a range +13100 +13200 2004 2015 0.0206
a range +13100 +13200 2015 2004 0.0206
a range +13200 +13400 2009 2014 0.0127
a range +13200 +13400 2014 2009 0.0127
a range +13400 +13500 1001 2008 1102.6702
a range +13400 +13500 2004 2005 0.0285
a range +13400 +13500 2005 2004 0.0285
a range +13400 +13500 2008 1001 1102.6702
a range +14600 +15000 2008 9002 1102.917
a range +14600 +15000 2009 2017 0.0431
a range +14600 +15000 2017 2009 0.0431
a range +14600 +15000 9002 2008 1102.917
a range +15100 +15200 2005 2020 0.0432
a range +15100 +15200 2020 2005 0.0432
a range +15200 +15300 2011 9001 1102.3349
a range +15200 +15300 9001 2011 1102.3349
a range +15300 +15400 2010 2015 0.009
a range +15300 +15400 2015 2010 0.009
a range +15800 +16000 1001 2011 1102.5215
a range +15800 +16000 2011 1001 1102.5215
a range +16000 +16100 2003 2008 0.0168
a range +16000 +16100 2008 2003 0.0168
a range +16100 +16200 1001 9002 0.0591
a range +16100 +16200 9002 1001 0.0591
a range +16400 +16500 2002 2020 0.0436
a range +16400 +16500 2020 2002 0.0436
a range +16500 +16700 2003 2013 0.0311
a range +16500 +16700 2013 2003 0.0311
a range +16700 +16800 2004 2011 0.0432
a range +16700 +16800 2010 2020 0.0166
a range +16700 +16800 2011 2004 0.0432
a range +16700 +16800 2020 2010 0.0166
a range +17000 +17100 2009 2016 0.0432
a range +17000 +17100 2016 2009 0.0432
a range +17300 +17600 2005 2019 0.0433
a range +17300 +17600 2014 2018 0.0321
a range +17300 +17600 2018 2014 0.0321
a range +17300 +17600 2019 2005 0.0433
a range +17600 +17700 1001 2017 1102.6848
a range +17600 +17700 2004 9002 1103.3742
a range +17600 +17700 2017 1001 1102.6848
a range +17600 +17700 9002 2004 1103.3742
a range +17900 +18000 2010 2019 0.0206
a range +17900 +18000 2019 2010 0.0206
a range +18400 +18700 2008 2016 0.0433
a range +18400 +18700 2012 9002 1103.0834
a range +18400 +18700 2016 2008 0.0433
a range +18400 +18700 9002 2012 1103.0834
a range +18900 +19000 2004 2019 0.0434
a range +18900 +19000 2019 2004 0.0434
a range +19400 +19500 2006 2015 0.0313
a range +19400 +19500 2015 2006 0.0313
a range +19500 +19800 2006 2012 0.0293
a range +19500 +19800 2007 2011 0.0293
a range +19500 +19800 2011 2007 0.0293
a range +19500 +19800 2012 2006 0.0293
a range +20000 +20200 2009 2014 0.0127
a range +20000 +20200 2014 2009 0.0127
a range +20900 +21000 2002 2006 0.0293
a range +20900 +21000 2006 2002 0.0293
a range +20900 +21000 2011 2017 0.0293
a range +20900 +21000 2017 2011 0.0293
a range +21000 +21200 2005 2014 0.0206
a range +21000 +21200 2014 2005 0.0206
a range +21400 +21700 2008 2009 0.0285
a range +21400 +21700 2009 2008 0.0285
a range +21700 +21800 2004 2014 0.0235
a range +21700 +21800 2014 2004 0.0235
a range +21800 +21900 2006 2011 0.0182
a range +21800 +21900 2011 2006 0.0182
a range +21900 +22100 2002 2016 0.0434
a range +21900 +22100 2016 2002 0.0434
a range +22500 +22600 2005 2012 0.0434
a range +22500 +22600 2012 2005 0.0434
a range +22600 +22800 1001 9001 0.0595
a range +22600 +22800 9001 1001 0.0595
a range +22900 +23100 1002 2008 1102.9234
a range +22900 +23100 2004 2005 0.0285
a range +22900 +23100 2005 2004 0.0285
a range +22900 +23100 2008 1002 1102.9234
a range +23100 +23200 2010 2014 0.0265
a range +23100 +23200 2014 2010 0.0265
a range +23200 +23300 1001 9003 0.0591
a range +23200 +23300 9003 1001 0.0591
a range +23300 +23600 2001 2016 0.043
a range +23300 +23600 2016 2001 0.043
a range +23700 +23800 2008 2018 0.0311
a range +23700 +23800 2018 2008 0.0311
a range +23600 +24000 1001 9003 0.0591
a range +23600 +24000 9003 1001 0.0591
a range +24000 +24200 2011 2020 0.0313
a range +24000 +24200 2020 2011 0.0313
a range +24200 +24400 1001 9003 0.0591
a range +24200 +24400 9003 1001 0.0591
a range +24400 +24500 2004 2012 0.043
a range +24400 +24500 2012 2004 0.043
a range +24700 +24800 2012 2013 0.0285
a range +24700 +24800 2013 2012 0.0285
a range +24700 +25200 1001 9003 0.0591
a range +24700 +25200 9003 1001 0.0591
a range +25400 +25500 2001 2015 0.0371
a range +25400 +25500 2015 2001 0.0371
a range +25700 +25900 2005 9002 1103.3824
a range +25700 +25900 9002 2005 1103.3824
a range +26000 +26300 1002 2020 1103.1396
a range +26000 +26300 2020 1002 1103.1396
a range +26300 +26600 2012 2019 0.043
a range +26300 +26600 2019 2012 0.043
a range +26700 +26900 2003 2013 0.0311
a range +26700 +26900 2006 2012 0.0293
a range +26700 +26900 2012 2006 0.0293
a range +26700 +26900 2013 2003 0.0311
a range +27000 +27100 2009 2018 0.0393
a range +27000 +27100 2018 2009 0.0393
a range +27100 +27300 2002 2013 0.0261
a range +27100 +27300 2007 2014 0.043
a range +27100 +27300 2013 2002 0.0261
a range +27100 +27300 2014 2007 0.043
a range +27400 +27500 2005 2009 0.0265
a range +27400 +27500 2009 2005 0.0265
a range +27800 +28000 2004 2005 0.0285
a range +27800 +28000 2005 2004 0.0285
a range +27800 +28000 2008 2016 0.0431
a range +27800 +28000 2016 2008 0.0431
a range +28000 +28200 2002 2007 0.0023
a range +28000 +28200 2007 2002 0.0023
a range +28400 +28500 2010 2015 0.009
a range +28400 +28500 2015 2010 0.009
a range +28500 +28600 2004 2016 0.0436
a range +28500 +28600 2006 2018 0.0431
a range +28500 +28600 2016 2004 0.0436
a range +28500 +28600 2018 2006 0.0431
a range +30300 +30500 2009 2013 0.0321
a range +30300 +30500 2013 2009 0.0321
a range +30800 +31100 2008 2009 0.0285
a range +30800 +31100 2009 2008 0.0285
a range +31800 +31900 2009 2020 0.0206
a range +31800 +31900 2020 2009 0.0206
a range +33400 +33800 2001 2016 0.0433
a range +33400 +33800 2016 2001 0.0433
a range +33900 +34000 2004 2012 0.0433
a range +33900 +34000 2012 2004 0.0433
a range +34100 +34200 2012 2016 0.0293
a range +34100 +34200 2016 2012 0.0293
a range +34600 +34900 1002 2017 1103.1541
a range +34600 +34900 2017 1002 1103.1541
a range +34900 +35000 2008 2012 0.0279
a range +34900 +35000 2012 2008 0.0279
a range +35700 +35800 2004 2011 0.0434
a range +35700 +35800 2011 2004 0.0434
a range +37200 +37600 2008 2016 0.043
a range +37200 +37600 2016 2008 0.043
a range +37900 +38000 2007 2011 0.0293
a range +37900 +38000 2011 2007 0.0293
a range +38200 +38400 2005 2009 0.0265
a range +38200 +38400 2009 2005 0.0265
a range +39100 +39300 1002 2009 1103.4628
a range +39100 +39300 2009 1002 1103.4628
a range +39300 +39500 2004 2019 0.0431
a range +39300 +39500 2019 2004 0.0431
a range +39500 +39600 2015 2016 0.0313
a range +39500 +39600 2016 2015 0.0313
a range +39600 +39700 1001 2009 1103.5479
a range +39600 +39700 2009 1001 1103.5479
a range +39900 +40300 2009 2013 0.0321
a range +39900 +40300 2013 2009 0.0321
a range +40300 +40500 1001 2015 1103.379
a range +40300 +40500 2015 1001 1103.379
a range +40500 +40600 2003 2004 0.0285
a range +40500 +40600 2004 2003 0.0285
a range +41000 +41100 1001 2009 1103.5479
a range +41000 +41100 2009 1001 1103.5479
a range +41100 +41400 2006 2016 0.0337
a range +41100 +41400 2016 2006 0.0337
a range +41500 +41600 2002 2011 0.031
a range +41500 +41600 2011 2002 0.031
a range +42200 +42400 2015 2016 0.0313
a range +42200 +42400 2016 2015 0.0313
a range +42900 +43100 2003 2008 0.0168
a range +42900 +43100 2008 2003 0.0168
a range +42900 +43100 2009 2017 0.0432
a range +42900 +43100 2017 2009 0.0432
a range +43200 +43400 2004 2012 0.0432
a range +43200 +43400 2012 2004 0.0432
a range +43500 +43600 2003 2019 0.0432
a range +43500 +43600 2019 2003 0.0432
a range +43600 +43700 2012 2016 0.0293
a range +43600 +43700 2016 2012 0.0293
a range +43700 +44000 2003 2009 0.0321
a range +43700 +44000 2009 2003 0.0321
a range +44000 +44300 2009 2018 0.0393
a range +44000 +44300 2018 2009 0.0393
a range +45400 +45500 2003 2007 0.0279
a range +45400 +45500 2007 2003 0.0279
a range +45600 +45700 2011 2012 0.0285
a range +45600 +45700 2012 2011 0.0285
a range +46300 +46600 2003 2011 0.0433
a range +46300 +46600 2011 2003 0.0433
a range +46600 +46700 2008 2016 0.0433
a range +46600 +46700 2016 2008 0.0433
a range +46600 +46900 2006 2014 0.043
a range +46600 +46900 2014 2006 0.043
a range +48200 +48300 2001 2013 0.0433
a range +48100 +48300 2003 2015 0.0434
a range +48200 +48300 2013 2001 0.0433
a range +48100 +48300 2015 2003 0.0434
a range +49700 +50000 2005 2017 0.0435
a range +49700 +50000 2017 2005 0.0435
a range +50100 +50200 2010 2019 0.0206
a range +50100 +50200 2019 2010 0.0206
a range +50200 +50300 2002 2016 0.0435
a range +50200 +50300 2016 2002 0.0435
a range +50900 +51100 2015 2019 0.0265
a range +50900 +51100 2019 2015 0.0265
a range +51200 +51600 2002 2015 0.043
a range +51200 +51600 2007 2008 0.0285
a range +51200 +51600 2008 2007 0.0285
a range +51200 +51600 2015 2002 0.043
a range +51600 +51800 2001 2010 0.0313
a range +51600 +51800 2010 2001 0.0313
a range +51800 +51900 1002 2006 1103.9834
a range +51800 +51900 2003 2009 0.0321
a range +51800 +51900 2006 1002 1103.9834
a range +51800 +51900 2009 2003 0.0321
a range +52300 +52700 1002 2008 1104.0302
a range +52300 +52700 2008 1002 1104.0302
a range +52300 +52700 2009 2017 0.0431
a range +52300 +52700 2017 2009 0.0431
a range +52700 +52800 1001 2007 1103.8165
a range +52700 +52800 2007 1001 1103.8165
a range +53000 +53100 1002 2013 1104.0311
a range +53000 +53100 2013 1002 1104.0311
a range +53100 +53300 2016 9003 1104.7658
a range +53100 +53300 9003 2016 1104.7658
a range +53500 +53700 2001 2019 0.043
a range +53500 +53700 2002 2013 0.0261
a range +53500 +53700 2013 2002 0.0261
a range +53500 +53700 2019 2001 0.043
a range +53900 +54200 1002 2013 1104.0311
a range +53900 +54200 2013 1002 1104.0311
a range +53900 +54200 2020 9003 1104.7653
a range +53900 +54200 9003 2020 1104.7653
a range +54400 +54600 1001 2017 1104.5123
a range +54400 +54600 2003 9003 1104.7486
a range +54400 +54600 2017 1001 1104.5123
a range +54400 +54600 9003 2003 1104.7486
a range +54700 +54800 2001 2014 0.0432
a range +54700 +54800 2014 2001 0.0432
a range +54800 +54900 1001 2008 1104.4127
a range +54800 +54900 2008 1001 1104.4127
a range +54900 +55000 2004 2011 0.0432
a range +54900 +55000 2011 2004 0.0432
a range +55000 +55400 2012 9001 1104.525
a range +55000 +55400 9001 2012 1104.525
a range +55400 +55600 1001 2012 1104.5221
a range +55400 +55600 2005 2020 0.0432
a range +55400 +55600 2006 2017 0.031
a range +55400 +55600 2012 1001 1104.5221
a range +55400 +55600 2017 2006 0.031
a range +55400 +55600 2020 2005 0.0432
a range +55700 +55800 2002 9001 1105.0561
a range +55700 +55800 9001 2002 1105.0561
a range +55800 +56100 2013 9001 1104.3807
a range +55800 +56100 9001 2013 1104.3807
a range +56400 +56600 2003 2011 0.0432
a range +56400 +56600 2011 2003 0.0432
a range +57000 +57200 2006 2018 0.0432
a range +57000 +57200 2013 2017 0.0279
a range +57000 +57200 2017 2013 0.0279
a range +57000 +57200 2018 2006 0.0432
a range +57200 +57500 2003 9001 1105.0669
a range +57200 +57500 9001 2003 1105.0669
a range +57500 +57600 2011 2017 0.0293
a range +57500 +57600 2017 2011 0.0293
a range +58300 +58500 2002 2018 0.0432
a range +58300 +58500 2012 2017 0.0023
a range +58300 +58500 2017 2012 0.0023
a range +58300 +58500 2018 2002 0.0432
a range +58600 +58700 2004 2015 0.0206
a range +58600 +58700 2015 2004 0.0206
a range +59400 +59500 2020 9001 1105.0538
a range +59400 +59500 9001 2020 1105.0538
a range +59600 +59800 2004 9003 1104.7553
a range +59600 +59800 9003 2004 1104.7553
a range +60400 +60500 1001 2016 1104.5028
a range +60400 +60500 2016 1001 1104.5028
a range +60500 +60600 1001 2018 1104.5139
a range +60500 +60600 2018 1001 1104.5139
a range +60600 +60800 2018 9003 1104.7508
a range +60600 +60800 9003 2018 1104.7508
a range +62000 +62100 2015 2016 0.0313
a range +62000 +62100 2016 2015 0.0313
a range +62100 +62200 1002 2020 1104.9634
a range +62100 +62200 2020 1002 1104.9634
a range +62200 +62400 2013 9003 1104.387
a range +62200 +62400 9003 2013 1104.387
a range +63100 +63200 1001 2010 1104.484
a range +63100 +63200 2010 1001 1104.484
a range +63100 +63200 2014 2020 0.0265
a range +63100 +63200 2020 2014 0.0265
a range +63400 +63600 1002 2010 1104.8413
a range +63400 +63600 2010 1002 1104.8413
a range +63600 +63900 2013 2019 0.0321
a range +63600 +63900 2019 2013 0.0321
a range +64000 +64100 2017 2018 0.0285
a range +64000 +64100 2018 2017 0.0285
a range +64400 +64600 2002 2017 0.0432
a range +64400 +64600 2017 2002 0.0432
a range +64600 +64800 1002 2003 1104.953
a range +64600 +64800 2003 1002 1104.953
a range +64600 +64800 2014 2015 0.0285
a range +64600 +64800 2015 2014 0.0285
a range +64800 +65000 2015 2020 0.009
a range +64800 +65000 2020 2015 0.009
a range +65100 +65200 2017 9001 1105.0564
a range +65100 +65200 9001 2017 1105.0564
a range +65200 +65300 2013 9001 1104.3807
a range +65200 +65300 9001 2013 1104.3807
a range +65300 +65500 2008 2016 0.0431
a range +65300 +65500 2016 2008 0.0431
a range +65300 +65500 2020 9003 1104.7653
a range +65300 +65500 9003 2020 1104.7653
a range +65900 +66000 2016 9001 1105.0495
a range +65900 +66000 9001 2016 1105.0495
a range +66300 +66700 2005 2006 0.0313
a range +66300 +66700 2006 2005 0.0313
a range +66300 +66700 2014 2020 0.0265
a range +66300 +66700 2020 2014 0.0265
a range +68900 +69000 2003 9003 1104.7486
a range +68900 +69000 9003 2003 1104.7486
a range +69300 +69500 2007 2020 0.0432
a range +69300 +69500 2020 2007 0.0432
a range +70000 +70100 2020 9003 1104.7653
a range +70000 +70100 9003 2020 1104.7653
a range +70100 +70300 2008 9003 1104.7361
a range +70100 +70300 9003 2008 1104.7361
a range +70400 +70700 2014 2015 0.0285
a range +70400 +70700 2015 2014 0.0285
a range +70800 +70900 2013 9003 1104.737
a range +70800 +70900 9003 2013 1104.737
a range +70800 +71200 2009 2017 0.0433
a range +70800 +71200 2017 2009 0.0433
a range +71500 +71700 2004 2012 0.0433
a range +71500 +71700 2012 2004 0.0433
a range +71800 +72000 2007 2016 0.031
a range +71800 +72000 2016 2007 0.031
a range +72300 +72600 2010 2011 0.0313
a range +72300 +72600 2011 2010 0.0313
a range +72600 +72700 2003 9003 1104.7486
a range +72600 +72700 9003 2003 1104.7486
a range +72800 +73000 2001 2015 0.0371
a range +72800 +73000 2015 2001 0.0371
a range +73000 +73100 2003 9003 1104.7486
a range +73000 +73100 9003 2003 1104.7486
a range +73300 +73400 2002 2006 0.0293
a range +73300 +73400 2006 2002 0.0293
a range +73300 +73400 2009 2016 0.0434
a range +73300 +73400 2016 2009 0.0434
a range +73700 +74200 2001 2014 0.0434
a range +73700 +74200 2014 2001 0.0434
a range +74200 +74500 2013 2019 0.0321
a range +74200 +74500 2019 2013 0.0321
a range +74900 +75300 2008 2016 0.043
a range +74900 +75300 2016 2008 0.043
a range +75300 +75400 2001 2009 0.043
a range +75300 +75400 2009 2001 0.043
a range +75400 +75600 1002 2009 1104.9747
a range +75400 +75600 2005 2006 0.0313
a range +75400 +75600 2006 2005 0.0313
a range +75400 +75600 2009 1002 1104.9747
a range +75400 +75600 2010 9003 1104.7769
a range +75400 +75600 2013 2014 0.0285
a range +75400 +75600 2014 2013 0.0285
a range +75400 +75600 2018 2019 0.0285
a range +75400 +75600 2019 2018 0.0285
a range +75400 +75600 9003 2010 1104.7769
a range +75600 +75700 2007 2012 0.0023
a range +75600 +75700 2012 2007 0.0023
a range +75600 +75700 2017 9003 1104.7568
a range +75600 +75700 9003 2017 1104.7568
a range +75700 +75900 2007 2016 0.031
a range +75700 +75900 2016 2007 0.031
a range +75900 +76100 2003 2011 0.043
a range +75900 +76100 2011 2003 0.043
a range +76300 +76400 2008 2017 0.0261
a range +76300 +76400 2017 2008 0.0261
a range +76600 +76800 1002 2017 1104.9484
a range +76600 +76800 2017 1002 1104.9484
a range +76800 +77100 2003 2007 0.0279
a range +76800 +77100 2007 2003 0.0279
a range +77200 +77300 1002 2016 1104.9544
a range +77200 +77300 2016 1002 1104.9544
a range +77600 +78000 1001 2008 1105.0504
a range +77600 +78000 1002 2010 1104.8413
a range +77600 +78000 2008 1001 1105.0504
a range +77600 +78000 2010 1002 1104.8413
a range +78400 +78700 1002 2019 1104.963
a range +78400 +78700 2019 1002 1104.963
a range +79200 +79300 2001 2011 0.0337
a range +79200 +79300 2011 2001 0.0337
a range +79300 +79500 1002 2011 1104.9504
a range +79300 +79500 2011 1002 1104.9504
a range +80100 +80200 1002 2003 1104.953
a range +80100 +80200 2003 1002 1104.953
a range +80200 +80300 1002 2013 1104.9492
a range +80200 +80300 2013 1002 1104.9492
a range +80600 +80900 1001 2020 1105.0259
a range +80600 +80900 2009 2017 0.0432
a range +80600 +80900 2017 2009 0.0432
a range +80600 +80900 2020 1001 1105.0259
a range +80900 +81100 2004 2012 0.0432
a range +80900 +81100 2012 2004 0.0432
a range +81300 +81400 2005 2017 0.0436
a range +81300 +81400 2016 9001 1105.0495
a range +81300 +81400 2017 2005 0.0436
a range +81300 +81400 9001 2016 1105.0495
a range +81400 +81800 2013 2014 0.0285
a range +81400 +81800 2014 2013 0.0285
a range +82300 +82400 2004 2011 0.0366
a range +82300 +82400 2011 2004 0.0366
a range +82500 +82800 2006 2017 0.031
a range +82500 +82800 2017 2006 0.031
a range +83100 +83300 2006 2007 0.0285
a range +83100 +83300 2007 2006 0.0285
a range +83300 +83400 2003 2013 0.0311
a range +83300 +83400 2013 2003 0.0311
a range +83600 +83800 2006 2012 0.0293
a range +83600 +83800 2008 2014 0.0321
a range +83600 +83800 2012 2006 0.0293
a range +83600 +83800 2014 2008 0.0321
a range +84400 +84600 2005 9001 1105.0527
a range +84400 +84600 9001 2005 1105.0527
a range +85000 +85100 1002 2003 1105.1208
a range +85000 +85100 2003 1002 1105.1208
a range +85000 +85100 2004 2016 0.028
a range +85000 +85100 2016 2004 0.028
a range +86000 +86200 2017 9001 1105.0564
a range +86000 +86200 9001 2017 1105.0564
