a contact +0 +600 1001 9003 100000
a contact +0 +600 1002 2003 10000
a contact +0 +600 1002 2009 10000
a contact +0 +600 1002 2031 10000
a contact +0 +600 1003 2021 10000
a contact +0 +600 1003 2012 10000
a contact +0 +600 1003 2032 10000
a contact +0 +600 1004 2022 10000
a contact +0 +600 1004 9002 100000
a contact +0 +600 1004 2016 10000
a contact +0 +600 2003 1002 10000
a contact +0 +600 2009 1002 10000
a contact +0 +600 2012 1003 10000
a contact +0 +600 2016 1004 10000
a contact +0 +600 2021 1003 10000
a contact +0 +600 2022 1004 10000
a contact +0 +600 2031 1002 10000
a contact +0 +600 2032 1003 10000
a contact +0 +600 9002 1004 100000
a contact +0 +600 9003 1001 100000
a contact +1200 +1800 1001 9003 100000
a contact +1200 +1800 9003 1001 100000
a contact +1800 +2400 1004 2016 10000
a contact +1800 +2400 2016 1004 10000
a contact +4200 +4800 1004 2019 10000
a contact +4200 +4800 2019 1004 10000
a contact +6600 +8400 1004 9003 100000
a contact +6600 +8400 9003 1004 100000
a contact +9600 +10200 1002 2001 10000
a contact +9600 +10200 2001 1002 10000
a contact +12000 +12600 1004 2002 10000
a contact +12000 +12600 2002 1004 10000
a contact +12600 +13800 1003 9003 100000
a contact +12600 +13800 9003 1003 100000
a contact +19200 +20400 1002 9003 100000
a contact +19200 +20400 9003 1002 100000
a contact +19200 +21000 1002 9001 100000
a contact +19200 +21000 9001 1002 100000
a contact +21600 +22200 1004 2019 10000
a contact +21600 +22200 2019 1004 10000
a contact +23400 +24000 1003 9002 100000
a contact +23400 +24000 9002 1003 100000
a contact +24000 +24600 1001 9001 100000
a contact +24000 +24600 1001 9003 100000
a contact +24000 +24600 9001 1001 100000
a contact +24000 +24600 9003 1001 100000
a contact +25800 +26400 1003 2025 10000
a contact +25800 +26400 2025 1003 10000
a contact +25800 +27000 1001 9001 100000
a contact +25800 +27000 9001 1001 100000
a contact +30000 +30600 1004 9003 100000
a contact +30000 +30600 9003 1004 100000
a contact +30000 +32400 1004 9001 100000
a contact +30000 +32400 9001 1004 100000
a contact +36000 +37800 1003 9001 100000
a contact +36000 +37800 9001 1003 100000
a contact +38400 +39000 1004 2027 10000
a contact +38400 +39000 2027 1004 10000
a contact +42000 +43800 1002 9001 100000
a contact +43200 +43800 1002 9002 100000
a contact +42000 +43800 9001 1002 100000
a contact +43200 +43800 9002 1002 100000
a contact +45600 +46200 1003 2006 10000
a contact +45600 +46200 2006 1003 10000
a contact +48000 +49200 1001 9001 100000
a contact +48000 +49200 9001 1001 100000
a contact +48000 +49800 1001 9002 100000
a contact +48000 +49800 9002 1001 100000
a contact +54000 +55800 1004 9002 100000
a contact +54000 +55800 9002 1004 100000
a contact +59400 +60600 1003 9002 100000
a contact +59400 +60600 9002 1003 100000
a contact +61200 +61800 1002 2031 10000
a contact +61200 +61800 1003 9002 100000
a contact +61200 +61800 2031 1002 10000
a contact +61200 +61800 9002 1003 100000
a contact +65400 +66600 1002 9002 100000
a contact +65400 +66600 9002 1002 100000
a contact +66600 +67200 1004 2004 10000
a contact +66600 +67200 2004 1004 10000
a contact +68400 +69000 1002 2018 10000
a contact +68400 +69000 2018 1002 10000
a contact +69600 +70200 1004 2022 10000
a contact +69600 +70200 2022 1004 10000
a contact +71400 +72000 1001 9002 100000
a contact +71400 +72000 9002 1001 100000
a contact +72600 +73200 1001 9002 100000
a contact +72600 +73200 9002 1001 100000
a contact +73800 +74400 1004 2001 10000
a contact +73800 +74400 2001 1004 10000
a contact +76200 +76800 1002 2032 10000
a contact +76200 +76800 2032 1002 10000
a contact +76800 +78000 1004 9002 100000
a contact +76800 +78000 9002 1004 100000
a contact +78600 +79200 1003 2001 10000
a contact +78600 +79200 2001 1003 10000
a contact +81600 +82800 1003 9002 100000
a contact +81600 +82800 9002 1003 100000
a contact +84600 +85200 1002 2017 10000
a contact +83400 +85200 1003 9003 100000
a contact +84600 +85200 2017 1002 10000
a contact +83400 +85200 9003 1003 100000

a range +0 +600 1001 9003 0
a range +0 +600 1002 2003 0
a range +0 +600 1002 2009 0
a range +0 +600 1002 2031 0
a range +0 +600 1003 2021 0
a range +0 +600 1003 2012 0
a range +0 +600 1003 2032 0
a range +0 +600 1004 2022 0
a range +0 +600 1004 9002 0
a range +0 +600 1004 2016 0
a range +0 +600 2003 1002 0
a range +0 +600 2009 1002 0
a range +0 +600 2012 1003 0
a range +0 +600 2016 1004 0
a range +0 +600 2021 1003 0
a range +0 +600 2022 1004 0
a range +0 +600 2031 1002 0
a range +0 +600 2032 1003 0
a range +0 +600 9002 1004 0
a range +0 +600 9003 1001 0
a range +1200 +1800 1001 9003 0
a range +1200 +1800 9003 1001 0
a range +1800 +2400 1004 2016 0
a range +1800 +2400 2016 1004 0
a range +4200 +4800 1004 2019 0
a range +4200 +4800 2019 1004 0
a range +6600 +8400 1004 9003 0
a range +6600 +8400 9003 1004 0
a range +9600 +10200 1002 2001 0
a range +9600 +10200 2001 1002 0
a range +12000 +12600 1004 2002 0
a range +12000 +12600 2002 1004 0
a range +12600 +13800 1003 9003 0
a range +12600 +13800 9003 1003 0
a range +19200 +20400 1002 9003 0
a range +19200 +20400 9003 1002 0
a range +19200 +21000 1002 9001 0
a range +19200 +21000 9001 1002 0
a range +21600 +22200 1004 2019 0
a range +21600 +22200 2019 1004 0
a range +23400 +24000 1003 9002 0
a range +23400 +24000 9002 1003 0
a range +24000 +24600 1001 9001 0
a range +24000 +24600 1001 9003 0
a range +24000 +24600 9001 1001 0
a range +24000 +24600 9003 1001 0
a range +25800 +26400 1003 2025 0
a range +25800 +26400 2025 1003 0
a range +25800 +27000 1001 9001 0
a range +25800 +27000 9001 1001 0
a range +30000 +30600 1004 9003 0
a range +30000 +30600 9003 1004 0
a range +30000 +32400 1004 9001 0
a range +30000 +32400 9001 1004 0
a range +36000 +37800 1003 9001 0
a range +36000 +37800 9001 1003 0
a range +38400 +39000 1004 2027 0
a range +38400 +39000 2027 1004 0
a range +42000 +43800 1002 9001 0
a range +43200 +43800 1002 9002 0
a range +42000 +43800 9001 1002 0
a range +43200 +43800 9002 1002 0
a range +45600 +46200 1003 2006 0
a range +45600 +46200 2006 1003 0
a range +48000 +49200 1001 9001 0
a range +48000 +49200 9001 1001 0
a range +48000 +49800 1001 9002 0
a range +48000 +49800 9002 1001 0
a range +54000 +55800 1004 9002 0
a range +54000 +55800 9002 1004 0
a range +59400 +60600 1003 9002 0
a range +59400 +60600 9002 1003 0
a range +61200 +61800 1002 2031 0
a range +61200 +61800 1003 9002 0
a range +61200 +61800 2031 1002 0
a range +61200 +61800 9002 1003 0
a range +65400 +66600 1002 9002 0
a range +65400 +66600 9002 1002 0
a range +66600 +67200 1004 2004 0
a range +66600 +67200 2004 1004 0
a range +68400 +69000 1002 2018 0
a range +68400 +69000 2018 1002 0
a range +69600 +70200 1004 2022 0
a range +69600 +70200 2022 1004 0
a range +71400 +72000 1001 9002 0
a range +71400 +72000 9002 1001 0
a range +72600 +73200 1001 9002 0
a range +72600 +73200 9002 1001 0
a range +73800 +74400 1004 2001 0
a range +73800 +74400 2001 1004 0
a range +76200 +76800 1002 2032 0
a range +76200 +76800 2032 1002 0
a range +76800 +78000 1004 9002 0
a range +76800 +78000 9002 1004 0
a range +78600 +79200 1003 2001 0
a range +78600 +79200 2001 1003 0
a range +81600 +82800 1003 9002 0
a range +81600 +82800 9002 1003 0
a range +84600 +85200 1002 2017 0
a range +83400 +85200 1003 9003 0
a range +84600 +85200 2017 1002 0
a range +83400 +85200 9003 1003 0
