a contact +1200 +1800 6 38 625000
a contact +3000 +3600 7 38 625000
a contact +3000 +3600 33 3 625000
a contact +3000 +3600 34 4 625000
a contact +5400 +6000 5 38 625000
a contact +5400 +6000 36 2 625000
a contact +7800 +8400 30 3 625000
a contact +10800 +11400 26 4 625000
a contact +21000 +21600 18 2 625000
a contact +21000 +21600 22 3 625000
a contact +22200 +22800 21 2 625000
a contact +22800 +23400 19 2 625000
a contact +26400 +27000 15 2 625000
a contact +28800 +29400 16 2 625000
a contact +30600 +31200 16 1 625000
a contact +37200 +38400 5 39 625000
a contact +42600 +43200 2 38 625000
a contact +43200 +44400 36 3 625000
a contact +44400 +45000 24 2 625000
a contact +45000 +45600 28 4 625000
a contact +45600 +46200 24 2 625000
a contact +46800 +47400 34 3 625000
a contact +49200 +49800 26 4 625000
a contact +50400 +51000 26 4 625000
a contact +51600 +52200 29 2 625000
a contact +56400 +57000 28 2 625000
a contact +57600 +58200 28 2 625000
a contact +61800 +62400 21 2 625000
a contact +61800 +63000 5 37 625000
a contact +63600 +64200 15 2 625000
a contact +63600 +64200 19 4 625000
a contact +64200 +64800 15 2 625000
a contact +70800 +71400 18 4 625000
a contact +72000 +72600 9 4 625000
a contact +81600 +82200 36 4 625000
a contact +82800 +83400 36 4 625000
a contact +85800 +86400 16 1 625000

a range +1200 +1800 6 38 1103.399
a range +3000 +3600 7 38 1103.3968
a range +3000 +3600 33 3 1102.267
a range +3000 +3600 34 4 1102.027
a range +5400 +6000 5 38 1103.3947
a range +5400 +6000 36 2 1102.4585
a range +7800 +8400 30 3 1102.2519
a range +10800 +11400 26 4 1102.9453
a range +21000 +21600 18 2 1102.9356
a range +21000 +21600 22 3 1103.1485
a range +22200 +22800 21 2 1102.7116
a range +22800 +23400 19 2 1102.8416
a range +26400 +27000 15 2 1103.3373
a range +28800 +29400 16 2 1103.2134
a range +30600 +31200 16 1 1103.142
a range +37200 +38400 5 39 1104.7652
a range +42600 +43200 2 38 0.0613
a range +43200 +44400 36 3 1104.0563
a range +44400 +45000 24 2 1104.2891
a range +45000 +45600 28 4 1103.614
a range +45600 +46200 24 2 1104.2891
a range +46800 +47400 34 3 1104.0642
a range +49200 +49800 26 4 1103.8564
a range +50400 +51000 26 4 1103.8564
a range +51600 +52200 29 2 1104.3044
a range +56400 +57000 28 2 1104.3041
a range +57600 +58200 28 2 1104.3041
a range +61800 +62400 21 2 1104.3176
a range +61800 +63000 5 37 1105.0683
a range +63600 +64200 15 2 1104.3078
a range +63600 +64200 19 4 1104.4814
a range +64200 +64800 15 2 1104.3078
a range +70800 +71400 18 4 1104.6427
a range +72000 +72600 9 4 1104.7447
a range +81600 +82200 36 4 1105.0324
a range +82800 +83400 36 4 1105.0324
a range +85800 +86400 16 1 1105.0172
