a contact +100 +200 2002 9002 1000
a contact +100 +200 9002 2002 1000
a contact +200 +300 2015 2026 1000
a contact +200 +300 2026 2015 1000
a contact +300 +400 2015 2025 1000
a contact +300 +400 2025 2015 1000
a contact +800 +900 2011 2028 1000
a contact +800 +900 2028 2011 1000
a contact +900 +1000 2012 2027 1000
a contact +900 +1000 2027 2012 1000
a contact +1000 +1100 2014 2029 1000
a contact +1000 +1100 2029 2014 1000
a contact +1500 +1600 2017 2034 1000
a contact +1500 +1600 2034 2017 1000
a contact +1600 +1700 1001 1003 1000
a contact +1600 +1700 1003 1001 1000
a contact +1600 +1700 2029 9002 1000
a contact +1600 +1700 9002 2029 1000
a contact +2000 +2100 2002 2008 1000
a contact +2000 +2100 2008 2002 1000
a contact +2100 +2200 2006 2018 1000
a contact +2100 +2200 2018 2006 1000
a contact +2400 +2500 2007 2032 1000
a contact +2400 +2500 2012 2018 1000
a contact +2400 +2500 2018 2012 1000
a contact +2400 +2500 2032 2007 1000
a contact +2700 +2800 2005 2020 1000
a contact +2700 +2800 2020 2005 1000
a contact +2800 +3000 2028 2030 1000
a contact +2800 +3000 2030 2028 1000
a contact +3100 +3200 2034 2036 1000
a contact +3100 +3200 2036 2034 1000
a contact +3200 +3300 1002 2016 1000
a contact +3200 +3300 2016 1002 1000
a contact +3300 +3400 1002 2020 1000
a contact +3300 +3400 2006 2015 1000
a contact +3300 +3400 2015 2006 1000
a contact +3300 +3400 2020 1002 1000
a contact +3500 +3600 1003 2020 1000
a contact +3500 +3600 2020 1003 1000
a contact +3600 +3700 2004 2013 1000
a contact +3600 +3700 2013 2004 1000
a contact +3600 +3700 2027 2033 1000
a contact +3600 +3700 2033 2027 1000
a contact +3800 +3900 2013 2025 1000
a contact +3800 +3900 2025 2013 1000
a contact +3800 +3900 2033 2035 1000
a contact +3800 +3900 2035 2033 1000
a contact +3900 +4000 2019 2025 1000
a contact +3900 +4000 2025 2019 1000
a contact +4000 +4100 1003 2015 1000
a contact +4000 +4100 2015 1003 1000
a contact +4500 +4600 2014 2034 1000
a contact +4500 +4600 2034 2014 1000
a contact +4700 +4800 2003 9001 1000
a contact +4700 +4800 9001 2003 1000
a contact +5100 +5200 1003 2007 1000
a contact +5100 +5200 2007 1003 1000
a contact +5200 +5300 1003 2008 1000
a contact +5200 +5300 2008 1003 1000
a contact +5200 +5300 2009 2026 1000
a contact +5200 +5300 2026 2009 1000
a contact +5300 +5400 2014 2030 1000
a contact +5300 +5400 2030 2014 1000
a contact +5600 +5700 1002 2012 1000
a contact +5600 +5700 2012 1002 1000
a contact +5800 +5900 1001 2007 1000
a contact +5800 +5900 2007 1001 1000
a contact +6000 +6100 2016 2018 1000
a contact +6000 +6100 2018 2016 1000
a contact +6400 +6600 2022 2033 1000
a contact +6400 +6600 2033 2022 1000
a contact +6600 +6700 2006 2021 1000
a contact +6600 +6700 2021 2006 1000
a contact +6700 +6800 1003 2014 1000
a contact +6700 +6800 2014 1003 1000
a contact +6900 +7000 1002 2018 1000
a contact +6900 +7000 2018 1002 1000
a contact +7100 +7200 1001 2020 1000
a contact +7100 +7200 1002 2023 1000
a contact +7100 +7200 2020 1001 1000
a contact +7100 +7200 2023 1002 1000
a contact +7700 +7800 2014 2026 1000
a contact +7700 +7800 2020 2021 1000
a contact +7700 +7800 2021 2020 1000
a contact +7700 +7800 2026 2014 1000
a contact +7900 +8000 2008 2035 1000
a contact +7900 +8000 2035 2008 1000
a contact +8200 +8300 2007 9001 1000
a contact +8200 +8300 2016 2017 1000
a contact +8200 +8300 2017 2016 1000
a contact +8200 +8300 9001 2007 1000
a contact +8300 +8400 2025 9001 1000
a contact +8300 +8400 9001 2025 1000
a contact +8400 +8500 2001 2010 1000
a contact +8400 +8500 2010 2001 1000
a contact +8500 +8600 2022 2024 1000
a contact +8500 +8600 2024 2022 1000
a contact +8600 +8800 2023 2025 1000
a contact +8600 +8800 2025 2023 1000
a contact +9200 +9300 1002 2002 1000
a contact +9200 +9300 2002 1002 1000
a contact +9200 +9300 2011 2017 1000
a contact +9200 +9300 2017 2011 1000
a contact +9200 +9300 2025 2034 1000
a contact +9200 +9300 2034 2025 1000
a contact +9300 +9400 1003 9003 1000
a contact +9300 +9400 9003 1003 1000
a contact +9600 +9700 2015 2021 1000
a contact +9600 +9700 2021 2015 1000
a contact +9900 +10000 2018 2032 1000
a contact +9900 +10000 2032 2018 1000
a contact +10300 +10400 2002 2022 1000
a contact +10300 +10400 2008 2023 1000
a contact +10300 +10400 2022 2002 1000
a contact +10300 +10400 2023 2008 1000
a contact +10300 +10400 2027 2035 1000
a contact +10300 +10400 2035 2027 1000
a contact +10500 +10600 1002 2015 1000
a contact +10500 +10600 2005 2026 1000
a contact +10500 +10600 2015 1002 1000
a contact +10500 +10600 2026 2005 1000
a contact +10900 +11000 2007 2013 1000
a contact +10900 +11000 2013 2007 1000
a contact +11000 +11100 1001 2018 1000
a contact +11000 +11100 2018 1001 1000
a contact +11100 +11200 2033 2035 1000
a contact +11100 +11200 2035 2033 1000
a contact +11300 +11400 1003 9001 1000
a contact +11300 +11400 2019 2021 1000
a contact +11300 +11400 2021 2019 1000
a contact +11300 +11400 9001 1003 1000
a contact +11400 +11500 1003 2031 1000
a contact +11400 +11500 2031 1003 1000
a contact +11500 +11600 1001 9001 1000
a contact +11500 +11600 9001 1001 1000
a contact +11700 +11800 2010 2028 1000
a contact +11700 +11800 2028 2010 1000
a contact +11800 +11900 2011 2029 1000
a contact +11800 +11900 2029 2011 1000
a contact +12300 +12400 2021 2029 1000
a contact +12300 +12400 2029 2021 1000
a contact +12400 +12500 2021 9002 1000
a contact +12400 +12500 9002 2021 1000
a contact +12600 +12700 1002 2005 1000
a contact +12600 +12700 2005 1002 1000
a contact +12800 +12900 2019 2036 1000
a contact +12800 +12900 2020 2027 1000
a contact +12800 +12900 2027 2020 1000
a contact +12800 +12900 2036 2019 1000
a contact +13000 +13100 2009 2028 1000
a contact +13000 +13100 2028 2009 1000
a contact +13300 +13400 1003 2005 1000
a contact +13300 +13400 2005 1003 1000
a contact +13500 +13600 1002 2012 1000
a contact +13500 +13600 2012 1002 1000
a contact +13600 +13700 2030 9001 1000
a contact +13600 +13700 9001 2030 1000
a contact +13700 +13800 2009 2019 1000
a contact +13700 +13800 2019 2009 1000
a contact +13800 +13900 2025 2032 1000
a contact +13800 +13900 2032 2025 1000
a contact +14000 +14100 2002 2017 1000
a contact +14000 +14100 2017 2002 1000
a contact +14100 +14200 2006 2018 1000
a contact +14100 +14200 2018 2006 1000
a contact +14400 +14500 1002 2027 1000
a contact +14400 +14500 2013 2020 1000
a contact +14400 +14500 2020 2013 1000
a contact +14400 +14500 2027 1002 1000
a contact +14500 +14600 2019 2021 1000
a contact +14500 +14600 2021 2019 1000
a contact +14600 +14700 1003 2024 1000
a contact +14600 +14700 2013 2015 1000
a contact +14600 +14700 2015 2013 1000
a contact +14600 +14700 2024 1003 1000
a contact +14600 +14700 2031 2033 1000
a contact +14600 +14700 2033 2031 1000
a contact +14700 +14800 1003 2025 1000
a contact +14700 +14800 2025 1003 1000
a contact +14800 +14900 2032 2033 1000
a contact +14800 +14900 2033 2032 1000
a contact +15000 +15100 1001 2033 1000
a contact +15000 +15100 2018 2024 1000
a contact +15000 +15100 2024 2018 1000
a contact +15000 +15100 2033 1001 1000
a contact +15100 +15200 1003 2033 1000
a contact +15100 +15200 2018 2020 1000
a contact +15100 +15200 2020 2018 1000
a contact +15100 +15200 2033 1003 1000
a contact +15400 +15500 2007 2015 1000
a contact +15400 +15500 2015 2007 1000
a contact +15500 +15600 2016 2026 1000
a contact +15500 +15600 2026 2016 1000
a contact +15700 +15800 1001 2035 1000
a contact +15700 +15800 2035 1001 1000
a contact +15900 +16000 2002 2033 1000
a contact +15900 +16000 2033 2002 1000
a contact +16500 +16600 2011 2018 1000
a contact +16500 +16600 2018 2011 1000
a contact +16800 +16900 2025 2032 1000
a contact +16800 +16900 2032 2025 1000
a contact +17400 +17500 2005 2022 1000
a contact +17400 +17500 2022 2005 1000
a contact +17700 +17800 2003 2024 1000
a contact +17700 +17800 2024 2003 1000
a contact +17900 +18000 2034 2035 1000
a contact +17900 +18000 2035 2034 1000
a contact +18000 +18100 2015 2022 1000
a contact +18000 +18100 2018 2025 1000
a contact +18000 +18100 2022 2015 1000
a contact +18000 +18100 2025 2018 1000
a contact +18300 +18400 2029 2035 1000
a contact +18300 +18400 2035 2029 1000
a contact +18900 +19000 2002 2017 1000
a contact +18900 +19000 2017 2002 1000
a contact +18900 +19000 2021 2027 1000
a contact +18900 +19000 2027 2021 1000
a contact +19000 +19100 2012 2029 1000
a contact +19000 +19100 2029 2012 1000
a contact +19100 +19200 1002 2005 1000
a contact +19100 +19200 2005 1002 1000
a contact +19100 +19200 2024 2036 1000
a contact +19100 +19200 2036 2024 1000
a contact +19300 +19400 2003 2020 1000
a contact +19300 +19400 2020 2003 1000
a contact +19400 +19500 1001 2006 1000
a contact +19400 +19500 2006 1001 1000
a contact +19400 +19500 2023 2033 1000
a contact +19400 +19500 2033 2023 1000
a contact +19500 +19600 2009 2015 1000
a contact +19500 +19600 2015 2009 1000
a contact +19600 +19700 2011 2030 1000
a contact +19600 +19700 2026 2035 1000
a contact +19600 +19700 2030 2011 1000
a contact +19600 +19700 2035 2026 1000
a contact +19900 +20000 2008 2026 1000
a contact +19900 +20000 2026 2008 1000
a contact +20200 +20300 1001 9003 1000
a contact +20200 +20300 2008 2025 1000
a contact +20200 +20300 2025 2008 1000
a contact +20200 +20300 2026 2032 1000
a contact +20200 +20300 2032 2026 1000
a contact +20200 +20300 9003 1001 1000
a contact +20300 +20400 2015 2036 1000
a contact +20300 +20400 2017 2019 1000
a contact +20300 +20400 2019 2017 1000
a contact +20300 +20400 2036 2015 1000
a contact +20700 +20800 1002 2018 1000
a contact +20700 +20800 2016 2035 1000
a contact +20700 +20800 2018 1002 1000
a contact +20700 +20800 2035 2016 1000
a contact +20800 +20900 2002 2024 1000
a contact +20800 +20900 2024 2002 1000
a contact +20900 +21000 1003 2023 1000
a contact +20900 +21000 2001 2024 1000
a contact +20900 +21000 2023 1003 1000
a contact +20900 +21000 2024 2001 1000
a contact +21100 +21200 1002 2025 1000
a contact +21100 +21200 2005 2014 1000
a contact +21100 +21200 2014 2005 1000
a contact +21100 +21200 2025 1002 1000
a contact +21200 +21300 1003 2026 1000
a contact +21200 +21300 2002 2013 1000
a contact +21200 +21300 2013 2002 1000
a contact +21200 +21300 2026 1003 1000
a contact +21400 +21500 1002 2023 1000
a contact +21400 +21500 2023 1002 1000
a contact +21600 +21700 2033 2034 1000
a contact +21600 +21700 2034 2033 1000
a contact +21800 +21900 1002 2019 1000
a contact +21800 +21900 2015 2025 1000
a contact +21800 +21900 2019 1002 1000
a contact +21800 +21900 2025 2015 1000
a contact +21900 +22000 2009 2035 1000
a contact +21900 +22000 2035 2009 1000
a contact +22100 +22200 2008 9002 1000
a contact +22100 +22200 2010 2021 1000
a contact +22100 +22200 2021 2010 1000
a contact +22100 +22200 9002 2008 1000
a contact +22200 +22300 1002 2014 1000
a contact +22200 +22300 2014 1002 1000
a contact +22400 +22500 2008 2029 1000
a contact +22400 +22500 2029 2008 1000
a contact +22600 +22700 2025 2026 1000
a contact +22600 +22700 2026 2025 1000
a contact +22900 +23000 2007 2032 1000
a contact +22900 +23000 2032 2007 1000
a contact +23100 +23200 2006 2017 1000
a contact +23100 +23200 2017 2006 1000
a contact +23200 +23300 1002 2003 1000
a contact +23200 +23300 2003 1002 1000
a contact +23500 +23600 2004 2019 1000
a contact +23500 +23600 2014 2034 1000
a contact +23500 +23600 2019 2004 1000
a contact +23500 +23600 2034 2014 1000
a contact +23600 +23700 2016 9002 1000
a contact +23600 +23700 9002 2016 1000
a contact +23700 +23800 2018 2036 1000
a contact +23700 +23800 2036 2018 1000
a contact +24200 +24300 2006 2035 1000
a contact +24200 +24300 2035 2006 1000
a contact +24300 +24400 2005 2022 1000
a contact +24300 +24400 2008 2025 1000
a contact +24300 +24400 2022 2005 1000
a contact +24300 +24400 2025 2008 1000
a contact +24500 +24600 2010 2018 1000
a contact +24500 +24600 2018 2010 1000
a contact +25200 +25300 2031 2032 1000
a contact +25200 +25300 2032 2031 1000
a contact +25200 +25300 2034 2035 1000
a contact +25200 +25300 2035 2034 1000
a contact +25400 +25500 2032 2033 1000
a contact +25400 +25500 2033 2032 1000
a contact +25700 +25800 1003 2036 1000
a contact +25700 +25800 2036 1003 1000
a contact +25900 +26000 2011 2028 1000
a contact +25900 +26000 2028 2011 1000
a contact +26000 +26100 2007 2028 1000
a contact +26000 +26100 2028 2007 1000
a contact +26500 +26600 2007 2023 1000
a contact +26500 +26600 2023 2007 1000
a contact +26900 +27000 2019 2029 1000
a contact +26900 +27000 2029 2019 1000
a contact +27300 +27400 2009 2018 1000
a contact +27300 +27400 2018 2009 1000
a contact +27500 +27600 1003 9003 1000
a contact +27500 +27600 2009 2020 1000
a contact +27500 +27600 2020 2009 1000
a contact +27500 +27600 9003 1003 1000
a contact +27900 +28000 2015 2033 1000
a contact +27900 +28000 2033 2015 1000
a contact +28000 +28100 1001 2021 1000
a contact +28000 +28100 1003 2034 1000
a contact +28000 +28100 2021 1001 1000
a contact +28000 +28100 2034 1003 1000
a contact +28100 +28200 2003 2010 1000
a contact +28100 +28200 2010 2003 1000
a contact +28300 +28400 1002 2030 1000
a contact +28300 +28400 2030 1002 1000
a contact +28400 +28600 2006 2036 1000
a contact +28400 +28600 2036 2006 1000
a contact +28600 +28700 2007 2009 1000
a contact +28600 +28700 2009 2007 1000
a contact +29300 +29400 2002 2029 1000
a contact +29300 +29400 2029 2002 1000
a contact +29700 +29800 2008 2017 1000
a contact +29700 +29800 2009 2030 1000
a contact +29700 +29800 2017 2008 1000
a contact +29700 +29800 2030 2009 1000
a contact +29900 +30000 2009 2020 1000
a contact +29900 +30000 2020 2009 1000
a contact +29900 +30000 2022 2034 1000
a contact +29900 +30000 2034 2022 1000
a contact +30100 +30200 1003 2021 1000
a contact +30100 +30200 2021 1003 1000
a contact +30300 +30400 2004 2026 1000
a contact +30300 +30400 2026 2004 1000
a contact +30400 +30500 2011 2017 1000
a contact +30400 +30500 2017 2011 1000
a contact +30500 +30600 2018 2034 1000
a contact +30500 +30600 2034 2018 1000
a contact +30600 +30700 2017 2032 1000
a contact +30600 +30700 2032 2017 1000
a contact +30800 +30900 2014 2033 1000
a contact +30800 +30900 2033 2014 1000
a contact +30900 +31000 1001 2024 1000
a contact +30900 +31000 2024 1001 1000
a contact +31300 +31400 2012 2014 1000
a contact +31300 +31400 2014 2012 1000
a contact +31400 +31500 1003 9001 1000
a contact +31400 +31500 9001 1003 1000
a contact +31500 +31600 2014 9003 1000
a contact +31500 +31600 9003 2014 1000
a contact +31900 +32000 2020 2027 1000
a contact +31900 +32000 2027 2020 1000
a contact +32000 +32100 2011 2013 1000
a contact +32000 +32100 2013 2011 1000
a contact +32100 +32200 2020 2026 1000
a contact +32100 +32200 2026 2020 1000
a contact +32500 +32600 2007 2035 1000
a contact +32500 +32600 2035 2007 1000
a contact +32700 +32800 2013 2025 1000
a contact +32700 +32800 2019 2026 1000
a contact +32700 +32800 2025 2013 1000
a contact +32700 +32800 2026 2019 1000
a contact +32800 +32900 2007 2009 1000
a contact +32800 +32900 2009 2007 1000
a contact +32900 +33000 2020 2032 1000
a contact +32900 +33000 2032 2020 1000
a contact +33300 +33400 2025 2036 1000
a contact +33300 +33400 2028 9003 1000
a contact +33300 +33400 2036 2025 1000
a contact +33300 +33400 9003 2028 1000
a contact +33400 +33500 1001 2033 1000
a contact +33400 +33500 2033 1001 1000
a contact +34000 +34100 2008 2027 1000
a contact +34000 +34100 2027 2008 1000
a contact +34400 +34500 2019 2034 1000
a contact +34400 +34500 2034 2019 1000
a contact +34700 +34800 2001 2013 1000
a contact +34700 +34800 2013 2001 1000
a contact +35400 +35500 2009 2034 1000
a contact +35400 +35500 2034 2009 1000
a contact +35500 +35600 2003 2030 1000
a contact +35500 +35600 2005 2032 1000
a contact +35500 +35600 2030 2003 1000
a contact +35500 +35600 2032 2005 1000
a contact +35600 +35700 2010 2033 1000
a contact +35600 +35700 2033 2010 1000
a contact +35700 +35800 2002 2028 1000
a contact +35700 +35800 2007 2036 1000
a contact +35700 +35800 2028 2002 1000
a contact +35700 +35800 2036 2007 1000
a contact +36200 +36300 1002 2008 1000
a contact +36200 +36300 2008 1002 1000
a contact +36400 +36500 2026 2027 1000
a contact +36400 +36500 2027 2026 1000
a contact +36400 +36500 2031 2033 1000
a contact +36400 +36500 2033 2031 1000
a contact +36500 +36600 2018 2024 1000
a contact +36500 +36600 2024 2018 1000
a contact +36500 +36600 2035 2036 1000
a contact +36500 +36600 2036 2035 1000
a contact +36900 +37000 2007 2027 1000
a contact +36900 +37000 2027 2007 1000
a contact +37000 +37100 2011 2036 1000
a contact +37000 +37100 2024 2032 1000
a contact +37000 +37100 2032 2024 1000
a contact +37000 +37100 2036 2011 1000
a contact +37300 +37400 2002 2023 1000
a contact +37300 +37400 2019 9003 1000
a contact +37300 +37400 2023 2002 1000
a contact +37300 +37400 9003 2019 1000
a contact +37700 +37800 2004 2016 1000
a contact +37700 +37800 2016 2004 1000
a contact +37900 +38000 2005 2027 1000
a contact +37900 +38000 2027 2005 1000
a contact +38000 +38100 1001 2033 1000
a contact +38000 +38100 2028 9002 1000
a contact +38000 +38100 2033 1001 1000
a contact +38000 +38100 9002 2028 1000
a contact +38300 +38400 2024 2031 1000
a contact +38300 +38400 2031 2024 1000
a contact +39000 +39100 2019 2028 1000
a contact +39000 +39100 2028 2019 1000
a contact +39100 +39200 2003 2015 1000
a contact +39100 +39200 2015 2003 1000
a contact +39300 +39400 1002 1003 1000
a contact +39300 +39400 1003 1002 1000
a contact +39300 +39400 2001 2003 1000
a contact +39300 +39400 2003 2001 1000
a contact +39400 +39500 2018 2020 1000
a contact +39400 +39500 2020 2018 1000
a contact +39500 +39600 2022 2023 1000
a contact +39500 +39600 2023 2022 1000
a contact +39600 +39700 2006 2033 1000
a contact +39600 +39700 2014 2020 1000
a contact +39600 +39700 2020 2014 1000
a contact +39600 +39700 2033 2006 1000
a contact +39700 +39800 2017 2026 1000
a contact +39700 +39800 2026 2017 1000
a contact +39800 +39900 2003 2028 1000
a contact +39800 +39900 2014 2021 1000
a contact +39800 +39900 2021 2014 1000
a contact +39800 +39900 2028 2003 1000
a contact +39900 +40000 2006 9003 1000
a contact +39900 +40000 2032 2034 1000
a contact +39900 +40000 2034 2032 1000
a contact +39900 +40000 9003 2006 1000
a contact +40200 +40300 1002 1003 1000
a contact +40200 +40300 1003 1002 1000
a contact +40500 +40600 2019 2020 1000
a contact +40500 +40600 2020 2019 1000
a contact +40700 +40800 2010 2028 1000
a contact +40700 +40800 2026 2033 1000
a contact +40700 +40800 2028 2010 1000
a contact +40700 +40800 2033 2026 1000
a contact +41000 +41100 2022 2034 1000
a contact +41000 +41100 2034 2022 1000
a contact +41300 +41400 2008 2026 1000
a contact +41300 +41400 2026 2008 1000
a contact +41400 +41500 2025 2036 1000
a contact +41400 +41500 2036 2025 1000
a contact +41600 +41700 2016 2032 1000
a contact +41600 +41700 2032 2016 1000
a contact +41900 +42000 2014 9003 1000
a contact +41900 +42000 9003 2014 1000
a contact +42300 +42400 1001 2032 1000
a contact +42300 +42400 2032 1001 1000
a contact +42800 +42900 2005 2032 1000
a contact +42800 +42900 2007 2031 1000
a contact +42800 +42900 2021 2023 1000
a contact +42800 +42900 2023 2021 1000
a contact +42800 +42900 2031 2007 1000
a contact +42800 +42900 2032 2005 1000
a contact +43100 +43200 2006 2032 1000
a contact +43100 +43200 2032 2006 1000
a contact +43300 +43400 2018 2025 1000
a contact +43300 +43400 2025 2018 1000
a contact +43500 +43600 2008 2033 1000
a contact +43500 +43600 2033 2008 1000
a contact +43900 +44000 2031 2032 1000
a contact +43900 +44000 2032 2031 1000
a contact +44100 +44200 2010 9003 1000
a contact +44100 +44200 9003 2010 1000
a contact +44200 +44300 2033 2034 1000
a contact +44200 +44300 2034 2033 1000
a contact +44300 +44400 1001 2013 1000
a contact +44300 +44400 2013 1001 1000
a contact +44600 +44700 2013 9003 1000
a contact +44600 +44700 9003 2013 1000
a contact +44700 +44900 1003 2013 1000
a contact +44700 +44900 2013 1003 1000
a contact +44900 +45000 2015 2031 1000
a contact +44900 +45000 2031 2015 1000
a contact +45000 +45100 2003 2023 1000
a contact +45000 +45100 2023 2003 1000
a contact +45300 +45400 2002 2025 1000
a contact +45300 +45400 2025 2002 1000
a contact +45400 +45500 1003 2020 1000
a contact +45400 +45500 2020 1003 1000
a contact +45700 +45800 2007 2014 1000
a contact +45700 +45800 2014 2007 1000
a contact +45900 +46000 2015 2032 1000
a contact +45900 +46000 2032 2015 1000
a contact +46100 +46200 1003 2016 1000
a contact +46100 +46200 2016 1003 1000
a contact +46200 +46400 2002 2013 1000
a contact +46200 +46400 2013 2002 1000
a contact +46400 +46500 2021 2030 1000
a contact +46400 +46500 2030 2021 1000
a contact +46700 +46800 1002 2035 1000
a contact +46700 +46800 2007 2008 1000
a contact +46700 +46800 2008 2007 1000
a contact +46700 +46800 2035 1002 1000
a contact +47100 +47200 2024 2025 1000
a contact +47100 +47200 2025 2024 1000
a contact +47200 +47300 2016 2025 1000
a contact +47200 +47300 2025 2016 1000
a contact +47400 +47500 2019 2027 1000
a contact +47400 +47500 2027 2019 1000
a contact +47900 +48000 2004 2030 1000
a contact +47900 +48000 2030 2004 1000
a contact +48100 +48200 2018 2031 1000
a contact +48100 +48200 2031 2018 1000
a contact +48200 +48300 2018 2026 1000
a contact +48200 +48300 2026 2018 1000
a contact +48300 +48500 2019 2026 1000
a contact +48300 +48500 2026 2019 1000
a contact +48500 +48600 2011 2028 1000
a contact +48500 +48600 2015 2032 1000
a contact +48500 +48600 2028 2011 1000
a contact +48500 +48600 2032 2015 1000
a contact +48700 +48800 2004 2016 1000
a contact +48700 +48800 2016 2004 1000
a contact +48800 +48900 2008 2015 1000
a contact +48800 +48900 2015 2008 1000
a contact +48900 +49000 1003 2015 1000
a contact +48900 +49000 2015 1003 1000
a contact +49100 +49200 2003 2014 1000
a contact +49100 +49200 2014 2003 1000
a contact +49100 +49200 2023 2034 1000
a contact +49100 +49200 2034 2023 1000
a contact +49200 +49300 2010 2028 1000
a contact +49200 +49300 2028 2010 1000
a contact +49300 +49400 2015 9003 1000
a contact +49300 +49400 2021 2031 1000
a contact +49300 +49400 2031 2021 1000
a contact +49300 +49400 9003 2015 1000
a contact +49600 +49700 1003 2019 1000
a contact +49600 +49700 2019 1003 1000
a contact +49800 +49900 1003 2023 1000
a contact +49800 +49900 2023 1003 1000
a contact +49900 +50000 1001 2028 1000
a contact +49900 +50000 1003 2020 1000
a contact +49900 +50000 2020 1003 1000
a contact +49900 +50000 2028 1001 1000
a contact +50400 +50500 2005 2035 1000
a contact +50400 +50500 2006 2031 1000
a contact +50400 +50500 2007 9003 1000
a contact +50400 +50500 2009 2034 1000
a contact +50400 +50500 2031 2006 1000
a contact +50400 +50500 2034 2009 1000
a contact +50400 +50500 2035 2005 1000
a contact +50400 +50500 9003 2007 1000
a contact +50500 +50700 2013 2025 1000
a contact +50500 +50700 2025 2013 1000
a contact +50700 +50800 1001 2023 1000
a contact +50700 +50800 2015 2021 1000
a contact +50700 +50800 2021 2015 1000
a contact +50700 +50800 2023 1001 1000
a contact +50800 +50900 1003 9001 1000
a contact +50800 +50900 2008 2031 1000
a contact +50800 +50900 2009 9003 1000
a contact +50800 +50900 2031 2008 1000
a contact +50800 +50900 9001 1003 1000
a contact +50800 +50900 9003 2009 1000
a contact +50900 +51000 2020 2027 1000
a contact +50900 +51000 2027 2020 1000
a contact +51000 +51100 2004 2033 1000
a contact +51000 +51100 2010 2012 1000
a contact +51000 +51100 2012 2010 1000
a contact +51000 +51100 2033 2004 1000
a contact +51500 +51600 2021 2027 1000
a contact +51500 +51600 2027 2021 1000
a contact +51700 +51800 2011 2029 1000
a contact +51700 +51800 2029 2011 1000
a contact +51800 +51900 2027 2028 1000
a contact +51800 +51900 2028 2027 1000
a contact +51900 +52000 2026 2033 1000
a contact +51900 +52000 2033 2026 1000
a contact +52100 +52200 1003 2008 1000
a contact +52100 +52200 2008 1003 1000
a contact +52100 +52200 2012 2029 1000
a contact +52100 +52200 2022 9001 1000
a contact +52100 +52200 2029 2012 1000
a contact +52100 +52200 9001 2022 1000
a contact +52200 +52300 1002 2005 1000
a contact +52200 +52300 2005 1002 1000
a contact +52300 +52400 2014 9001 1000
a contact +52300 +52400 2027 2033 1000
a contact +52300 +52400 2033 2027 1000
a contact +52300 +52400 9001 2014 1000
a contact +52500 +52600 2011 9003 1000
a contact +52500 +52600 2025 2031 1000
a contact +52500 +52600 2031 2025 1000
a contact +52500 +52600 9003 2011 1000
a contact +52900 +53000 2001 2019 1000
a contact +52900 +53000 2019 2001 1000
a contact +53000 +53100 1001 2035 1000
a contact +53000 +53100 2035 1001 1000
a contact +53100 +53200 2008 2014 1000
a contact +53100 +53200 2014 2008 1000
a contact +53500 +53600 2012 2014 1000
a contact +53500 +53600 2014 2012 1000
a contact +54200 +54300 2018 2027 1000
a contact +54200 +54300 2027 2018 1000
a contact +54500 +54600 1003 2015 1000
a contact +54500 +54600 2015 1003 1000
a contact +54600 +54700 2007 2032 1000
a contact +54600 +54700 2032 2007 1000
a contact +55000 +55100 2017 2025 1000
a contact +55000 +55100 2025 2017 1000
a contact +55100 +55200 2019 2027 1000
a contact +55100 +55200 2027 2019 1000
a contact +55300 +55400 1003 9002 1000
a contact +55300 +55400 9002 1003 1000
a contact +55900 +56000 2024 2036 1000
a contact +55900 +56000 2036 2024 1000
a contact +56100 +56200 2011 2036 1000
a contact +56100 +56200 2036 2011 1000
a contact +56200 +56300 2022 2032 1000
a contact +56200 +56300 2032 2022 1000
a contact +56400 +56500 2008 2019 1000
a contact +56400 +56500 2019 2008 1000
a contact +56400 +56500 2026 2035 1000
a contact +56400 +56500 2035 2026 1000
a contact +56600 +56700 2016 2034 1000
a contact +56600 +56700 2034 2016 1000
a contact +57200 +57300 2025 2027 1000
a contact +57200 +57300 2027 2025 1000
a contact +57300 +57400 2003 2015 1000
a contact +57300 +57400 2015 2003 1000
a contact +57600 +57700 2018 2031 1000
a contact +57600 +57700 2031 2018 1000
a contact +57900 +58000 2002 2008 1000
a contact +57900 +58000 2008 2002 1000
a contact +57900 +58000 2016 2026 1000
a contact +57900 +58000 2026 2016 1000
a contact +58100 +58200 2002 2031 1000
a contact +58100 +58200 2005 2034 1000
a contact +58100 +58200 2031 2002 1000
a contact +58100 +58200 2034 2005 1000
a contact +58200 +58300 2003 2031 1000
a contact +58200 +58300 2006 2034 1000
a contact +58200 +58300 2031 2003 1000
a contact +58200 +58300 2034 2006 1000
a contact +58500 +58600 1003 2008 1000
a contact +58500 +58600 2008 1003 1000
a contact +58800 +58900 2019 2027 1000
a contact +58800 +58900 2027 2019 1000
a contact +58800 +58900 2028 2029 1000
a contact +58800 +58900 2029 2028 1000
a contact +58800 +58900 2033 2034 1000
a contact +58800 +58900 2034 2033 1000
a contact +58900 +59000 2002 2029 1000
a contact +58900 +59000 2029 2002 1000
a contact +59000 +59100 2015 2022 1000
a contact +59000 +59100 2022 2015 1000
a contact +59100 +59200 1003 2011 1000
a contact +59100 +59200 2011 1003 1000
a contact +59300 +59400 2001 2031 1000
a contact +59300 +59400 2031 2001 1000
a contact +59600 +59700 2001 2016 1000
a contact +59600 +59700 2008 2018 1000
a contact +59600 +59700 2016 2001 1000
a contact +59600 +59700 2018 2008 1000
a contact +60000 +60100 2005 2016 1000
a contact +60000 +60100 2016 2005 1000
a contact +60200 +60300 2002 2018 1000
a contact +60200 +60300 2018 2002 1000
a contact +60200 +60300 2022 2031 1000
a contact +60200 +60300 2031 2022 1000
a contact +60300 +60400 1001 2005 1000
a contact +60300 +60400 2005 1001 1000
a contact +60400 +60500 1002 2031 1000
a contact +60400 +60500 2001 2020 1000
a contact +60400 +60500 2005 2024 1000
a contact +60400 +60500 2020 2001 1000
a contact +60400 +60500 2024 2005 1000
a contact +60400 +60500 2031 1002 1000
a contact +60500 +60600 2014 2031 1000
a contact +60500 +60600 2024 2036 1000
a contact +60500 +60600 2031 2014 1000
a contact +60500 +60600 2036 2024 1000
a contact +60600 +60700 1003 2016 1000
a contact +60600 +60700 2016 1003 1000
a contact +61400 +61500 1001 2027 1000
a contact +61400 +61500 2020 9003 1000
a contact +61400 +61500 2027 1001 1000
a contact +61400 +61500 9003 2020 1000
a contact +61800 +61900 2011 2034 1000
a contact +61800 +61900 2034 2011 1000
a contact +62100 +62200 2003 2033 1000
a contact +62100 +62200 2033 2003 1000
a contact +62500 +62600 2017 2019 1000
a contact +62500 +62600 2019 2017 1000
a contact +62900 +63000 2023 9003 1000
a contact +62900 +63000 9003 2023 1000
a contact +63100 +63200 2021 9001 1000
a contact +63100 +63200 9001 2021 1000
a contact +63700 +63800 2004 2022 1000
a contact +63700 +63800 2022 2004 1000
a contact +64000 +64100 2003 2015 1000
a contact +64000 +64100 2015 2003 1000
a contact +65000 +65100 1002 1003 1000
a contact +65000 +65100 1003 1002 1000
a contact +65200 +65300 1003 2020 1000
a contact +65200 +65300 2020 1003 1000
a contact +65300 +65400 2017 2025 1000
a contact +65300 +65400 2025 2017 1000
a contact +65400 +65500 1003 2035 1000
a contact +65400 +65500 2035 1003 1000
a contact +65500 +65600 1003 2032 1000
a contact +65500 +65600 2014 2026 1000
a contact +65500 +65600 2026 2014 1000
a contact +65500 +65600 2032 1003 1000
a contact +65600 +65700 2016 2024 1000
a contact +65600 +65700 2024 2016 1000
a contact +65700 +65800 2002 2033 1000
a contact +65700 +65800 2005 2036 1000
a contact +65700 +65800 2017 2024 1000
a contact +65700 +65800 2024 2017 1000
a contact +65700 +65800 2033 2002 1000
a contact +65700 +65800 2036 2005 1000
a contact +66000 +66100 1001 2026 1000
a contact +66000 +66100 2026 1001 1000
a contact +66200 +66300 2011 2018 1000
a contact +66200 +66300 2018 2011 1000
a contact +66200 +66300 2031 2032 1000
a contact +66200 +66300 2032 2031 1000
a contact +66500 +66600 2003 2013 1000
a contact +66500 +66600 2013 2003 1000
a contact +66700 +66900 2009 2010 1000
a contact +66700 +66900 2010 2009 1000
a contact +66900 +67000 1002 2014 1000
a contact +66900 +67000 1003 2027 1000
a contact +66900 +67000 2014 1002 1000
a contact +66900 +67000 2027 1003 1000
a contact +67100 +67200 2022 2032 1000
a contact +67100 +67200 2032 2022 1000
a contact +67900 +68000 2024 2032 1000
a contact +67900 +68000 2032 2024 1000
a contact +68100 +68200 2011 2013 1000
a contact +68100 +68200 2013 2011 1000
a contact +68400 +68500 2007 2026 1000
a contact +68400 +68500 2026 2007 1000
a contact +68500 +68600 2013 2034 1000
a contact +68500 +68600 2034 2013 1000
a contact +68700 +68800 2005 2024 1000
a contact +68700 +68800 2024 2005 1000
a contact +68900 +69000 2015 2031 1000
a contact +68900 +69000 2031 2015 1000
a contact +69100 +69200 2022 2023 1000
a contact +69100 +69200 2023 2022 1000
a contact +69400 +69500 2011 2023 1000
a contact +69400 +69500 2023 2011 1000
a contact +69500 +69600 1003 2036 1000
a contact +69500 +69600 2036 1003 1000
a contact +69600 +69700 1003 2012 1000
a contact +69600 +69700 2012 1003 1000
a contact +69800 +69900 2015 2016 1000
a contact +69800 +69900 2016 2015 1000
a contact +69900 +70000 2016 2017 1000
a contact +69900 +70000 2017 2016 1000
a contact +70100 +70200 1003 2029 1000
a contact +70100 +70200 2017 2018 1000
a contact +70100 +70200 2018 2017 1000
a contact +70100 +70200 2029 1003 1000
a contact +70100 +70200 2035 2036 1000
a contact +70100 +70200 2036 2035 1000
a contact +70300 +70400 2005 2012 1000
a contact +70300 +70400 2012 2005 1000
a contact +70600 +70700 2013 2024 1000
a contact +70600 +70700 2024 2013 1000
a contact +70700 +70800 2027 9003 1000
a contact +70700 +70800 9003 2027 1000
a contact +71000 +71100 2006 2026 1000
a contact +71000 +71100 2017 2033 1000
a contact +71000 +71100 2026 2006 1000
a contact +71000 +71100 2033 2017 1000
a contact +71100 +71200 2023 2033 1000
a contact +71100 +71200 2033 2023 1000
a contact +71200 +71300 2017 2035 1000
a contact +71200 +71300 2035 2017 1000
a contact +71300 +71400 2006 2014 1000
a contact +71300 +71400 2014 2006 1000
a contact +71300 +71400 2019 2035 1000
a contact +71300 +71400 2035 2019 1000
a contact +71400 +71500 2003 2010 1000
a contact +71400 +71500 2010 2003 1000
a contact +71400 +71500 2026 2035 1000
a contact +71400 +71500 2035 2026 1000
a contact +71500 +71600 2006 2021 1000
a contact +71500 +71600 2021 2006 1000
a contact +71600 +71700 2013 2032 1000
a contact +71600 +71700 2032 2013 1000
a contact +71700 +71800 2012 2019 1000
a contact +71700 +71800 2019 2012 1000
a contact +71900 +72000 1003 2027 1000
a contact +71900 +72000 2006 2025 1000
a contact +71900 +72000 2007 2023 1000
a contact +71900 +72000 2023 2007 1000
a contact +71900 +72000 2025 2006 1000
a contact +71900 +72000 2027 1003 1000
a contact +72100 +72200 2022 2031 1000
a contact +72100 +72200 2031 2022 1000
a contact +72500 +72600 1001 1003 1000
a contact +72500 +72600 1003 1001 1000
a contact +72700 +72800 2016 2026 1000
a contact +72700 +72800 2020 2022 1000
a contact +72700 +72800 2022 2020 1000
a contact +72700 +72800 2026 2016 1000
a contact +72800 +72900 2016 2027 1000
a contact +72800 +72900 2027 2016 1000
a contact +72900 +73000 2010 2011 1000
a contact +72900 +73000 2011 2010 1000
a contact +73300 +73400 2007 2035 1000
a contact +73300 +73400 2035 2007 1000
a contact +73900 +74000 1001 2013 1000
a contact +73900 +74000 2013 1001 1000
a contact +74100 +74200 2001 2029 1000
a contact +74100 +74200 2029 2001 1000
a contact +74400 +74500 2001 2020 1000
a contact +74400 +74500 2020 2001 1000
a contact +74600 +74700 1002 2015 1000
a contact +74600 +74700 1003 2018 1000
a contact +74600 +74700 2015 1002 1000
a contact +74600 +74700 2018 1003 1000
a contact +75200 +75300 2006 2018 1000
a contact +75200 +75300 2018 2006 1000
a contact +75300 +75400 2001 2022 1000
a contact +75300 +75400 2014 2031 1000
a contact +75300 +75400 2022 2001 1000
a contact +75300 +75400 2031 2014 1000
a contact +75500 +75600 1002 2027 1000
a contact +75500 +75600 2027 1002 1000
a contact +75600 +75700 2002 2019 1000
a contact +75600 +75700 2019 2002 1000
a contact +75800 +75900 2007 2024 1000
a contact +75800 +75900 2024 2007 1000
a contact +76100 +76200 1003 2030 1000
a contact +76100 +76200 2009 2019 1000
a contact +76100 +76200 2019 2009 1000
a contact +76100 +76200 2030 1003 1000
a contact +76300 +76400 1002 2034 1000
a contact +76300 +76400 2034 1002 1000
a contact +76400 +76500 2003 2005 1000
a contact +76400 +76500 2005 2003 1000
a contact +76600 +76700 1001 2032 1000
a contact +76600 +76700 2015 2022 1000
a contact +76600 +76700 2022 2015 1000
a contact +76600 +76700 2032 1001 1000
a contact +76800 +76900 1003 2031 1000
a contact +76800 +76900 2016 2023 1000
a contact +76800 +76900 2023 2016 1000
a contact +76800 +76900 2031 1003 1000
a contact +77300 +77400 2001 2007 1000
a contact +77300 +77400 2007 2001 1000
a contact +77300 +77400 2015 2021 1000
a contact +77300 +77400 2021 2015 1000
a contact +77600 +77700 2029 2030 1000
a contact +77600 +77700 2030 2029 1000
a contact +77700 +77800 2009 2035 1000
a contact +77700 +77800 2035 2009 1000
a contact +77800 +77900 1003 2029 1000
a contact +77800 +77900 2029 1003 1000
a contact +78000 +78100 1003 2028 1000
a contact +78000 +78100 2028 1003 1000
a contact +78300 +78400 2026 2033 1000
a contact +78300 +78400 2033 2026 1000
a contact +78400 +78500 2004 2022 1000
a contact +78400 +78500 2022 2004 1000
a contact +78500 +78600 2014 2034 1000
a contact +78500 +78600 2034 2014 1000
a contact +78600 +78700 2005 2014 1000
a contact +78600 +78700 2014 2005 1000
a contact +78900 +79000 2012 9001 1000
a contact +78900 +79000 9001 2012 1000
a contact +79100 +79200 2001 2017 1000
a contact +79100 +79200 2017 2001 1000
a contact +79300 +79400 2006 2015 1000
a contact +79300 +79400 2007 2027 1000
a contact +79300 +79400 2015 2006 1000
a contact +79300 +79400 2027 2007 1000
a contact +79400 +79500 1002 2025 1000
a contact +79400 +79500 2025 1002 1000
a contact +79800 +79900 2021 2022 1000
a contact +79800 +79900 2022 2021 1000
a contact +80000 +80100 2004 2029 1000
a contact +80000 +80100 2029 2004 1000
a contact +80100 +80200 2019 2020 1000
a contact +80100 +80200 2020 2019 1000
a contact +80500 +80600 2007 2034 1000
a contact +80500 +80600 2034 2007 1000
a contact +80800 +80900 1003 9003 1000
a contact +80800 +80900 9003 1003 1000
a contact +80900 +81000 1002 2014 1000
a contact +80900 +81000 2014 1002 1000
a contact +81000 +81100 2004 9001 1000
a contact +81000 +81100 9001 2004 1000
a contact +81100 +81200 2002 2009 1000
a contact +81100 +81200 2009 2002 1000
a contact +81100 +81200 2018 9002 1000
a contact +81100 +81200 2022 2034 1000
a contact +81100 +81200 2034 2022 1000
a contact +81100 +81200 9002 2018 1000
a contact +81200 +81300 2018 9001 1000
a contact +81200 +81300 9001 2018 1000
a contact +81400 +81500 2023 2033 1000
a contact +81400 +81500 2026 2036 1000
a contact +81400 +81500 2033 2023 1000
a contact +81400 +81500 2036 2026 1000
a contact +81500 +81600 1003 2021 1000
a contact +81500 +81600 2003 2009 1000
a contact +81500 +81600 2009 2003 1000
a contact +81500 +81600 2021 1003 1000
a contact +81600 +81700 1003 2027 1000
a contact +81600 +81700 2019 2034 1000
a contact +81600 +81700 2027 1003 1000
a contact +81600 +81700 2034 2019 1000
a contact +82000 +82100 1001 2022 1000
a contact +82000 +82100 2022 1001 1000
a contact +82100 +82200 2007 2019 1000
a contact +82100 +82200 2019 2007 1000
a contact +82400 +82500 2009 2016 1000
a contact +82400 +82500 2016 2009 1000
a contact +82800 +82900 2007 2016 1000
a contact +82800 +82900 2016 2007 1000
a contact +83000 +83100 1001 2005 1000
a contact +83000 +83100 2005 1001 1000
a contact +83400 +83500 1003 2027 1000
a contact +83400 +83500 2011 9002 1000
a contact +83400 +83500 2027 1003 1000
a contact +83400 +83500 9002 2011 1000
a contact +83700 +83800 1001 2008 1000
a contact +83700 +83800 2007 2013 1000
a contact +83700 +83800 2008 1001 1000
a contact +83700 +83800 2013 2007 1000
a contact +84100 +84200 2014 2015 1000
a contact +84100 +84200 2015 2014 1000
a contact +84300 +84400 2014 2026 1000
a contact +84300 +84400 2015 2021 1000
a contact +84300 +84400 2021 2015 1000
a contact +84300 +84400 2026 2014 1000
a contact +84700 +84800 2021 2023 1000
a contact +84700 +84800 2023 2021 1000
a contact +84700 +84800 2024 2026 1000
a contact +84700 +84800 2026 2024 1000
a contact +84900 +85000 1002 2013 1000
a contact +84900 +85000 1003 2016 1000
a contact +84900 +85000 2013 1002 1000
a contact +84900 +85000 2016 1003 1000
a contact +85200 +85300 2023 2034 1000
a contact +85200 +85300 2034 2023 1000
a contact +85300 +85400 2004 2022 1000
a contact +85300 +85400 2022 2004 1000
a contact +85500 +85600 1002 9003 1000
a contact +85500 +85600 2019 9002 1000
a contact +85500 +85600 9002 2019 1000
a contact +85500 +85600 9003 1002 1000
a contact +85700 +85800 1002 2024 1000
a contact +85700 +85800 2010 2018 1000
a contact +85700 +85800 2018 2010 1000
a contact +85700 +85800 2024 1002 1000
a contact +85900 +86000 2009 2022 1000
a contact +85900 +86000 2022 2009 1000
a contact +86200 +86300 2002 2023 1000
a contact +86200 +86300 2008 2016 1000
a contact +86200 +86300 2016 2008 1000
a contact +86200 +86300 2023 2002 1000
a contact +86300 +86400 2005 2022 1000
a contact +86300 +86400 2022 2005 1000
a contact +86300 +86400 2027 2034 1000
a contact +86300 +86400 2034 2027 1000

a range +100 +200 2002 9002 1103.3691
a range +100 +200 9002 2002 1103.3691
a range +200 +300 2015 2026 0.0295
a range +200 +300 2026 2015 0.0295
a range +300 +400 2015 2025 0.0193
a range +300 +400 2025 2015 0.0193
a range +800 +900 2011 2028 0.0317
a range +800 +900 2028 2011 0.0317
a range +900 +1000 2012 2027 0.043
a range +900 +1000 2027 2012 0.043
a range +1000 +1100 2014 2029 0.0432
a range +1000 +1100 2029 2014 0.0432
a range +1500 +1600 2017 2034 0.0118
a range +1500 +1600 2034 2017 0.0118
a range +1600 +1700 1001 1003 0.1025
a range +1600 +1700 1003 1001 0.1025
a range +1600 +1700 2029 9002 1103.3698
a range +1600 +1700 9002 2029 1103.3698
a range +2000 +2100 2002 2008 0.0421
a range +2000 +2100 2008 2002 0.0421
a range +2100 +2200 2006 2018 0.043
a range +2100 +2200 2018 2006 0.043
a range +2400 +2500 2007 2032 0.0432
a range +2400 +2500 2012 2018 0.0421
a range +2400 +2500 2018 2012 0.0421
a range +2400 +2500 2032 2007 0.0432
a range +2700 +2800 2005 2020 0.0432
a range +2700 +2800 2020 2005 0.0432
a range +2800 +3000 2028 2030 0.0312
a range +2800 +3000 2030 2028 0.0312
a range +3100 +3200 2034 2036 0.0312
a range +3100 +3200 2036 2034 0.0312
a range +3200 +3300 1002 2016 1101.9486
a range +3200 +3300 2016 1002 1101.9486
a range +3300 +3400 1002 2020 1102.4049
a range +3300 +3400 2006 2015 0.0159
a range +3300 +3400 2015 2006 0.0159
a range +3300 +3400 2020 1002 1102.4049
a range +3500 +3600 1003 2020 1102.063
a range +3500 +3600 2020 1003 1102.063
a range +3600 +3700 2004 2013 0.0122
a range +3600 +3700 2013 2004 0.0122
a range +3600 +3700 2027 2033 0.043
a range +3600 +3700 2033 2027 0.043
a range +3800 +3900 2013 2025 0.043
a range +3800 +3900 2025 2013 0.043
a range +3800 +3900 2033 2035 0.0312
a range +3800 +3900 2035 2033 0.0312
a range +3900 +4000 2019 2025 0.0421
a range +3900 +4000 2025 2019 0.0421
a range +4000 +4100 1003 2015 1102.1025
a range +4000 +4100 2015 1003 1102.1025
a range +4500 +4600 2014 2034 0.0368
a range +4500 +4600 2034 2014 0.0368
a range +4700 +4800 2003 9001 1102.3443
a range +4700 +4800 9001 2003 1102.3443
a range +5100 +5200 1003 2007 1102.0945
a range +5100 +5200 2007 1003 1102.0945
a range +5200 +5300 1003 2008 1102.0916
a range +5200 +5300 2008 1003 1102.0916
a range +5200 +5300 2009 2026 0.0254
a range +5200 +5300 2026 2009 0.0254
a range +5300 +5400 2014 2030 0.0315
a range +5300 +5400 2030 2014 0.0315
a range +5600 +5700 1002 2012 1102.3795
a range +5600 +5700 2012 1002 1102.3795
a range +5800 +5900 1001 2007 1102.6962
a range +5800 +5900 2007 1001 1102.6962
a range +6000 +6100 2016 2018 0.0312
a range +6000 +6100 2018 2016 0.0312
a range +6400 +6600 2022 2033 0.0342
a range +6400 +6600 2033 2022 0.0342
a range +6600 +6700 2006 2021 0.0431
a range +6600 +6700 2021 2006 0.0431
a range +6700 +6800 1003 2014 1102.0895
a range +6700 +6800 2014 1003 1102.0895
a range +6900 +7000 1002 2018 1102.3763
a range +6900 +7000 2018 1002 1102.3763
a range +7100 +7200 1001 2020 1102.4078
a range +7100 +7200 1002 2023 1102.1883
a range +7100 +7200 2020 1001 1102.4078
a range +7100 +7200 2023 1002 1102.1883
a range +7700 +7800 2014 2026 0.043
a range +7700 +7800 2020 2021 0.0166
a range +7700 +7800 2021 2020 0.0166
a range +7700 +7800 2026 2014 0.043
a range +7900 +8000 2008 2035 0.0433
a range +7900 +8000 2035 2008 0.0433
a range +8200 +8300 2007 9001 1102.3245
a range +8200 +8300 2016 2017 0.0166
a range +8200 +8300 2017 2016 0.0166
a range +8200 +8300 9001 2007 1102.3245
a range +8300 +8400 2025 9001 1102.3144
a range +8300 +8400 9001 2025 1102.3144
a range +8400 +8500 2001 2010 0.0182
a range +8400 +8500 2010 2001 0.0182
a range +8500 +8600 2022 2024 0.0312
a range +8500 +8600 2024 2022 0.0312
a range +8600 +8800 2023 2025 0.0312
a range +8600 +8800 2025 2023 0.0312
a range +9200 +9300 1002 2002 1102.3969
a range +9200 +9300 2002 1002 1102.3969
a range +9200 +9300 2011 2017 0.0421
a range +9200 +9300 2017 2011 0.0421
a range +9200 +9300 2025 2034 0.0061
a range +9200 +9300 2034 2025 0.0061
a range +9300 +9400 1003 9003 0.0591
a range +9300 +9400 9003 1003 0.0591
a range +9600 +9700 2015 2021 0.043
a range +9600 +9700 2021 2015 0.043
a range +9900 +10000 2018 2032 0.0433
a range +9900 +10000 2032 2018 0.0433
a range +10300 +10400 2002 2022 0.0221
a range +10300 +10400 2008 2023 0.0433
a range +10300 +10400 2022 2002 0.0221
a range +10300 +10400 2023 2008 0.0433
a range +10300 +10400 2027 2035 0.0196
a range +10300 +10400 2035 2027 0.0196
a range +10500 +10600 1002 2015 1102.3799
a range +10500 +10600 2005 2026 0.0433
a range +10500 +10600 2015 1002 1102.3799
a range +10500 +10600 2026 2005 0.0433
a range +10900 +11000 2007 2013 0.043
a range +10900 +11000 2013 2007 0.043
a range +11000 +11100 1001 2018 1102.6011
a range +11000 +11100 2018 1001 1102.6011
a range +11100 +11200 2033 2035 0.0312
a range +11100 +11200 2035 2033 0.0312
a range +11300 +11400 1003 9001 0.0595
a range +11300 +11400 2019 2021 0.0312
a range +11300 +11400 2021 2019 0.0312
a range +11300 +11400 9001 1003 0.0595
a range +11400 +11500 1003 2031 1103.0029
a range +11400 +11500 2031 1003 1103.0029
a range +11500 +11600 1001 9001 0.0592
a range +11500 +11600 9001 1001 0.0592
a range +11700 +11800 2010 2028 0.0337
a range +11700 +11800 2028 2010 0.0337
a range +11800 +11900 2011 2029 0.0217
a range +11800 +11900 2029 2011 0.0217
a range +12300 +12400 2021 2029 0.0165
a range +12300 +12400 2029 2021 0.0165
a range +12400 +12500 2021 9002 1102.3314
a range +12400 +12500 9002 2021 1102.3314
a range +12600 +12700 1002 2005 1102.3923
a range +12600 +12700 2005 1002 1102.3923
a range +12800 +12900 2019 2036 0.0239
a range +12800 +12900 2020 2027 0.0312
a range +12800 +12900 2027 2020 0.0312
a range +12800 +12900 2036 2019 0.0239
a range +13000 +13100 2009 2028 0.0434
a range +13000 +13100 2028 2009 0.0434
a range +13300 +13400 1003 2005 1103.0059
a range +13300 +13400 2005 1003 1103.0059
a range +13500 +13600 1002 2012 1102.3795
a range +13500 +13600 2012 1002 1102.3795
a range +13600 +13700 2030 9001 1102.3417
a range +13600 +13700 9001 2030 1102.3417
a range +13700 +13800 2009 2019 0.0359
a range +13700 +13800 2019 2009 0.0359
a range +13800 +13900 2025 2032 0.033
a range +13800 +13900 2032 2025 0.033
a range +14000 +14100 2002 2017 0.043
a range +14000 +14100 2017 2002 0.043
a range +14100 +14200 2006 2018 0.043
a range +14100 +14200 2018 2006 0.043
a range +14400 +14500 1002 2027 1102.3769
a range +14400 +14500 2013 2020 0.0288
a range +14400 +14500 2020 2013 0.0288
a range +14400 +14500 2027 1002 1102.3769
a range +14500 +14600 2019 2021 0.0312
a range +14500 +14600 2021 2019 0.0312
a range +14600 +14700 1003 2024 1102.8488
a range +14600 +14700 2013 2015 0.0312
a range +14600 +14700 2015 2013 0.0312
a range +14600 +14700 2024 1003 1102.8488
a range +14600 +14700 2031 2033 0.0312
a range +14600 +14700 2033 2031 0.0312
a range +14700 +14800 1003 2025 1102.735
a range +14700 +14800 2025 1003 1102.735
a range +14800 +14900 2032 2033 0.0166
a range +14800 +14900 2033 2032 0.0166
a range +15000 +15100 1001 2033 1102.6895
a range +15000 +15100 2018 2024 0.043
a range +15000 +15100 2024 2018 0.043
a range +15000 +15100 2033 1001 1102.6895
a range +15100 +15200 1003 2033 1103.0004
a range +15100 +15200 2018 2020 0.0341
a range +15100 +15200 2020 2018 0.0341
a range +15100 +15200 2033 1003 1103.0004
a range +15400 +15500 2007 2015 0.0193
a range +15400 +15500 2015 2007 0.0193
a range +15500 +15600 2016 2026 0.0153
a range +15500 +15600 2026 2016 0.0153
a range +15700 +15800 1001 2035 1102.6981
a range +15700 +15800 2035 1001 1102.6981
a range +15900 +16000 2002 2033 0.0435
a range +15900 +16000 2033 2002 0.0435
a range +16500 +16600 2011 2018 0.0312
a range +16500 +16600 2018 2011 0.0312
a range +16800 +16900 2025 2032 0.033
a range +16800 +16900 2032 2025 0.033
a range +17400 +17500 2005 2022 0.0322
a range +17400 +17500 2022 2005 0.0322
a range +17700 +17800 2003 2024 0.0433
a range +17700 +17800 2024 2003 0.0433
a range +17900 +18000 2034 2035 0.0166
a range +17900 +18000 2035 2034 0.0166
a range +18000 +18100 2015 2022 0.0342
a range +18000 +18100 2018 2025 0.0296
a range +18000 +18100 2022 2015 0.0342
a range +18000 +18100 2025 2018 0.0296
a range +18300 +18400 2029 2035 0.0421
a range +18300 +18400 2035 2029 0.0421
a range +18900 +19000 2002 2017 0.043
a range +18900 +19000 2017 2002 0.043
a range +18900 +19000 2021 2027 0.0421
a range +18900 +19000 2027 2021 0.0421
a range +19000 +19100 2012 2029 0.0163
a range +19000 +19100 2029 2012 0.0163
a range +19100 +19200 1002 2005 1103.2863
a range +19100 +19200 2005 1002 1103.2863
a range +19100 +19200 2024 2036 0.043
a range +19100 +19200 2036 2024 0.043
a range +19300 +19400 2003 2020 0.0163
a range +19300 +19400 2020 2003 0.0163
a range +19400 +19500 1001 2006 1102.6892
a range +19400 +19500 2006 1001 1102.6892
a range +19400 +19500 2023 2033 0.0238
a range +19400 +19500 2033 2023 0.0238
a range +19500 +19600 2009 2015 0.043
a range +19500 +19600 2015 2009 0.043
a range +19600 +19700 2011 2030 0.0163
a range +19600 +19700 2026 2035 0.0066
a range +19600 +19700 2030 2011 0.0163
a range +19600 +19700 2035 2026 0.0066
a range +19900 +20000 2008 2026 0.0122
a range +19900 +20000 2026 2008 0.0122
a range +20200 +20300 1001 9003 0.0591
a range +20200 +20300 2008 2025 0.0118
a range +20200 +20300 2025 2008 0.0118
a range +20200 +20300 2026 2032 0.043
a range +20200 +20300 2032 2026 0.043
a range +20200 +20300 9003 1001 0.0591
a range +20300 +20400 2015 2036 0.0432
a range +20300 +20400 2017 2019 0.0331
a range +20300 +20400 2019 2017 0.0331
a range +20300 +20400 2036 2015 0.0432
a range +20700 +20800 1002 2018 1102.5935
a range +20700 +20800 2016 2035 0.0118
a range +20700 +20800 2018 1002 1102.5935
a range +20700 +20800 2035 2016 0.0118
a range +20800 +20900 2002 2024 0.0433
a range +20800 +20900 2024 2002 0.0433
a range +20900 +21000 1003 2023 1102.9569
a range +20900 +21000 2001 2024 0.0431
a range +20900 +21000 2023 1003 1102.9569
a range +20900 +21000 2024 2001 0.0431
a range +21100 +21200 1002 2025 1102.7065
a range +21100 +21200 2005 2014 0.0183
a range +21100 +21200 2014 2005 0.0183
a range +21100 +21200 2025 1002 1102.7065
a range +21200 +21300 1003 2026 1102.6256
a range +21200 +21300 2002 2013 0.0288
a range +21200 +21300 2013 2002 0.0288
a range +21200 +21300 2026 1003 1102.6256
a range +21400 +21500 1002 2023 1102.8559
a range +21400 +21500 2023 1002 1102.8559
a range +21600 +21700 2033 2034 0.0166
a range +21600 +21700 2034 2033 0.0166
a range +21800 +21900 1002 2019 1103.2862
a range +21800 +21900 2015 2025 0.0193
a range +21800 +21900 2019 1002 1103.2862
a range +21800 +21900 2025 2015 0.0193
a range +21900 +22000 2009 2035 0.0434
a range +21900 +22000 2035 2009 0.0434
a range +22100 +22200 2008 9002 1103.3822
a range +22100 +22200 2010 2021 0.0311
a range +22100 +22200 2021 2010 0.0311
a range +22100 +22200 9002 2008 1103.3822
a range +22200 +22300 1002 2014 1102.8344
a range +22200 +22300 2014 1002 1102.8344
a range +22400 +22500 2008 2029 0.0431
a range +22400 +22500 2029 2008 0.0431
a range +22600 +22700 2025 2026 0.0166
a range +22600 +22700 2026 2025 0.0166
a range +22900 +23000 2007 2032 0.0435
a range +22900 +23000 2032 2007 0.0435
a range +23100 +23200 2006 2017 0.0295
a range +23100 +23200 2017 2006 0.0295
a range +23200 +23300 1002 2003 1103.2977
a range +23200 +23300 2003 1002 1103.2977
a range +23500 +23600 2004 2019 0.043
a range +23500 +23600 2014 2034 0.0368
a range +23500 +23600 2019 2004 0.043
a range +23500 +23600 2034 2014 0.0368
a range +23600 +23700 2016 9002 1102.7159
a range +23600 +23700 9002 2016 1102.7159
a range +23700 +23800 2018 2036 0.03
a range +23700 +23800 2036 2018 0.03
a range +24200 +24300 2006 2035 0.0434
a range +24200 +24300 2035 2006 0.0434
a range +24300 +24400 2005 2022 0.0322
a range +24300 +24400 2008 2025 0.0118
a range +24300 +24400 2022 2005 0.0322
a range +24300 +24400 2025 2008 0.0118
a range +24500 +24600 2010 2018 0.0166
a range +24500 +24600 2018 2010 0.0166
a range +25200 +25300 2031 2032 0.0166
a range +25200 +25300 2032 2031 0.0166
a range +25200 +25300 2034 2035 0.0166
a range +25200 +25300 2035 2034 0.0166
a range +25400 +25500 2032 2033 0.0166
a range +25400 +25500 2033 2032 0.0166
a range +25700 +25800 1003 2036 1102.9877
a range +25700 +25800 2036 1003 1102.9877
a range +25900 +26000 2011 2028 0.0317
a range +25900 +26000 2028 2011 0.0317
a range +26000 +26100 2007 2028 0.0431
a range +26000 +26100 2028 2007 0.0431
a range +26500 +26600 2007 2023 0.0368
a range +26500 +26600 2023 2007 0.0368
a range +26900 +27000 2019 2029 0.0221
a range +26900 +27000 2029 2019 0.0221
a range +27300 +27400 2009 2018 0.0162
a range +27300 +27400 2018 2009 0.0162
a range +27500 +27600 1003 9003 0.0594
a range +27500 +27600 2009 2020 0.0403
a range +27500 +27600 2020 2009 0.0403
a range +27500 +27600 9003 1003 0.0594
a range +27900 +28000 2015 2033 0.0295
a range +27900 +28000 2033 2015 0.0295
a range +28000 +28100 1001 2021 1103.0251
a range +28000 +28100 1003 2034 1102.9952
a range +28000 +28100 2021 1001 1103.0251
a range +28000 +28100 2034 1003 1102.9952
a range +28100 +28200 2003 2010 0.0311
a range +28100 +28200 2010 2003 0.0311
a range +28300 +28400 1002 2030 1103.2974
a range +28300 +28400 2030 1002 1103.2974
a range +28400 +28600 2006 2036 0.0432
a range +28400 +28600 2036 2006 0.0432
a range +28600 +28700 2007 2009 0.0312
a range +28600 +28700 2009 2007 0.0312
a range +29300 +29400 2002 2029 0.0433
a range +29300 +29400 2029 2002 0.0433
a range +29700 +29800 2008 2017 0.0066
a range +29700 +29800 2009 2030 0.0435
a range +29700 +29800 2017 2008 0.0066
a range +29700 +29800 2030 2009 0.0435
a range +29900 +30000 2009 2020 0.0403
a range +29900 +30000 2020 2009 0.0403
a range +29900 +30000 2022 2034 0.043
a range +29900 +30000 2034 2022 0.043
a range +30100 +30200 1003 2021 1103.0048
a range +30100 +30200 2021 1003 1103.0048
a range +30300 +30400 2004 2026 0.0431
a range +30300 +30400 2026 2004 0.0431
a range +30400 +30500 2011 2017 0.0421
a range +30400 +30500 2017 2011 0.0421
a range +30500 +30600 2018 2034 0.0252
a range +30500 +30600 2034 2018 0.0252
a range +30600 +30700 2017 2032 0.0431
a range +30600 +30700 2032 2017 0.0431
a range +30800 +30900 2014 2033 0.0357
a range +30800 +30900 2033 2014 0.0357
a range +30900 +31000 1001 2024 1103.6141
a range +30900 +31000 2024 1001 1103.6141
a range +31300 +31400 2012 2014 0.0312
a range +31300 +31400 2014 2012 0.0312
a range +31400 +31500 1003 9001 0.0592
a range +31400 +31500 9001 1003 0.0592
a range +31500 +31600 2014 9003 1103.6052
a range +31500 +31600 9003 2014 1103.6052
a range +31900 +32000 2020 2027 0.0312
a range +31900 +32000 2027 2020 0.0312
a range +32000 +32100 2011 2013 0.0312
a range +32000 +32100 2013 2011 0.0312
a range +32100 +32200 2020 2026 0.0421
a range +32100 +32200 2026 2020 0.0421
a range +32500 +32600 2007 2035 0.0433
a range +32500 +32600 2035 2007 0.0433
a range +32700 +32800 2013 2025 0.043
a range +32700 +32800 2019 2026 0.0312
a range +32700 +32800 2025 2013 0.043
a range +32700 +32800 2026 2019 0.0312
a range +32800 +32900 2007 2009 0.0312
a range +32800 +32900 2009 2007 0.0312
a range +32900 +33000 2020 2032 0.043
a range +32900 +33000 2032 2020 0.043
a range +33300 +33400 2025 2036 0.0296
a range +33300 +33400 2028 9003 1104.7658
a range +33300 +33400 2036 2025 0.0296
a range +33300 +33400 9003 2028 1104.7658
a range +33400 +33500 1001 2033 1103.6094
a range +33400 +33500 2033 1001 1103.6094
a range +34000 +34100 2008 2027 0.0254
a range +34000 +34100 2027 2008 0.0254
a range +34400 +34500 2019 2034 0.043
a range +34400 +34500 2034 2019 0.043
a range +34700 +34800 2001 2013 0.043
a range +34700 +34800 2013 2001 0.043
a range +35400 +35500 2009 2034 0.0431
a range +35400 +35500 2034 2009 0.0431
a range +35500 +35600 2003 2030 0.0432
a range +35500 +35600 2005 2032 0.0431
a range +35500 +35600 2030 2003 0.0432
a range +35500 +35600 2032 2005 0.0431
a range +35600 +35700 2010 2033 0.0433
a range +35600 +35700 2033 2010 0.0433
a range +35700 +35800 2002 2028 0.0431
a range +35700 +35800 2007 2036 0.0431
a range +35700 +35800 2028 2002 0.0431
a range +35700 +35800 2036 2007 0.0431
a range +36200 +36300 1002 2008 1103.2987
a range +36200 +36300 2008 1002 1103.2987
a range +36400 +36500 2026 2027 0.0166
a range +36400 +36500 2027 2026 0.0166
a range +36400 +36500 2031 2033 0.0312
a range +36400 +36500 2033 2031 0.0312
a range +36500 +36600 2018 2024 0.043
a range +36500 +36600 2024 2018 0.043
a range +36500 +36600 2035 2036 0.0166
a range +36500 +36600 2036 2035 0.0166
a range +36900 +37000 2007 2027 0.0252
a range +36900 +37000 2027 2007 0.0252
a range +37000 +37100 2011 2036 0.0403
a range +37000 +37100 2024 2032 0.0238
a range +37000 +37100 2032 2024 0.0238
a range +37000 +37100 2036 2011 0.0403
a range +37300 +37400 2002 2023 0.0431
a range +37300 +37400 2019 9003 1103.2285
a range +37300 +37400 2023 2002 0.0431
a range +37300 +37400 9003 2019 1103.2285
a range +37700 +37800 2004 2016 0.043
a range +37700 +37800 2016 2004 0.043
a range +37900 +38000 2005 2027 0.0434
a range +37900 +38000 2027 2005 0.0434
a range +38000 +38100 1001 2033 1103.6094
a range +38000 +38100 2028 9002 1103.3753
a range +38000 +38100 2033 1001 1103.6094
a range +38000 +38100 9002 2028 1103.3753
a range +38300 +38400 2024 2031 0.0342
a range +38300 +38400 2031 2024 0.0342
a range +39000 +39100 2019 2028 0.0182
a range +39000 +39100 2028 2019 0.0182
a range +39100 +39200 2003 2015 0.043
a range +39100 +39200 2015 2003 0.043
a range +39300 +39400 1002 1003 0.1025
a range +39300 +39400 1003 1002 0.1025
a range +39300 +39400 2001 2003 0.0312
a range +39300 +39400 2003 2001 0.0312
a range +39400 +39500 2018 2020 0.0341
a range +39400 +39500 2020 2018 0.0341
a range +39500 +39600 2022 2023 0.0166
a range +39500 +39600 2023 2022 0.0166
a range +39600 +39700 2006 2033 0.043
a range +39600 +39700 2014 2020 0.043
a range +39600 +39700 2020 2014 0.043
a range +39600 +39700 2033 2006 0.043
a range +39700 +39800 2017 2026 0.0066
a range +39700 +39800 2026 2017 0.0066
a range +39800 +39900 2003 2028 0.0434
a range +39800 +39900 2014 2021 0.0313
a range +39800 +39900 2021 2014 0.0313
a range +39800 +39900 2028 2003 0.0434
a range +39900 +40000 2006 9003 1104.7527
a range +39900 +40000 2032 2034 0.0312
a range +39900 +40000 2034 2032 0.0312
a range +39900 +40000 9003 2006 1104.7527
a range +40200 +40300 1002 1003 0.1025
a range +40200 +40300 1003 1002 0.1025
a range +40500 +40600 2019 2020 0.0166
a range +40500 +40600 2020 2019 0.0166
a range +40700 +40800 2010 2028 0.0337
a range +40700 +40800 2026 2033 0.0295
a range +40700 +40800 2028 2010 0.0337
a range +40700 +40800 2033 2026 0.0295
a range +41000 +41100 2022 2034 0.043
a range +41000 +41100 2034 2022 0.043
a range +41300 +41400 2008 2026 0.0122
a range +41300 +41400 2026 2008 0.0122
a range +41400 +41500 2025 2036 0.0296
a range +41400 +41500 2036 2025 0.0296
a range +41600 +41700 2016 2032 0.0368
a range +41600 +41700 2032 2016 0.0368
a range +41900 +42000 2014 9003 1103.6052
a range +41900 +42000 9003 2014 1103.6052
a range +42300 +42400 1001 2032 1103.6069
a range +42300 +42400 2032 1001 1103.6069
a range +42800 +42900 2005 2032 0.043
a range +42800 +42900 2007 2031 0.0431
a range +42800 +42900 2021 2023 0.0312
a range +42800 +42900 2023 2021 0.0312
a range +42800 +42900 2031 2007 0.0431
a range +42800 +42900 2032 2005 0.043
a range +43100 +43200 2006 2032 0.0432
a range +43100 +43200 2032 2006 0.0432
a range +43300 +43400 2018 2025 0.0296
a range +43300 +43400 2025 2018 0.0296
a range +43500 +43600 2008 2033 0.0431
a range +43500 +43600 2033 2008 0.0431
a range +43900 +44000 2031 2032 0.0166
a range +43900 +44000 2032 2031 0.0166
a range +44100 +44200 2010 9003 1103.9278
a range +44100 +44200 9003 2010 1103.9278
a range +44200 +44300 2033 2034 0.0166
a range +44200 +44300 2034 2033 0.0166
a range +44300 +44400 1001 2013 1103.5979
a range +44300 +44400 2013 1001 1103.5979
a range +44600 +44700 2013 9003 1103.6853
a range +44600 +44700 9003 2013 1103.6853
a range +44700 +44900 1003 2013 1103.7063
a range +44700 +44900 2013 1003 1103.7063
a range +44900 +45000 2015 2031 0.0405
a range +44900 +45000 2031 2015 0.0405
a range +45000 +45100 2003 2023 0.0315
a range +45000 +45100 2023 2003 0.0315
a range +45300 +45400 2002 2025 0.0432
a range +45300 +45400 2025 2002 0.0432
a range +45400 +45500 1003 2020 1103.9228
a range +45400 +45500 2020 1003 1103.9228
a range +45700 +45800 2007 2014 0.033
a range +45700 +45800 2014 2007 0.033
a range +45900 +46000 2015 2032 0.0357
a range +45900 +46000 2032 2015 0.0357
a range +46100 +46200 1003 2016 1103.8789
a range +46100 +46200 2016 1003 1103.8789
a range +46200 +46400 2002 2013 0.0288
a range +46200 +46400 2013 2002 0.0288
a range +46400 +46500 2021 2030 0.0003
a range +46400 +46500 2030 2021 0.0003
a range +46700 +46800 1002 2035 1104.21
a range +46700 +46800 2007 2008 0.0166
a range +46700 +46800 2008 2007 0.0166
a range +46700 +46800 2035 1002 1104.21
a range +47100 +47200 2024 2025 0.0166
a range +47100 +47200 2025 2024 0.0166
a range +47200 +47300 2016 2025 0.0061
a range +47200 +47300 2025 2016 0.0061
a range +47400 +47500 2019 2027 0.0166
a range +47400 +47500 2027 2019 0.0166
a range +47900 +48000 2004 2030 0.0433
a range +47900 +48000 2030 2004 0.0433
a range +48100 +48200 2018 2031 0.043
a range +48100 +48200 2031 2018 0.043
a range +48200 +48300 2018 2026 0.0196
a range +48200 +48300 2026 2018 0.0196
a range +48300 +48500 2019 2026 0.0312
a range +48300 +48500 2026 2019 0.0312
a range +48500 +48600 2011 2028 0.0317
a range +48500 +48600 2015 2032 0.0357
a range +48500 +48600 2028 2011 0.0317
a range +48500 +48600 2032 2015 0.0357
a range +48700 +48800 2004 2016 0.043
a range +48700 +48800 2016 2004 0.043
a range +48800 +48900 2008 2015 0.0295
a range +48800 +48900 2015 2008 0.0295
a range +48900 +49000 1003 2015 1103.8834
a range +48900 +49000 2015 1003 1103.8834
a range +49100 +49200 2003 2014 0.0313
a range +49100 +49200 2014 2003 0.0313
a range +49100 +49200 2023 2034 0.033
a range +49100 +49200 2034 2023 0.033
a range +49200 +49300 2010 2028 0.0337
a range +49200 +49300 2028 2010 0.0337
a range +49300 +49400 2015 9003 1104.2525
a range +49300 +49400 2021 2031 0.0167
a range +49300 +49400 2031 2021 0.0167
a range +49300 +49400 9003 2015 1104.2525
a range +49600 +49700 1003 2019 1103.9138
a range +49600 +49700 2019 1003 1103.9138
a range +49800 +49900 1003 2023 1103.8967
a range +49800 +49900 2023 1003 1103.8967
a range +49900 +50000 1001 2028 1104.5028
a range +49900 +50000 1003 2020 1103.9228
a range +49900 +50000 2020 1003 1103.9228
a range +49900 +50000 2028 1001 1104.5028
a range +50400 +50500 2005 2035 0.0435
a range +50400 +50500 2006 2031 0.043
a range +50400 +50500 2007 9003 1104.7596
a range +50400 +50500 2009 2034 0.0435
a range +50400 +50500 2031 2006 0.043
a range +50400 +50500 2034 2009 0.0435
a range +50400 +50500 2035 2005 0.0435
a range +50400 +50500 9003 2007 1104.7596
a range +50500 +50700 2013 2025 0.043
a range +50500 +50700 2025 2013 0.043
a range +50700 +50800 1001 2023 1104.3918
a range +50700 +50800 2015 2021 0.043
a range +50700 +50800 2021 2015 0.043
a range +50700 +50800 2023 1001 1104.3918
a range +50800 +50900 1003 9001 0.0595
a range +50800 +50900 2008 2031 0.0434
a range +50800 +50900 2009 9003 1104.7693
a range +50800 +50900 2031 2008 0.0434
a range +50800 +50900 9001 1003 0.0595
a range +50800 +50900 9003 2009 1104.7693
a range +50900 +51000 2020 2027 0.0312
a range +50900 +51000 2027 2020 0.0312
a range +51000 +51100 2004 2033 0.043
a range +51000 +51100 2010 2012 0.0312
a range +51000 +51100 2012 2010 0.0312
a range +51000 +51100 2033 2004 0.043
a range +51500 +51600 2021 2027 0.0421
a range +51500 +51600 2027 2021 0.0421
a range +51700 +51800 2011 2029 0.0217
a range +51700 +51800 2029 2011 0.0217
a range +51800 +51900 2027 2028 0.0239
a range +51800 +51900 2028 2027 0.0239
a range +51900 +52000 2026 2033 0.0295
a range +51900 +52000 2033 2026 0.0295
a range +52100 +52200 1003 2008 1103.8941
a range +52100 +52200 2008 1003 1103.8941
a range +52100 +52200 2012 2029 0.0163
a range +52100 +52200 2022 9001 1104.43
a range +52100 +52200 2029 2012 0.0163
a range +52100 +52200 9001 2022 1104.43
a range +52200 +52300 1002 2005 1104.1988
a range +52200 +52300 2005 1002 1104.1988
a range +52300 +52400 2014 9001 1104.3317
a range +52300 +52400 2027 2033 0.043
a range +52300 +52400 2033 2027 0.043
a range +52300 +52400 9001 2014 1104.3317
a range +52500 +52600 2011 9003 1103.8466
a range +52500 +52600 2025 2031 0.043
a range +52500 +52600 2031 2025 0.043
a range +52500 +52600 9003 2011 1103.8466
a range +52900 +53000 2001 2019 0.0337
a range +52900 +53000 2019 2001 0.0337
a range +53000 +53100 1001 2035 1104.4988
a range +53000 +53100 2035 1001 1104.4988
a range +53100 +53200 2008 2014 0.043
a range +53100 +53200 2014 2008 0.043
a range +53500 +53600 2012 2014 0.0312
a range +53500 +53600 2014 2012 0.0312
a range +54200 +54300 2018 2027 0.0162
a range +54200 +54300 2027 2018 0.0162
a range +54500 +54600 1003 2015 1103.8834
a range +54500 +54600 2015 1003 1103.8834
a range +54600 +54700 2007 2032 0.043
a range +54600 +54700 2032 2007 0.043
a range +55000 +55100 2017 2025 0.0153
a range +55000 +55100 2025 2017 0.0153
a range +55100 +55200 2019 2027 0.0166
a range +55100 +55200 2027 2019 0.0166
a range +55300 +55400 1003 9002 0.0594
a range +55300 +55400 9002 1003 0.0594
a range +55900 +56000 2024 2036 0.043
a range +55900 +56000 2036 2024 0.043
a range +56100 +56200 2011 2036 0.0403
a range +56100 +56200 2036 2011 0.0403
a range +56200 +56300 2022 2032 0.0223
a range +56200 +56300 2032 2022 0.0223
a range +56400 +56500 2008 2019 0.0372
a range +56400 +56500 2019 2008 0.0372
a range +56400 +56500 2026 2035 0.0066
a range +56400 +56500 2035 2026 0.0066
a range +56600 +56700 2016 2034 0.0112
a range +56600 +56700 2034 2016 0.0112
a range +57200 +57300 2025 2027 0.0312
a range +57200 +57300 2027 2025 0.0312
a range +57300 +57400 2003 2015 0.043
a range +57300 +57400 2015 2003 0.043
a range +57600 +57700 2018 2031 0.0434
a range +57600 +57700 2031 2018 0.0434
a range +57900 +58000 2002 2008 0.0421
a range +57900 +58000 2008 2002 0.0421
a range +57900 +58000 2016 2026 0.0153
a range +57900 +58000 2026 2016 0.0153
a range +58100 +58200 2002 2031 0.0431
a range +58100 +58200 2005 2034 0.0434
a range +58100 +58200 2031 2002 0.0431
a range +58100 +58200 2034 2005 0.0434
a range +58200 +58300 2003 2031 0.0432
a range +58200 +58300 2006 2034 0.0434
a range +58200 +58300 2031 2003 0.0432
a range +58200 +58300 2034 2006 0.0434
a range +58500 +58600 1003 2008 1104.8135
a range +58500 +58600 2008 1003 1104.8135
a range +58800 +58900 2019 2027 0.0166
a range +58800 +58900 2027 2019 0.0166
a range +58800 +58900 2028 2029 0.0166
a range +58800 +58900 2029 2028 0.0166
a range +58800 +58900 2033 2034 0.0166
a range +58800 +58900 2034 2033 0.0166
a range +58900 +59000 2002 2029 0.0434
a range +58900 +59000 2029 2002 0.0434
a range +59000 +59100 2015 2022 0.0342
a range +59000 +59100 2022 2015 0.0342
a range +59100 +59200 1003 2011 1104.5838
a range +59100 +59200 2011 1003 1104.5838
a range +59300 +59400 2001 2031 0.043
a range +59300 +59400 2031 2001 0.043
a range +59600 +59700 2001 2016 0.043
a range +59600 +59700 2008 2018 0.0196
a range +59600 +59700 2016 2001 0.043
a range +59600 +59700 2018 2008 0.0196
a range +60000 +60100 2005 2016 0.033
a range +60000 +60100 2016 2005 0.033
a range +60200 +60300 2002 2018 0.0341
a range +60200 +60300 2018 2002 0.0341
a range +60200 +60300 2022 2031 0.0122
a range +60200 +60300 2031 2022 0.0122
a range +60300 +60400 1001 2005 1104.5143
a range +60300 +60400 2005 1001 1104.5143
a range +60400 +60500 1002 2031 1104.1951
a range +60400 +60500 2001 2020 0.0317
a range +60400 +60500 2005 2024 0.0357
a range +60400 +60500 2020 2001 0.0317
a range +60400 +60500 2024 2005 0.0357
a range +60400 +60500 2031 1002 1104.1951
a range +60500 +60600 2014 2031 0.0322
a range +60500 +60600 2024 2036 0.043
a range +60500 +60600 2031 2014 0.0322
a range +60500 +60600 2036 2024 0.043
a range +60600 +60700 1003 2016 1104.1706
a range +60600 +60700 2016 1003 1104.1706
a range +61400 +61500 1001 2027 1104.4864
a range +61400 +61500 2020 9003 1104.6055
a range +61400 +61500 2027 1001 1104.4864
a range +61400 +61500 9003 2020 1104.6055
a range +61800 +61900 2011 2034 0.0434
a range +61800 +61900 2034 2011 0.0434
a range +62100 +62200 2003 2033 0.0434
a range +62100 +62200 2033 2003 0.0434
a range +62500 +62600 2017 2019 0.0331
a range +62500 +62600 2019 2017 0.0331
a range +62900 +63000 2023 9003 1104.3553
a range +62900 +63000 9003 2023 1104.3553
a range +63100 +63200 2021 9001 1104.5098
a range +63100 +63200 9001 2021 1104.5098
a range +63700 +63800 2004 2022 0.0225
a range +63700 +63800 2022 2004 0.0225
a range +64000 +64100 2003 2015 0.043
a range +64000 +64100 2015 2003 0.043
a range +65000 +65100 1002 1003 0.1025
a range +65000 +65100 1003 1002 0.1025
a range +65200 +65300 1003 2020 1104.611
a range +65200 +65300 2020 1003 1104.611
a range +65300 +65400 2017 2025 0.0153
a range +65300 +65400 2025 2017 0.0153
a range +65400 +65500 1003 2035 1104.812
a range +65400 +65500 2035 1003 1104.812
a range +65500 +65600 1003 2032 1104.7986
a range +65500 +65600 2014 2026 0.043
a range +65500 +65600 2026 2014 0.043
a range +65500 +65600 2032 1003 1104.7986
a range +65600 +65700 2016 2024 0.0193
a range +65600 +65700 2024 2016 0.0193
a range +65700 +65800 2002 2033 0.0433
a range +65700 +65800 2005 2036 0.043
a range +65700 +65800 2017 2024 0.0295
a range +65700 +65800 2024 2017 0.0295
a range +65700 +65800 2033 2002 0.0433
a range +65700 +65800 2036 2005 0.043
a range +66000 +66100 1001 2026 1104.4856
a range +66000 +66100 2026 1001 1104.4856
a range +66200 +66300 2011 2018 0.0312
a range +66200 +66300 2018 2011 0.0312
a range +66200 +66300 2031 2032 0.0166
a range +66200 +66300 2032 2031 0.0166
a range +66500 +66600 2003 2013 0.0167
a range +66500 +66600 2013 2003 0.0167
a range +66700 +66900 2009 2010 0.0239
a range +66700 +66900 2010 2009 0.0239
a range +66900 +67000 1002 2014 1104.3838
a range +66900 +67000 1003 2027 1104.8238
a range +66900 +67000 2014 1002 1104.3838
a range +66900 +67000 2027 1003 1104.8238
a range +67100 +67200 2022 2032 0.0223
a range +67100 +67200 2032 2022 0.0223
a range +67900 +68000 2024 2032 0.0238
a range +67900 +68000 2032 2024 0.0238
a range +68100 +68200 2011 2013 0.0312
a range +68100 +68200 2013 2011 0.0312
a range +68400 +68500 2007 2026 0.0118
a range +68400 +68500 2026 2007 0.0118
a range +68500 +68600 2013 2034 0.0431
a range +68500 +68600 2034 2013 0.0431
a range +68700 +68800 2005 2024 0.0357
a range +68700 +68800 2024 2005 0.0357
a range +68900 +69000 2015 2031 0.0405
a range +68900 +69000 2031 2015 0.0405
a range +69100 +69200 2022 2023 0.0166
a range +69100 +69200 2023 2022 0.0166
a range +69400 +69500 2011 2023 0.043
a range +69400 +69500 2023 2011 0.043
a range +69500 +69600 1003 2036 1104.8147
a range +69500 +69600 2036 1003 1104.8147
a range +69600 +69700 1003 2012 1104.4722
a range +69600 +69700 2012 1003 1104.4722
a range +69800 +69900 2015 2016 0.0166
a range +69800 +69900 2016 2015 0.0166
a range +69900 +70000 2016 2017 0.0166
a range +69900 +70000 2017 2016 0.0166
a range +70100 +70200 1003 2029 1104.8093
a range +70100 +70200 2017 2018 0.0166
a range +70100 +70200 2018 2017 0.0166
a range +70100 +70200 2029 1003 1104.8093
a range +70100 +70200 2035 2036 0.0166
a range +70100 +70200 2036 2035 0.0166
a range +70300 +70400 2005 2012 0.0313
a range +70300 +70400 2012 2005 0.0313
a range +70600 +70700 2013 2024 0.0342
a range +70600 +70700 2024 2013 0.0342
a range +70700 +70800 2027 9003 1104.7726
a range +70700 +70800 9003 2027 1104.7726
a range +71000 +71100 2006 2026 0.0248
a range +71000 +71100 2017 2033 0.0248
a range +71000 +71100 2026 2006 0.0248
a range +71000 +71100 2033 2017 0.0248
a range +71100 +71200 2023 2033 0.0238
a range +71100 +71200 2033 2023 0.0238
a range +71200 +71300 2017 2035 0.0122
a range +71200 +71300 2035 2017 0.0122
a range +71300 +71400 2006 2014 0.0238
a range +71300 +71400 2014 2006 0.0238
a range +71300 +71400 2019 2035 0.0331
a range +71300 +71400 2035 2019 0.0331
a range +71400 +71500 2003 2010 0.0311
a range +71400 +71500 2010 2003 0.0311
a range +71400 +71500 2026 2035 0.0066
a range +71400 +71500 2035 2026 0.0066
a range +71500 +71600 2006 2021 0.0431
a range +71500 +71600 2021 2006 0.0431
a range +71600 +71700 2013 2032 0.0322
a range +71600 +71700 2032 2013 0.0322
a range +71700 +71800 2012 2019 0.0311
a range +71700 +71800 2019 2012 0.0311
a range +71900 +72000 1003 2027 1104.8238
a range +71900 +72000 2006 2025 0.0246
a range +71900 +72000 2007 2023 0.0368
a range +71900 +72000 2023 2007 0.0368
a range +71900 +72000 2025 2006 0.0246
a range +71900 +72000 2027 1003 1104.8238
a range +72100 +72200 2022 2031 0.0122
a range +72100 +72200 2031 2022 0.0122
a range +72500 +72600 1001 1003 0.1025
a range +72500 +72600 1003 1001 0.1025
a range +72700 +72800 2016 2026 0.0153
a range +72700 +72800 2020 2022 0.0312
a range +72700 +72800 2022 2020 0.0312
a range +72700 +72800 2026 2016 0.0153
a range +72800 +72900 2016 2027 0.0296
a range +72800 +72900 2027 2016 0.0296
a range +72900 +73000 2010 2011 0.0166
a range +72900 +73000 2011 2010 0.0166
a range +73300 +73400 2007 2035 0.0432
a range +73300 +73400 2035 2007 0.0432
a range +73900 +74000 1001 2013 1105.0446
a range +73900 +74000 2013 1001 1105.0446
a range +74100 +74200 2001 2029 0.0431
a range +74100 +74200 2029 2001 0.0431
a range +74400 +74500 2001 2020 0.0317
a range +74400 +74500 2020 2001 0.0317
a range +74600 +74700 1002 2015 1105.0274
a range +74600 +74700 1003 2018 1104.801
a range +74600 +74700 2015 1002 1105.0274
a range +74600 +74700 2018 1003 1104.801
a range +75200 +75300 2006 2018 0.043
a range +75200 +75300 2018 2006 0.043
a range +75300 +75400 2001 2022 0.0431
a range +75300 +75400 2014 2031 0.0322
a range +75300 +75400 2022 2001 0.0431
a range +75300 +75400 2031 2014 0.0322
a range +75500 +75600 1002 2027 1104.7223
a range +75500 +75600 2027 1002 1104.7223
a range +75600 +75700 2002 2019 0.0317
a range +75600 +75700 2019 2002 0.0317
a range +75800 +75900 2007 2024 0.0246
a range +75800 +75900 2024 2007 0.0246
a range +76100 +76200 1003 2030 1104.8037
a range +76100 +76200 2009 2019 0.0359
a range +76100 +76200 2019 2009 0.0359
a range +76100 +76200 2030 1003 1104.8037
a range +76300 +76400 1002 2034 1105.1147
a range +76300 +76400 2034 1002 1105.1147
a range +76400 +76500 2003 2005 0.0312
a range +76400 +76500 2005 2003 0.0312
a range +76600 +76700 1001 2032 1105.0378
a range +76600 +76700 2015 2022 0.0342
a range +76600 +76700 2022 2015 0.0342
a range +76600 +76700 2032 1001 1105.0378
a range +76800 +76900 1003 2031 1104.7995
a range +76800 +76900 2016 2023 0.033
a range +76800 +76900 2023 2016 0.033
a range +76800 +76900 2031 1003 1104.7995
a range +77300 +77400 2001 2007 0.0421
a range +77300 +77400 2007 2001 0.0421
a range +77300 +77400 2015 2021 0.043
a range +77300 +77400 2021 2015 0.043
a range +77600 +77700 2029 2030 0.0166
a range +77600 +77700 2030 2029 0.0166
a range +77700 +77800 2009 2035 0.0431
a range +77700 +77800 2035 2009 0.0431
a range +77800 +77900 1003 2029 1104.8093
a range +77800 +77900 2029 1003 1104.8093
a range +78000 +78100 1003 2028 1104.8136
a range +78000 +78100 2028 1003 1104.8136
a range +78300 +78400 2026 2033 0.0295
a range +78300 +78400 2033 2026 0.0295
a range +78400 +78500 2004 2022 0.0225
a range +78400 +78500 2022 2004 0.0225
a range +78500 +78600 2014 2034 0.0368
a range +78500 +78600 2034 2014 0.0368
a range +78600 +78700 2005 2014 0.0183
a range +78600 +78700 2014 2005 0.0183
a range +78900 +79000 2012 9001 1105.0578
a range +78900 +79000 9001 2012 1105.0578
a range +79100 +79200 2001 2017 0.0331
a range +79100 +79200 2017 2001 0.0331
a range +79300 +79400 2006 2015 0.0159
a range +79300 +79400 2007 2027 0.0252
a range +79300 +79400 2015 2006 0.0159
a range +79300 +79400 2027 2007 0.0252
a range +79400 +79500 1002 2025 1104.9375
a range +79400 +79500 2025 1002 1104.9375
a range +79800 +79900 2021 2022 0.0166
a range +79800 +79900 2022 2021 0.0166
a range +80000 +80100 2004 2029 0.0433
a range +80000 +80100 2029 2004 0.0433
a range +80100 +80200 2019 2020 0.0166
a range +80100 +80200 2020 2019 0.0166
a range +80500 +80600 2007 2034 0.0433
a range +80500 +80600 2034 2007 0.0433
a range +80800 +80900 1003 9003 0.0551
a range +80800 +80900 9003 1003 0.0551
a range +80900 +81000 1002 2014 1105.1281
a range +80900 +81000 2014 1002 1105.1281
a range +81000 +81100 2004 9001 1105.0642
a range +81000 +81100 9001 2004 1105.0642
a range +81100 +81200 2002 2009 0.0312
a range +81100 +81200 2009 2002 0.0312
a range +81100 +81200 2018 9002 1105.0449
a range +81100 +81200 2022 2034 0.043
a range +81100 +81200 2034 2022 0.043
a range +81100 +81200 9002 2018 1105.0449
a range +81200 +81300 2018 9001 1105.0377
a range +81200 +81300 9001 2018 1105.0377
a range +81400 +81500 2023 2033 0.0238
a range +81400 +81500 2026 2036 0.0196
a range +81400 +81500 2033 2023 0.0238
a range +81400 +81500 2036 2026 0.0196
a range +81500 +81600 1003 2021 1105.0541
a range +81500 +81600 2003 2009 0.0421
a range +81500 +81600 2009 2003 0.0421
a range +81500 +81600 2021 1003 1105.0541
a range +81600 +81700 1003 2027 1105.0348
a range +81600 +81700 2019 2034 0.0407
a range +81600 +81700 2027 1003 1105.0348
a range +81600 +81700 2034 2019 0.0407
a range +82000 +82100 1001 2022 1105.044
a range +82000 +82100 2022 1001 1105.044
a range +82100 +82200 2007 2019 0.0373
a range +82100 +82200 2019 2007 0.0373
a range +82400 +82500 2009 2016 0.0296
a range +82400 +82500 2016 2009 0.0296
a range +82800 +82900 2007 2016 0.0061
a range +82800 +82900 2016 2007 0.0061
a range +83000 +83100 1001 2005 1105.0399
a range +83000 +83100 2005 1001 1105.0399
a range +83400 +83500 1003 2027 1105.0348
a range +83400 +83500 2011 9002 1105.0503
a range +83400 +83500 2027 1003 1105.0348
a range +83400 +83500 9002 2011 1105.0503
a range +83700 +83800 1001 2008 1105.0262
a range +83700 +83800 2007 2013 0.043
a range +83700 +83800 2008 1001 1105.0262
a range +83700 +83800 2013 2007 0.043
a range +84100 +84200 2014 2015 0.0166
a range +84100 +84200 2015 2014 0.0166
a range +84300 +84400 2014 2026 0.0406
a range +84300 +84400 2015 2021 0.0421
a range +84300 +84400 2021 2015 0.0421
a range +84300 +84400 2026 2014 0.0406
a range +84700 +84800 2021 2023 0.0312
a range +84700 +84800 2023 2021 0.0312
a range +84700 +84800 2024 2026 0.0312
a range +84700 +84800 2026 2024 0.0312
a range +84900 +85000 1002 2013 1105.1233
a range +84900 +85000 1003 2016 1105.0616
a range +84900 +85000 2013 1002 1105.1233
a range +84900 +85000 2016 1003 1105.0616
a range +85200 +85300 2023 2034 0.033
a range +85200 +85300 2034 2023 0.033
a range +85300 +85400 2004 2022 0.0225
a range +85300 +85400 2022 2004 0.0225
a range +85500 +85600 1002 9003 0.0532
a range +85500 +85600 2019 9002 1105.0432
a range +85500 +85600 9002 2019 1105.0432
a range +85500 +85600 9003 1002 0.0532
a range +85700 +85800 1002 2024 1105.1311
a range +85700 +85800 2010 2018 0.0166
a range +85700 +85800 2018 2010 0.0166
a range +85700 +85800 2024 1002 1105.1311
a range +85900 +86000 2009 2022 0.0402
a range +85900 +86000 2022 2009 0.0402
a range +86200 +86300 2002 2023 0.0322
a range +86200 +86300 2008 2016 0.0153
a range +86200 +86300 2016 2008 0.0153
a range +86200 +86300 2023 2002 0.0322
a range +86300 +86400 2005 2022 0.0322
a range +86300 +86400 2022 2005 0.0322
a range +86300 +86400 2027 2034 0.0296
a range +86300 +86400 2034 2027 0.0296
