a contact +200 +300 2002 9002 1000
a contact +200 +300 2016 2029 1000
a contact +200 +300 2029 2016 1000
a contact +200 +300 9002 2002 1000
a contact +300 +400 2016 2028 1000
a contact +300 +400 2017 2029 1000
a contact +300 +400 2021 2023 1000
a contact +300 +400 2023 2021 1000
a contact +300 +400 2028 2016 1000
a contact +300 +400 2029 2017 1000
a contact +400 +500 2010 2035 1000
a contact +400 +500 2016 2027 1000
a contact +400 +500 2017 2028 1000
a contact +400 +500 2022 2023 1000
a contact +400 +500 2023 2022 1000
a contact +400 +500 2027 2016 1000
a contact +400 +500 2028 2017 1000
a contact +400 +500 2035 2010 1000
a contact +500 +600 2018 2028 1000
a contact +500 +600 2028 2018 1000
a contact +700 +900 2010 2036 1000
a contact +700 +900 2017 2026 1000
a contact +700 +900 2026 2017 1000
a contact +700 +900 2036 2010 1000
a contact +1000 +1100 2012 2031 1000
a contact +1000 +1100 2031 2012 1000
a contact +1100 +1400 2019 2026 1000
a contact +1100 +1400 2026 2019 1000
a contact +1500 +1600 2020 2022 1000
a contact +1500 +1600 2022 2020 1000
a contact +1500 +1600 2027 2028 1000
a contact +1500 +1600 2028 2027 1000
a contact +1600 +1700 1001 1003 1000
a contact +1600 +1700 1003 1001 1000
a contact +1800 +1900 2020 2040 1000
a contact +1800 +1900 2040 2020 1000
a contact +2000 +2100 2016 2039 1000
a contact +2000 +2100 2039 2016 1000
a contact +2200 +2300 2019 2039 1000
a contact +2200 +2300 2039 2019 1000
a contact +2500 +2600 2004 2025 1000
a contact +2500 +2600 2024 2035 1000
a contact +2500 +2600 2025 2004 1000
a contact +2500 +2600 2027 2038 1000
a contact +2500 +2600 2035 2024 1000
a contact +2500 +2600 2038 2027 1000
a contact +2900 +3000 2004 2028 1000
a contact +2900 +3000 2028 2004 1000
a contact +3000 +3300 2013 2015 1000
a contact +3000 +3300 2015 2013 1000
a contact +3300 +3500 2003 2029 1000
a contact +3300 +3500 2029 2003 1000
a contact +3300 +3500 2030 2040 1000
a contact +3300 +3500 2040 2030 1000
a contact +3600 +3800 2001 2029 1000
a contact +3600 +3800 2029 2001 1000
a contact +3800 +3900 1003 2012 1000
a contact +3800 +3900 2012 1003 1000
a contact +3900 +4000 2005 2018 1000
a contact +3900 +4000 2006 2019 1000
a contact +3900 +4000 2018 2005 1000
a contact +3900 +4000 2019 2006 1000
a contact +4100 +4200 2011 2029 1000
a contact +4100 +4200 2029 2011 1000
a contact +4800 +4900 1001 2024 1000
a contact +4800 +4900 2024 1001 1000
a contact +5400 +5500 2005 2006 1000
a contact +5400 +5500 2006 2005 1000
a contact +5600 +5700 2002 2019 1000
a contact +5600 +5700 2019 2002 1000
a contact +5900 +6000 2012 2033 1000
a contact +5900 +6000 2023 2025 1000
a contact +5900 +6000 2025 2023 1000
a contact +5900 +6000 2033 2012 1000
a contact +6300 +6600 1001 2020 1000
a contact +6300 +6600 2020 1001 1000
a contact +6700 +6800 2016 2037 1000
a contact +6700 +6800 2037 2016 1000
a contact +6800 +7000 2025 9001 1000
a contact +6800 +7000 9001 2025 1000
a contact +7300 +7400 2004 2033 1000
a contact +7300 +7400 2033 2004 1000
a contact +7800 +7900 1002 2008 1000
a contact +7800 +7900 2008 1002 1000
a contact +7900 +8100 2001 2036 1000
a contact +7900 +8100 2036 2001 1000
a contact +8100 +8200 1001 2006 1000
a contact +8100 +8200 2006 1001 1000
a contact +8100 +8200 2019 9001 1000
a contact +8100 +8200 9001 2019 1000
a contact +8200 +8500 2022 2033 1000
a contact +8200 +8500 2033 2022 1000
a contact +8500 +8600 2034 2035 1000
a contact +8500 +8600 2035 2034 1000
a contact +8700 +8900 2001 2017 1000
a contact +8700 +8900 2017 2001 1000
a contact +9200 +9300 2022 2023 1000
a contact +9200 +9300 2023 2022 1000
a contact +9500 +9600 2009 2016 1000
a contact +9500 +9600 2016 2009 1000
a contact +9600 +9700 2001 2002 1000
a contact +9600 +9700 2002 2001 1000
a contact +9800 +9900 2017 2029 1000
a contact +9800 +9900 2029 2017 1000
a contact +10500 +10600 2006 2039 1000
a contact +10500 +10600 2039 2006 1000
a contact +10600 +10800 2001 2015 1000
a contact +10600 +10800 2015 2001 1000
a contact +10900 +11000 2005 2038 1000
a contact +10900 +11000 2038 2005 1000
a contact +11600 +11700 1001 2027 1000
a contact +11600 +11700 2008 2040 1000
a contact +11600 +11700 2027 1001 1000
a contact +11600 +11700 2040 2008 1000
a contact +11900 +12000 2013 2021 1000
a contact +11900 +12000 2021 2013 1000
a contact +12200 +12300 2028 2038 1000
a contact +12200 +12300 2038 2028 1000
a contact +13300 +13400 1001 2040 1000
a contact +13300 +13400 2040 1001 1000
a contact +13400 +13500 2003 9002 1000
a contact +13400 +13500 2005 2037 1000
a contact +13400 +13500 2037 2005 1000
a contact +13400 +13500 9002 2003 1000
a contact +13900 +14100 2004 2017 1000
a contact +13900 +14100 2017 2004 1000
a contact +14100 +14200 2002 2033 1000
a contact +14100 +14200 2033 2002 1000
a contact +14200 +14300 2020 2036 1000
a contact +14200 +14300 2036 2020 1000
a contact +15700 +15800 2033 2040 1000
a contact +15700 +15800 2040 2033 1000
a contact +16000 +16100 2010 2019 1000
a contact +16000 +16100 2019 2010 1000
a contact +16800 +17000 2004 2039 1000
a contact +16800 +17000 2006 2032 1000
a contact +16800 +17000 2024 2034 1000
a contact +16800 +17000 2032 2006 1000
a contact +16800 +17000 2034 2024 1000
a contact +16800 +17000 2039 2004 1000
a contact +17000 +17100 2021 2034 1000
a contact +17000 +17100 2034 2021 1000
a contact +17200 +17300 2022 2024 1000
a contact +17200 +17300 2024 2022 1000
a contact +17500 +17600 2018 2029 1000
a contact +17500 +17600 2029 2018 1000
a contact +17600 +17700 2019 2037 1000
a contact +17600 +17700 2037 2019 1000
a contact +18200 +18400 2002 2037 1000
a contact +18200 +18400 2037 2002 1000
a contact +18600 +18700 2002 2038 1000
a contact +18600 +18700 2038 2002 1000
a contact +18900 +19000 1001 2006 1000
a contact +18900 +19000 2006 1001 1000
a contact +19200 +19400 1001 2034 1000
a contact +19200 +19400 2034 1001 1000
a contact +19900 +20000 2008 2021 1000
a contact +19900 +20000 2021 2008 1000
a contact +20300 +20500 2001 2030 1000
a contact +20300 +20500 2030 2001 1000
a contact +20600 +20700 2002 2023 1000
a contact +20600 +20700 2023 2002 1000
a contact +20900 +21000 2017 2037 1000
a contact +20900 +21000 2037 2017 1000
a contact +21000 +21100 2017 2028 1000
a contact +21000 +21100 2028 2017 1000
a contact +21000 +21100 2037 2038 1000
a contact +21000 +21100 2038 2037 1000
a contact +21100 +21200 2002 2010 1000
a contact +21100 +21200 2008 2040 1000
a contact +21100 +21200 2010 2002 1000
a contact +21100 +21200 2040 2008 1000
a contact +21400 +21700 2014 2033 1000
a contact +21400 +21700 2033 2014 1000
a contact +21700 +21800 2020 2027 1000
a contact +21700 +21800 2027 2020 1000
a contact +22400 +22500 2004 2016 1000
a contact +22400 +22500 2012 2031 1000
a contact +22400 +22500 2016 2004 1000
a contact +22400 +22500 2031 2012 1000
a contact +22800 +22900 1003 2040 1000
a contact +22800 +22900 2040 1003 1000
a contact +22900 +23000 2013 2021 1000
a contact +22900 +23000 2021 2013 1000
a contact +23000 +23100 2026 2039 1000
a contact +23000 +23100 2039 2026 1000
a contact +23100 +23200 2014 2016 1000
a contact +23100 +23200 2016 2014 1000
a contact +24200 +24300 2009 2018 1000
a contact +24200 +24300 2018 2009 1000
a contact +24400 +24500 1003 2023 1000
a contact +24400 +24500 2004 2025 1000
a contact +24400 +24500 2023 1003 1000
a contact +24400 +24500 2025 2004 1000
a contact +24500 +24700 2003 2029 1000
a contact +24500 +24700 2029 2003 1000
a contact +24700 +24800 2035 2037 1000
a contact +24700 +24800 2037 2035 1000
a contact +24800 +24900 2016 2028 1000
a contact +24800 +24900 2028 2016 1000
a contact +25000 +25100 2013 2026 1000
a contact +25000 +25100 2026 2013 1000
a contact +25000 +25100 2037 2038 1000
a contact +25000 +25100 2038 2037 1000
a contact +25400 +25500 2004 9002 1000
a contact +25400 +25500 2019 2026 1000
a contact +25400 +25500 2026 2019 1000
a contact +25400 +25500 9002 2004 1000
a contact +26100 +26200 2004 2017 1000
a contact +26100 +26200 2017 2004 1000
a contact +26400 +26600 1002 2023 1000
a contact +26400 +26600 2015 9002 1000
a contact +26400 +26600 2023 1002 1000
a contact +26400 +26600 9002 2015 1000
a contact +27000 +27100 2003 2021 1000
a contact +27000 +27100 2021 2003 1000
a contact +27100 +27300 2008 2016 1000
a contact +27100 +27300 2014 2015 1000
a contact +27100 +27300 2015 2014 1000
a contact +27100 +27300 2016 2008 1000
a contact +27300 +27400 1001 2026 1000
a contact +27300 +27400 2007 2019 1000
a contact +27300 +27400 2015 2038 1000
a contact +27300 +27400 2019 2007 1000
a contact +27300 +27400 2026 1001 1000
a contact +27300 +27400 2038 2015 1000
a contact +28200 +28300 2035 2037 1000
a contact +28200 +28300 2037 2035 1000
a contact +28300 +28400 1001 2018 1000
a contact +28300 +28400 2006 2019 1000
a contact +28300 +28400 2018 1001 1000
a contact +28300 +28400 2019 2006 1000
a contact +28300 +28400 2027 2040 1000
a contact +28300 +28400 2040 2027 1000
a contact +28500 +28600 2018 2037 1000
a contact +28500 +28600 2037 2018 1000
a contact +29000 +29200 2006 2007 1000
a contact +29000 +29200 2007 2006 1000
a contact +29200 +29300 2018 2026 1000
a contact +29200 +29300 2021 2029 1000
a contact +29200 +29300 2026 2018 1000
a contact +29200 +29300 2029 2021 1000
a contact +29300 +29400 2012 2025 1000
a contact +29300 +29400 2025 2012 1000
a contact +29700 +29800 1002 2036 1000
a contact +29700 +29800 2036 1002 1000
a contact +29900 +30000 1003 2036 1000
a contact +29900 +30000 2036 1003 1000
a contact +30400 +30500 2009 2040 1000
a contact +30400 +30500 2040 2009 1000
a contact +30500 +30600 2021 2040 1000
a contact +30500 +30600 2040 2021 1000
a contact +30700 +30800 2029 2030 1000
a contact +30700 +30800 2030 2029 1000
a contact +31200 +31300 2022 2040 1000
a contact +31200 +31300 2040 2022 1000
a contact +31300 +31600 2028 9002 1000
a contact +31300 +31600 9002 2028 1000
a contact +31800 +31900 2005 2014 1000
a contact +31800 +31900 2014 2005 1000
a contact +31900 +32000 2032 2040 1000
a contact +31900 +32000 2040 2032 1000
a contact +32300 +32400 1001 2016 1000
a contact +32300 +32400 2001 2012 1000
a contact +32300 +32400 2012 2001 1000
a contact +32300 +32400 2016 1001 1000
a contact +32700 +33000 2016 2025 1000
a contact +32700 +33000 2025 2016 1000
a contact +33000 +33100 2006 2023 1000
a contact +33000 +33100 2023 2006 1000
a contact +33900 +34000 2019 2032 1000
a contact +33900 +34000 2032 2019 1000
a contact +34000 +34100 2025 2027 1000
a contact +34000 +34100 2027 2025 1000
a contact +34100 +34200 1003 2010 1000
a contact +34100 +34200 2002 2014 1000
a contact +34100 +34200 2008 2032 1000
a contact +34100 +34200 2010 1003 1000
a contact +34100 +34200 2014 2002 1000
a contact +34100 +34200 2032 2008 1000
a contact +34300 +34400 2024 2036 1000
a contact +34300 +34400 2036 2024 1000
a contact +34900 +35000 2003 2004 1000
a contact +34900 +35000 2004 2003 1000
a contact +35400 +35600 2025 2036 1000
a contact +35400 +35600 2036 2025 1000
a contact +35700 +35800 1003 2037 1000
a contact +35700 +35800 2037 1003 1000
a contact +36000 +36100 2004 2026 1000
a contact +36000 +36100 2026 2004 1000
a contact +37200 +37300 2038 2039 1000
a contact +37200 +37300 2039 2038 1000
a contact +37500 +37600 1003 2022 1000
a contact +37500 +37600 2022 1003 1000
a contact +37700 +37900 1003 2031 1000
a contact +37700 +37900 2021 2033 1000
a contact +37700 +37900 2031 1003 1000
a contact +37700 +37900 2033 2021 1000
a contact +37900 +38000 2019 2026 1000
a contact +37900 +38000 2026 2019 1000
a contact +38000 +38100 2025 2027 1000
a contact +38000 +38100 2027 2025 1000
a contact +38400 +38600 2025 2026 1000
a contact +38400 +38600 2026 2025 1000
a contact +39600 +39800 2018 9003 1000
a contact +39600 +39800 2025 2035 1000
a contact +39600 +39800 2028 2038 1000
a contact +39600 +39800 2035 2025 1000
a contact +39600 +39800 2038 2028 1000
a contact +39600 +39800 9003 2018 1000
a contact +39800 +39900 2002 2014 1000
a contact +39800 +39900 2014 2002 1000
a contact +40000 +40100 1002 1003 1000
a contact +40000 +40100 1003 1002 1000
a contact +40000 +40100 2010 2018 1000
a contact +40000 +40100 2018 2010 1000
a contact +41000 +41100 2011 9003 1000
a contact +41000 +41100 9003 2011 1000
a contact +41400 +41500 2011 2013 1000
a contact +41400 +41500 2013 2011 1000
a contact +41400 +41500 2022 2030 1000
a contact +41400 +41500 2023 2024 1000
a contact +41400 +41500 2024 2023 1000
a contact +41400 +41500 2030 2022 1000
a contact +41800 +41900 1003 2040 1000
a contact +41800 +41900 2014 2025 1000
a contact +41800 +41900 2025 2014 1000
a contact +41800 +41900 2040 1003 1000
a contact +41900 +42000 2012 2035 1000
a contact +41900 +42000 2035 2012 1000
a contact +42600 +42800 2010 2030 1000
a contact +42600 +42800 2030 2010 1000
a contact +43400 +43500 2005 2017 1000
a contact +43400 +43500 2016 2038 1000
a contact +43400 +43500 2017 2005 1000
a contact +43400 +43500 2038 2016 1000
a contact +43500 +43600 2016 2039 1000
a contact +43500 +43600 2039 2016 1000
a contact +45000 +45100 2001 2033 1000
a contact +45000 +45100 2033 2001 1000
a contact +45600 +45700 2035 2037 1000
a contact +45600 +45700 2037 2035 1000
a contact +45900 +46200 2028 2030 1000
a contact +45900 +46200 2030 2028 1000
a contact +46200 +46300 2009 2037 1000
a contact +46200 +46300 2037 2009 1000
a contact +46700 +46800 2008 2028 1000
a contact +46700 +46800 2028 2008 1000
a contact +46800 +46900 2012 2035 1000
a contact +46800 +46900 2014 2036 1000
a contact +46800 +46900 2035 2012 1000
a contact +46800 +46900 2036 2014 1000
a contact +46900 +47000 2019 2027 1000
a contact +46900 +47000 2027 2019 1000
a contact +47000 +47100 2002 2039 1000
a contact +47000 +47100 2039 2002 1000
a contact +47100 +47200 2004 2016 1000
a contact +47100 +47200 2016 2004 1000
a contact +47200 +47300 2013 2015 1000
a contact +47200 +47300 2015 2013 1000
a contact +47200 +47300 2024 2036 1000
a contact +47200 +47300 2036 2024 1000
a contact +47400 +47500 2005 2015 1000
a contact +47400 +47500 2015 2005 1000
a contact +47600 +47700 2029 2038 1000
a contact +47600 +47700 2038 2029 1000
a contact +48200 +48300 2027 2035 1000
a contact +48200 +48300 2035 2027 1000
a contact +49200 +49300 2014 2027 1000
a contact +49200 +49300 2027 2014 1000
a contact +49400 +49500 2009 2024 1000
a contact +49400 +49500 2023 2025 1000
a contact +49400 +49500 2024 2009 1000
a contact +49400 +49500 2025 2023 1000
a contact +49500 +49600 2020 2029 1000
a contact +49500 +49600 2029 2020 1000
a contact +50100 +50200 1003 2034 1000
a contact +50100 +50200 2001 2036 1000
a contact +50100 +50200 2034 1003 1000
a contact +50100 +50200 2036 2001 1000
a contact +50700 +50800 2003 2015 1000
a contact +50700 +50800 2015 2003 1000
a contact +50800 +50900 1003 9001 1000
a contact +50800 +50900 9001 1003 1000
a contact +50900 +51100 2005 2018 1000
a contact +50900 +51100 2018 2005 1000
a contact +51100 +51200 2024 2036 1000
a contact +51100 +51200 2036 2024 1000
a contact +51200 +51300 2012 2034 1000
a contact +51200 +51300 2034 2012 1000
a contact +51500 +51600 2007 2016 1000
a contact +51500 +51600 2016 2007 1000
a contact +51800 +51900 2020 2039 1000
a contact +51800 +51900 2039 2020 1000
a contact +52400 +52600 1001 2007 1000
a contact +52400 +52600 2007 1001 1000
a contact +52700 +52800 2002 2022 1000
a contact +52700 +52800 2005 2025 1000
a contact +52700 +52800 2022 2002 1000
a contact +52700 +52800 2025 2005 1000
a contact +52700 +52800 2027 2034 1000
a contact +52700 +52800 2034 2027 1000
a contact +52800 +53000 1002 2025 1000
a contact +52800 +53000 2025 1002 1000
a contact +53300 +53400 2031 9001 1000
a contact +53300 +53400 9001 2031 1000
a contact +53500 +53700 2025 2026 1000
a contact +53500 +53700 2026 2025 1000
a contact +53700 +53800 2016 2023 1000
a contact +53700 +53800 2023 2016 1000
a contact +54300 +54400 2024 2026 1000
a contact +54300 +54400 2026 2024 1000
a contact +54400 +54500 2002 2035 1000
a contact +54400 +54500 2035 2002 1000
a contact +54900 +55000 1002 2016 1000
a contact +54900 +55000 2016 1002 1000
a contact +55000 +55100 2013 2033 1000
a contact +55000 +55100 2033 2013 1000
a contact +55300 +55400 2017 2036 1000
a contact +55300 +55400 2036 2017 1000
a contact +55700 +55800 2016 2040 1000
a contact +55700 +55800 2040 2016 1000
a contact +56300 +56400 2006 2019 1000
a contact +56300 +56400 2019 2006 1000
a contact +56400 +56600 2020 2036 1000
a contact +56400 +56600 2036 2020 1000
a contact +56700 +56800 2010 2026 1000
a contact +56700 +56800 2011 2020 1000
a contact +56700 +56800 2020 2011 1000
a contact +56700 +56800 2026 2010 1000
a contact +56800 +56900 1001 2028 1000
a contact +56800 +56900 2028 1001 1000
a contact +57000 +57200 2038 2039 1000
a contact +57000 +57200 2039 2038 1000
a contact +57300 +57500 2003 2031 1000
a contact +57300 +57500 2013 9003 1000
a contact +57300 +57500 2031 2003 1000
a contact +57300 +57500 9003 2013 1000
a contact +57600 +57700 2003 2030 1000
a contact +57600 +57700 2030 2003 1000
a contact +57700 +58000 1001 2036 1000
a contact +57700 +58000 2036 1001 1000
a contact +58300 +58500 2016 2027 1000
a contact +58300 +58500 2017 2026 1000
a contact +58300 +58500 2026 2017 1000
a contact +58300 +58500 2027 2016 1000
a contact +58500 +58600 2014 2025 1000
a contact +58500 +58600 2025 2014 1000
a contact +58600 +58700 2014 2024 1000
a contact +58600 +58700 2024 2014 1000
a contact +58700 +58800 2015 2028 1000
a contact +58700 +58800 2028 2015 1000
a contact +58800 +58900 1002 2013 1000
a contact +58800 +58900 2013 1002 1000
a contact +58900 +59100 2017 2038 1000
a contact +58900 +59100 2038 2017 1000
a contact +59100 +59200 2009 2033 1000
a contact +59100 +59200 2033 2009 1000
a contact +59500 +59600 2010 2020 1000
a contact +59500 +59600 2020 2010 1000
a contact +59900 +60100 2009 2032 1000
a contact +59900 +60100 2032 2009 1000
a contact +60200 +60300 2003 2034 1000
a contact +60200 +60300 2034 2003 1000
a contact +60400 +60500 2006 2017 1000
a contact +60400 +60500 2017 2006 1000
a contact +60500 +60600 2006 2016 1000
a contact +60500 +60600 2016 2006 1000
a contact +60700 +60800 2015 9003 1000
a contact +60700 +60800 9003 2015 1000
a contact +61800 +62000 2015 2022 1000
a contact +61800 +62000 2022 2015 1000
a contact +62000 +62100 1003 2030 1000
a contact +62000 +62100 2030 1003 1000
a contact +62100 +62200 2006 2039 1000
a contact +62100 +62200 2010 9001 1000
a contact +62100 +62200 2039 2006 1000
a contact +62100 +62200 9001 2010 1000
a contact +62600 +62700 1002 1003 1000
a contact +62600 +62700 1003 1002 1000
a contact +64100 +64300 2026 2034 1000
a contact +64100 +64300 2034 2026 1000
a contact +64400 +64500 2009 2029 1000
a contact +64400 +64500 2029 2009 1000
a contact +64600 +64700 2018 9001 1000
a contact +64600 +64700 9001 2018 1000
a contact +64800 +65000 2007 2017 1000
a contact +64800 +65000 2017 2007 1000
a contact +64800 +65000 2023 2033 1000
a contact +64800 +65000 2033 2023 1000
a contact +65000 +65100 2008 2017 1000
a contact +65000 +65100 2011 2020 1000
a contact +65000 +65100 2017 2008 1000
a contact +65000 +65100 2020 2011 1000
a contact +65300 +65500 2003 2035 1000
a contact +65300 +65500 2035 2003 1000
a contact +65500 +65600 2002 2034 1000
a contact +65500 +65600 2018 2030 1000
a contact +65500 +65600 2030 2018 1000
a contact +65500 +65600 2034 2002 1000
a contact +65600 +65700 2014 2015 1000
a contact +65600 +65700 2015 2014 1000
a contact +65700 +65800 2019 2021 1000
a contact +65700 +65800 2021 2019 1000
a contact +66200 +66300 2022 2029 1000
a contact +66200 +66300 2029 2022 1000
a contact +66400 +66600 2012 2029 1000
a contact +66400 +66600 2029 2012 1000
a contact +66600 +66700 1002 2036 1000
a contact +66600 +66700 2036 1002 1000
a contact +66700 +66900 1002 2037 1000
a contact +66700 +66900 2037 1002 1000
a contact +67400 +67500 2010 2034 1000
a contact +67400 +67500 2034 2010 1000
a contact +67500 +67700 2003 2040 1000
a contact +67500 +67700 2013 2036 1000
a contact +67500 +67700 2036 2013 1000
a contact +67500 +67700 2040 2003 1000
a contact +67800 +67900 2011 2033 1000
a contact +67800 +67900 2014 2036 1000
a contact +67800 +67900 2033 2011 1000
a contact +67800 +67900 2036 2014 1000
a contact +68000 +68100 1002 2031 1000
a contact +68000 +68100 2003 2024 1000
a contact +68000 +68100 2024 2003 1000
a contact +68000 +68100 2025 2037 1000
a contact +68000 +68100 2031 1002 1000
a contact +68000 +68100 2037 2025 1000
a contact +68100 +68200 1002 2032 1000
a contact +68100 +68200 2032 1002 1000
a contact +68300 +68500 2009 2020 1000
a contact +68300 +68500 2020 2009 1000
a contact +68500 +68600 2005 2017 1000
a contact +68500 +68600 2017 2005 1000
a contact +68600 +68700 1002 2014 1000
a contact +68600 +68700 2010 2022 1000
a contact +68600 +68700 2014 1002 1000
a contact +68600 +68700 2022 2010 1000
a contact +68800 +68900 2009 2021 1000
a contact +68800 +68900 2021 2009 1000
a contact +68900 +69000 1002 2016 1000
a contact +68900 +69000 2016 1002 1000
a contact +69300 +69500 2001 2026 1000
a contact +69300 +69500 2026 2001 1000
a contact +69500 +69600 2017 2040 1000
a contact +69500 +69600 2040 2017 1000
a contact +69800 +69900 2026 2027 1000
a contact +69800 +69900 2027 2026 1000
a contact +70000 +70100 2007 2040 1000
a contact +70000 +70100 2040 2007 1000
a contact +70300 +70400 2023 2025 1000
a contact +70300 +70400 2025 2023 1000
a contact +70700 +70800 2004 2038 1000
a contact +70700 +70800 2015 2023 1000
a contact +70700 +70800 2023 2015 1000
a contact +70700 +70800 2038 2004 1000
a contact +70900 +71200 2001 2039 1000
a contact +70900 +71200 2039 2001 1000
a contact +71500 +71700 1003 2036 1000
a contact +71500 +71700 2036 1003 1000
a contact +71800 +71900 2023 2036 1000
a contact +71800 +71900 2036 2023 1000
a contact +71900 +72000 2026 2034 1000
a contact +71900 +72000 2034 2026 1000
a contact +72000 +72100 2024 2036 1000
a contact +72000 +72100 2028 2038 1000
a contact +72000 +72100 2036 2024 1000
a contact +72000 +72100 2038 2028 1000
a contact +73000 +73100 1003 2039 1000
a contact +73000 +73100 2006 2024 1000
a contact +73000 +73100 2024 2006 1000
a contact +73000 +73100 2039 1003 1000
a contact +73100 +73300 2029 9001 1000
a contact +73100 +73300 9001 2029 1000
a contact +73700 +73800 2018 2036 1000
a contact +73700 +73800 2036 2018 1000
a contact +74100 +74200 2001 2022 1000
a contact +74100 +74200 2022 2001 1000
a contact +74200 +74500 2016 2024 1000
a contact +74200 +74500 2024 2016 1000
a contact +74500 +74600 2009 2033 1000
a contact +74500 +74600 2033 2009 1000
a contact +74800 +74900 2001 2017 1000
a contact +74800 +74900 2017 2001 1000
a contact +75300 +75400 2018 2025 1000
a contact +75300 +75400 2025 2018 1000
a contact +75400 +75600 2002 2033 1000
a contact +75400 +75600 2005 2036 1000
a contact +75400 +75600 2033 2002 1000
a contact +75400 +75600 2036 2005 1000
a contact +75900 +76000 2025 2037 1000
a contact +75900 +76000 2037 2025 1000
a contact +76100 +76300 1003 2016 1000
a contact +76100 +76300 2012 2029 1000
a contact +76100 +76300 2015 2032 1000
a contact +76100 +76300 2016 1003 1000
a contact +76100 +76300 2029 2012 1000
a contact +76100 +76300 2032 2015 1000
a contact +76800 +76900 2020 2035 1000
a contact +76800 +76900 2035 2020 1000
a contact +77200 +77300 2026 2034 1000
a contact +77200 +77300 2030 2039 1000
a contact +77200 +77300 2034 2026 1000
a contact +77200 +77300 2039 2030 1000
a contact +77300 +77500 2002 2024 1000
a contact +77300 +77500 2024 2002 1000
a contact +77700 +77900 2003 2011 1000
a contact +77700 +77900 2011 2003 1000
a contact +78000 +78100 2007 9001 1000
a contact +78000 +78100 9001 2007 1000
a contact +78100 +78200 1002 2022 1000
a contact +78100 +78200 2007 2038 1000
a contact +78100 +78200 2022 1002 1000
a contact +78100 +78200 2038 2007 1000
a contact +78300 +78400 2006 2032 1000
a contact +78300 +78400 2032 2006 1000
a contact +78400 +78700 1001 2026 1000
a contact +78400 +78700 2026 1001 1000
a contact +79000 +79100 2007 2034 1000
a contact +79000 +79100 2022 2029 1000
a contact +79000 +79100 2029 2022 1000
a contact +79000 +79100 2034 2007 1000
a contact +79100 +79200 1002 2002 1000
a contact +79100 +79200 2002 1002 1000
a contact +79200 +79300 1002 2002 1000
a contact +79200 +79300 2002 1002 1000
a contact +79200 +79300 2014 2021 1000
a contact +79200 +79300 2021 2014 1000
a contact +79300 +79400 2009 2010 1000
a contact +79300 +79400 2010 2009 1000
a contact +79300 +79400 2014 2016 1000
a contact +79300 +79400 2015 2022 1000
a contact +79300 +79400 2016 2014 1000
a contact +79300 +79400 2018 2025 1000
a contact +79300 +79400 2022 2015 1000
a contact +79300 +79400 2025 2018 1000
a contact +79300 +79400 2031 2039 1000
a contact +79300 +79400 2039 2031 1000
a contact +79800 +79900 2009 2018 1000
a contact +79800 +79900 2018 2009 1000
a contact +79800 +79900 2026 2039 1000
a contact +79800 +79900 2039 2026 1000
a contact +79900 +80100 2008 2032 1000
a contact +79900 +80100 2010 2017 1000
a contact +79900 +80100 2017 2010 1000
a contact +79900 +80100 2032 2008 1000
a contact +80100 +80200 2019 2037 1000
a contact +80100 +80200 2037 2019 1000
a contact +81100 +81200 2004 2017 1000
a contact +81100 +81200 2017 2004 1000
a contact +81700 +81800 2025 9002 1000
a contact +81700 +81800 9002 2025 1000
a contact +81800 +82000 2013 9002 1000
a contact +81800 +82000 9002 2013 1000
a contact +82500 +82800 1001 2008 1000
a contact +82500 +82800 2008 1001 1000
a contact +82500 +82800 2009 2010 1000
a contact +82500 +82800 2010 2009 1000
a contact +82800 +83000 2019 2029 1000
a contact +82800 +83000 2029 2019 1000
a contact +83200 +83300 2034 2035 1000
a contact +83200 +83300 2035 2034 1000
a contact +83300 +83400 2005 2037 1000
a contact +83300 +83400 2037 2005 1000
a contact +83600 +83800 2020 2028 1000
a contact +83600 +83800 2028 2020 1000
a contact +83900 +84000 1003 2040 1000
a contact +83900 +84000 2007 2009 1000
a contact +83900 +84000 2009 2007 1000
a contact +83900 +84000 2040 1003 1000
a contact +84000 +84100 1001 2022 1000
a contact +84000 +84100 2022 1001 1000
a contact +84700 +84900 1003 2007 1000
a contact +84700 +84900 2006 2017 1000
a contact +84700 +84900 2007 1003 1000
a contact +84700 +84900 2016 2036 1000
a contact +84700 +84900 2017 2006 1000
a contact +84700 +84900 2036 2016 1000
a contact +84900 +85000 2028 2038 1000
a contact +84900 +85000 2038 2028 1000
a contact +85000 +85100 2015 2036 1000
a contact +85000 +85100 2036 2015 1000
a contact +85100 +85200 2007 2015 1000
a contact +85100 +85200 2015 2007 1000
a contact +85100 +85200 2028 2037 1000
a contact +85100 +85200 2037 2028 1000
a contact +85300 +85400 1002 2007 1000
a contact +85300 +85400 1003 2010 1000
a contact +85300 +85400 2007 1002 1000
a contact +85300 +85400 2009 2018 1000
a contact +85300 +85400 2010 1003 1000
a contact +85300 +85400 2017 2038 1000
a contact +85300 +85400 2018 2009 1000
a contact +85300 +85400 2027 2037 1000
a contact +85300 +85400 2037 2027 1000
a contact +85300 +85400 2038 2017 1000
a contact +86200 +86300 2020 2034 1000
a contact +86200 +86300 2034 2020 1000

a range +200 +300 2002 9002 1103.3698
a range +200 +300 2016 2029 0.0371
a range +200 +300 2029 2016 0.0371
a range +200 +300 9002 2002 1103.3698
a range +300 +400 2016 2028 0.0293
a range +300 +400 2017 2029 0.0265
a range +300 +400 2021 2023 0.0285
a range +300 +400 2023 2021 0.0285
a range +300 +400 2028 2016 0.0293
a range +300 +400 2029 2017 0.0265
a range +400 +500 2010 2035 0.043
a range +400 +500 2016 2027 0.0214
a range +400 +500 2017 2028 0.0159
a range +400 +500 2022 2023 0.015
a range +400 +500 2023 2022 0.015
a range +400 +500 2027 2016 0.0214
a range +400 +500 2028 2017 0.0159
a range +400 +500 2035 2010 0.043
a range +500 +600 2018 2028 0.0023
a range +500 +600 2028 2018 0.0023
a range +700 +900 2010 2036 0.0435
a range +700 +900 2017 2026 0.0214
a range +700 +900 2026 2017 0.0214
a range +700 +900 2036 2010 0.0435
a range +1000 +1100 2012 2031 0.0319
a range +1000 +1100 2031 2012 0.0319
a range +1100 +1400 2019 2026 0.0371
a range +1100 +1400 2026 2019 0.0371
a range +1500 +1600 2020 2022 0.0321
a range +1500 +1600 2022 2020 0.0321
a range +1500 +1600 2027 2028 0.015
a range +1500 +1600 2028 2027 0.015
a range +1600 +1700 1001 1003 0.1025
a range +1600 +1700 1003 1001 0.1025
a range +1800 +1900 2020 2040 0.0311
a range +1800 +1900 2040 2020 0.0311
a range +2000 +2100 2016 2039 0.043
a range +2000 +2100 2039 2016 0.043
a range +2200 +2300 2019 2039 0.0166
a range +2200 +2300 2039 2019 0.0166
a range +2500 +2600 2004 2025 0.0272
a range +2500 +2600 2024 2035 0.0194
a range +2500 +2600 2025 2004 0.0272
a range +2500 +2600 2027 2038 0.0159
a range +2500 +2600 2035 2024 0.0194
a range +2500 +2600 2038 2027 0.0159
a range +2900 +3000 2004 2028 0.0432
a range +2900 +3000 2028 2004 0.0432
a range +3000 +3300 2013 2015 0.0285
a range +3000 +3300 2015 2013 0.0285
a range +3300 +3500 2003 2029 0.0432
a range +3300 +3500 2029 2003 0.0432
a range +3300 +3500 2030 2040 0.0168
a range +3300 +3500 2040 2030 0.0168
a range +3600 +3800 2001 2029 0.0371
a range +3600 +3800 2029 2001 0.0371
a range +3800 +3900 1003 2012 1102.0624
a range +3800 +3900 2012 1003 1102.0624
a range +3900 +4000 2005 2018 0.0398
a range +3900 +4000 2006 2019 0.0371
a range +3900 +4000 2018 2005 0.0398
a range +3900 +4000 2019 2006 0.0371
a range +4100 +4200 2011 2029 0.0313
a range +4100 +4200 2029 2011 0.0313
a range +4800 +4900 1001 2024 1102.2323
a range +4800 +4900 2024 1001 1102.2323
a range +5400 +5500 2005 2006 0.015
a range +5400 +5500 2006 2005 0.015
a range +5600 +5700 2002 2019 0.0407
a range +5600 +5700 2019 2002 0.0407
a range +5900 +6000 2012 2033 0.018
a range +5900 +6000 2023 2025 0.0285
a range +5900 +6000 2025 2023 0.0285
a range +5900 +6000 2033 2012 0.018
a range +6300 +6600 1001 2020 1102.5907
a range +6300 +6600 2020 1001 1102.5907
a range +6700 +6800 2016 2037 0.0319
a range +6700 +6800 2037 2016 0.0319
a range +6800 +7000 2025 9001 1102.2157
a range +6800 +7000 9001 2025 1102.2157
a range +7300 +7400 2004 2033 0.0431
a range +7300 +7400 2033 2004 0.0431
a range +7800 +7900 1002 2008 1102.3792
a range +7800 +7900 2008 1002 1102.3792
a range +7900 +8100 2001 2036 0.0434
a range +7900 +8100 2036 2001 0.0434
a range +8100 +8200 1001 2006 1102.6857
a range +8100 +8200 2006 1001 1102.6857
a range +8100 +8200 2019 9001 1102.3124
a range +8100 +8200 9001 2019 1102.3124
a range +8200 +8500 2022 2033 0.0159
a range +8200 +8500 2033 2022 0.0159
a range +8500 +8600 2034 2035 0.015
a range +8500 +8600 2035 2034 0.015
a range +8700 +8900 2001 2017 0.043
a range +8700 +8900 2017 2001 0.043
a range +9200 +9300 2022 2023 0.015
a range +9200 +9300 2023 2022 0.015
a range +9500 +9600 2009 2016 0.0371
a range +9500 +9600 2016 2009 0.0371
a range +9600 +9700 2001 2002 0.015
a range +9600 +9700 2002 2001 0.015
a range +9800 +9900 2017 2029 0.0265
a range +9800 +9900 2029 2017 0.0265
a range +10500 +10600 2006 2039 0.0433
a range +10500 +10600 2039 2006 0.0433
a range +10600 +10800 2001 2015 0.043
a range +10600 +10800 2015 2001 0.043
a range +10900 +11000 2005 2038 0.0434
a range +10900 +11000 2038 2005 0.0434
a range +11600 +11700 1001 2027 1102.6941
a range +11600 +11700 2008 2040 0.0434
a range +11600 +11700 2027 1001 1102.6941
a range +11600 +11700 2040 2008 0.0434
a range +11900 +12000 2013 2021 0.0293
a range +11900 +12000 2021 2013 0.0293
a range +12200 +12300 2028 2038 0.0023
a range +12200 +12300 2038 2028 0.0023
a range +13300 +13400 1001 2040 1102.6976
a range +13300 +13400 2040 1001 1102.6976
a range +13400 +13500 2003 9002 1103.3642
a range +13400 +13500 2005 2037 0.0431
a range +13400 +13500 2037 2005 0.0431
a range +13400 +13500 9002 2003 1103.3642
a range +13900 +14100 2004 2017 0.0407
a range +13900 +14100 2017 2004 0.0407
a range +14100 +14200 2002 2033 0.0432
a range +14100 +14200 2033 2002 0.0432
a range +14200 +14300 2020 2036 0.0434
a range +14200 +14300 2036 2020 0.0434
a range +15700 +15800 2033 2040 0.0393
a range +15700 +15800 2040 2033 0.0393
a range +16000 +16100 2010 2019 0.0194
a range +16000 +16100 2019 2010 0.0194
a range +16800 +17000 2004 2039 0.0436
a range +16800 +17000 2006 2032 0.0431
a range +16800 +17000 2024 2034 0.009
a range +16800 +17000 2032 2006 0.0431
a range +16800 +17000 2034 2024 0.009
a range +16800 +17000 2039 2004 0.0436
a range +17000 +17100 2021 2034 0.0371
a range +17000 +17100 2034 2021 0.0371
a range +17200 +17300 2022 2024 0.0285
a range +17200 +17300 2024 2022 0.0285
a range +17500 +17600 2018 2029 0.0143
a range +17500 +17600 2029 2018 0.0143
a range +17600 +17700 2019 2037 0.0206
a range +17600 +17700 2037 2019 0.0206
a range +18200 +18400 2002 2037 0.0431
a range +18200 +18400 2037 2002 0.0431
a range +18600 +18700 2002 2038 0.043
a range +18600 +18700 2038 2002 0.043
a range +18900 +19000 1001 2006 1102.6857
a range +18900 +19000 2006 1001 1102.6857
a range +19200 +19400 1001 2034 1102.6825
a range +19200 +19400 2034 1001 1102.6825
a range +19900 +20000 2008 2021 0.0431
a range +19900 +20000 2021 2008 0.0431
a range +20300 +20500 2001 2030 0.0357
a range +20300 +20500 2030 2001 0.0357
a range +20600 +20700 2002 2023 0.018
a range +20600 +20700 2023 2002 0.018
a range +20900 +21000 2017 2037 0.0235
a range +20900 +21000 2037 2017 0.0235
a range +21000 +21100 2017 2028 0.0159
a range +21000 +21100 2028 2017 0.0159
a range +21000 +21100 2037 2038 0.015
a range +21000 +21100 2038 2037 0.015
a range +21100 +21200 2002 2010 0.0285
a range +21100 +21200 2008 2040 0.0432
a range +21100 +21200 2010 2002 0.0285
a range +21100 +21200 2040 2008 0.0432
a range +21400 +21700 2014 2033 0.0124
a range +21400 +21700 2033 2014 0.0124
a range +21700 +21800 2020 2027 0.0365
a range +21700 +21800 2027 2020 0.0365
a range +22400 +22500 2004 2016 0.0313
a range +22400 +22500 2012 2031 0.0319
a range +22400 +22500 2016 2004 0.0313
a range +22400 +22500 2031 2012 0.0319
a range +22800 +22900 1003 2040 1102.9877
a range +22800 +22900 2040 1003 1102.9877
a range +22900 +23000 2013 2021 0.0293
a range +22900 +23000 2021 2013 0.0293
a range +23000 +23100 2026 2039 0.0371
a range +23000 +23100 2039 2026 0.0371
a range +23100 +23200 2014 2016 0.0285
a range +23100 +23200 2016 2014 0.0285
a range +24200 +24300 2009 2018 0.0143
a range +24200 +24300 2018 2009 0.0143
a range +24400 +24500 1003 2023 1103.0019
a range +24400 +24500 2004 2025 0.0272
a range +24400 +24500 2023 1003 1103.0019
a range +24400 +24500 2025 2004 0.0272
a range +24500 +24700 2003 2029 0.0434
a range +24500 +24700 2029 2003 0.0434
a range +24700 +24800 2035 2037 0.0285
a range +24700 +24800 2037 2035 0.0285
a range +24800 +24900 2016 2028 0.0293
a range +24800 +24900 2028 2016 0.0293
a range +25000 +25100 2013 2026 0.0387
a range +25000 +25100 2026 2013 0.0387
a range +25000 +25100 2037 2038 0.015
a range +25000 +25100 2038 2037 0.015
a range +25400 +25500 2004 9002 1103.3616
a range +25400 +25500 2019 2026 0.0371
a range +25400 +25500 2026 2019 0.0371
a range +25400 +25500 9002 2004 1103.3616
a range +26100 +26200 2004 2017 0.0407
a range +26100 +26200 2017 2004 0.0407
a range +26400 +26600 1002 2023 1103.0896
a range +26400 +26600 2015 9002 1102.917
a range +26400 +26600 2023 1002 1103.0896
a range +26400 +26600 9002 2015 1102.917
a range +27000 +27100 2003 2021 0.031
a range +27000 +27100 2021 2003 0.031
a range +27100 +27300 2008 2016 0.0293
a range +27100 +27300 2014 2015 0.015
a range +27100 +27300 2015 2014 0.015
a range +27100 +27300 2016 2008 0.0293
a range +27300 +27400 1001 2026 1102.8977
a range +27300 +27400 2007 2019 0.0265
a range +27300 +27400 2015 2038 0.0432
a range +27300 +27400 2019 2007 0.0265
a range +27300 +27400 2026 1001 1102.8977
a range +27300 +27400 2038 2015 0.0432
a range +28200 +28300 2035 2037 0.0285
a range +28200 +28300 2037 2035 0.0285
a range +28300 +28400 1001 2018 1103.4549
a range +28300 +28400 2006 2019 0.0371
a range +28300 +28400 2018 1001 1103.4549
a range +28300 +28400 2019 2006 0.0371
a range +28300 +28400 2027 2040 0.0365
a range +28300 +28400 2040 2027 0.0365
a range +28500 +28600 2018 2037 0.018
a range +28500 +28600 2037 2018 0.018
a range +29000 +29200 2006 2007 0.015
a range +29000 +29200 2007 2006 0.015
a range +29200 +29300 2018 2026 0.0293
a range +29200 +29300 2021 2029 0.0285
a range +29200 +29300 2026 2018 0.0293
a range +29200 +29300 2029 2021 0.0285
a range +29300 +29400 2012 2025 0.0365
a range +29300 +29400 2025 2012 0.0365
a range +29700 +29800 1002 2036 1103.2883
a range +29700 +29800 2036 1002 1103.2883
a range +29900 +30000 1003 2036 1103.0024
a range +29900 +30000 2036 1003 1103.0024
a range +30400 +30500 2009 2040 0.0433
a range +30400 +30500 2040 2009 0.0433
a range +30500 +30600 2021 2040 0.0231
a range +30500 +30600 2040 2021 0.0231
a range +30700 +30800 2029 2030 0.015
a range +30700 +30800 2030 2029 0.015
a range +31200 +31300 2022 2040 0.0321
a range +31200 +31300 2040 2022 0.0321
a range +31300 +31600 2028 9002 1103.3884
a range +31300 +31600 9002 2028 1103.3884
a range +31800 +31900 2005 2014 0.0194
a range +31800 +31900 2014 2005 0.0194
a range +31900 +32000 2032 2040 0.0285
a range +31900 +32000 2040 2032 0.0285
a range +32300 +32400 1001 2016 1103.6172
a range +32300 +32400 2001 2012 0.0214
a range +32300 +32400 2012 2001 0.0214
a range +32300 +32400 2016 1001 1103.6172
a range +32700 +33000 2016 2025 0.0231
a range +32700 +33000 2025 2016 0.0231
a range +33000 +33100 2006 2023 0.0432
a range +33000 +33100 2023 2006 0.0432
a range +33900 +34000 2019 2032 0.0431
a range +33900 +34000 2032 2019 0.0431
a range +34000 +34100 2025 2027 0.0285
a range +34000 +34100 2027 2025 0.0285
a range +34100 +34200 1003 2010 1103.9012
a range +34100 +34200 2002 2014 0.0265
a range +34100 +34200 2008 2032 0.0433
a range +34100 +34200 2010 1003 1103.9012
a range +34100 +34200 2014 2002 0.0265
a range +34100 +34200 2032 2008 0.0433
a range +34300 +34400 2024 2036 0.0313
a range +34300 +34400 2036 2024 0.0313
a range +34900 +35000 2003 2004 0.015
a range +34900 +35000 2004 2003 0.015
a range +35400 +35600 2025 2036 0.0231
a range +35400 +35600 2036 2025 0.0231
a range +35700 +35800 1003 2037 1103.8942
a range +35700 +35800 2037 1003 1103.8942
a range +36000 +36100 2004 2026 0.0371
a range +36000 +36100 2026 2004 0.0371
a range +37200 +37300 2038 2039 0.015
a range +37200 +37300 2039 2038 0.015
a range +37500 +37600 1003 2022 1103.9223
a range +37500 +37600 2022 1003 1103.9223
a range +37700 +37900 1003 2031 1103.9061
a range +37700 +37900 2021 2033 0.0293
a range +37700 +37900 2031 1003 1103.9061
a range +37700 +37900 2033 2021 0.0293
a range +37900 +38000 2019 2026 0.0371
a range +37900 +38000 2026 2019 0.0371
a range +38000 +38100 2025 2027 0.0285
a range +38000 +38100 2027 2025 0.0285
a range +38400 +38600 2025 2026 0.015
a range +38400 +38600 2026 2025 0.015
a range +39600 +39800 2018 9003 1103.4237
a range +39600 +39800 2025 2035 0.0168
a range +39600 +39800 2028 2038 0.0023
a range +39600 +39800 2035 2025 0.0168
a range +39600 +39800 2038 2028 0.0023
a range +39600 +39800 9003 2018 1103.4237
a range +39800 +39900 2002 2014 0.0265
a range +39800 +39900 2014 2002 0.0265
a range +40000 +40100 1002 1003 0.1025
a range +40000 +40100 1003 1002 0.1025
a range +40000 +40100 2010 2018 0.0279
a range +40000 +40100 2018 2010 0.0279
a range +41000 +41100 2011 9003 1103.9278
a range +41000 +41100 9003 2011 1103.9278
a range +41400 +41500 2011 2013 0.0285
a range +41400 +41500 2013 2011 0.0285
a range +41400 +41500 2022 2030 0.0285
a range +41400 +41500 2023 2024 0.015
a range +41400 +41500 2024 2023 0.015
a range +41400 +41500 2030 2022 0.0285
a range +41800 +41900 1003 2040 1103.9013
a range +41800 +41900 2014 2025 0.0194
a range +41800 +41900 2025 2014 0.0194
a range +41800 +41900 2040 1003 1103.9013
a range +41900 +42000 2012 2035 0.0432
a range +41900 +42000 2035 2012 0.0432
a range +42600 +42800 2010 2030 0.0311
a range +42600 +42800 2030 2010 0.0311
a range +43400 +43500 2005 2017 0.0321
a range +43400 +43500 2016 2038 0.031
a range +43400 +43500 2017 2005 0.0321
a range +43400 +43500 2038 2016 0.031
a range +43500 +43600 2016 2039 0.043
a range +43500 +43600 2039 2016 0.043
a range +45000 +45100 2001 2033 0.0431
a range +45000 +45100 2033 2001 0.0431
a range +45600 +45700 2035 2037 0.0285
a range +45600 +45700 2037 2035 0.0285
a range +45900 +46200 2028 2030 0.0285
a range +45900 +46200 2030 2028 0.0285
a range +46200 +46300 2009 2037 0.0434
a range +46200 +46300 2037 2009 0.0434
a range +46700 +46800 2008 2028 0.0042
a range +46700 +46800 2028 2008 0.0042
a range +46800 +46900 2012 2035 0.0432
a range +46800 +46900 2014 2036 0.0371
a range +46800 +46900 2035 2012 0.0432
a range +46800 +46900 2036 2014 0.0371
a range +46900 +47000 2019 2027 0.0265
a range +46900 +47000 2027 2019 0.0265
a range +47000 +47100 2002 2039 0.043
a range +47000 +47100 2039 2002 0.043
a range +47100 +47200 2004 2016 0.0313
a range +47100 +47200 2016 2004 0.0313
a range +47200 +47300 2013 2015 0.0285
a range +47200 +47300 2015 2013 0.0285
a range +47200 +47300 2024 2036 0.0313
a range +47200 +47300 2036 2024 0.0313
a range +47400 +47500 2005 2015 0.0168
a range +47400 +47500 2015 2005 0.0168
a range +47600 +47700 2029 2038 0.0143
a range +47600 +47700 2038 2029 0.0143
a range +48200 +48300 2027 2035 0.0321
a range +48200 +48300 2035 2027 0.0321
a range +49200 +49300 2014 2027 0.0407
a range +49200 +49300 2027 2014 0.0407
a range +49400 +49500 2009 2024 0.0432
a range +49400 +49500 2023 2025 0.0285
a range +49400 +49500 2024 2009 0.0432
a range +49400 +49500 2025 2023 0.0285
a range +49500 +49600 2020 2029 0.0194
a range +49500 +49600 2029 2020 0.0194
a range +50100 +50200 1003 2034 1103.9069
a range +50100 +50200 2001 2036 0.0433
a range +50100 +50200 2034 1003 1103.9069
a range +50100 +50200 2036 2001 0.0433
a range +50700 +50800 2003 2015 0.0279
a range +50700 +50800 2015 2003 0.0279
a range +50800 +50900 1003 9001 0.0595
a range +50800 +50900 9001 1003 0.0595
a range +50900 +51100 2005 2018 0.0398
a range +50900 +51100 2018 2005 0.0398
a range +51100 +51200 2024 2036 0.0313
a range +51100 +51200 2036 2024 0.0313
a range +51200 +51300 2012 2034 0.0206
a range +51200 +51300 2034 2012 0.0206
a range +51500 +51600 2007 2016 0.0214
a range +51500 +51600 2016 2007 0.0214
a range +51800 +51900 2020 2039 0.0272
a range +51800 +51900 2039 2020 0.0272
a range +52400 +52600 1001 2007 1104.5051
a range +52400 +52600 2007 1001 1104.5051
a range +52700 +52800 2002 2022 0.0235
a range +52700 +52800 2005 2025 0.0311
a range +52700 +52800 2022 2002 0.0235
a range +52700 +52800 2025 2005 0.0311
a range +52700 +52800 2027 2034 0.0407
a range +52700 +52800 2034 2027 0.0407
a range +52800 +53000 1002 2025 1104.1899
a range +52800 +53000 2025 1002 1104.1899
a range +53300 +53400 2031 9001 1105.0495
a range +53300 +53400 9001 2031 1105.0495
a range +53500 +53700 2025 2026 0.015
a range +53500 +53700 2026 2025 0.015
a range +53700 +53800 2016 2023 0.0387
a range +53700 +53800 2023 2016 0.0387
a range +54300 +54400 2024 2026 0.0285
a range +54300 +54400 2026 2024 0.0285
a range +54400 +54500 2002 2035 0.043
a range +54400 +54500 2035 2002 0.043
a range +54900 +55000 1002 2016 1104.2029
a range +54900 +55000 2016 1002 1104.2029
a range +55000 +55100 2013 2033 0.0042
a range +55000 +55100 2033 2013 0.0042
a range +55300 +55400 2017 2036 0.0319
a range +55300 +55400 2036 2017 0.0319
a range +55700 +55800 2016 2040 0.0432
a range +55700 +55800 2040 2016 0.0432
a range +56300 +56400 2006 2019 0.0371
a range +56300 +56400 2019 2006 0.0371
a range +56400 +56600 2020 2036 0.0432
a range +56400 +56600 2036 2020 0.0432
a range +56700 +56800 2010 2026 0.0432
a range +56700 +56800 2011 2020 0.015
a range +56700 +56800 2020 2011 0.015
a range +56700 +56800 2026 2010 0.0432
a range +56800 +56900 1001 2028 1104.1371
a range +56800 +56900 2028 1001 1104.1371
a range +57000 +57200 2038 2039 0.015
a range +57000 +57200 2039 2038 0.015
a range +57300 +57500 2003 2031 0.0433
a range +57300 +57500 2013 9003 1104.5221
a range +57300 +57500 2031 2003 0.0433
a range +57300 +57500 9003 2013 1104.5221
a range +57600 +57700 2003 2030 0.0432
a range +57600 +57700 2030 2003 0.0432
a range +57700 +58000 1001 2036 1104.5104
a range +57700 +58000 2036 1001 1104.5104
a range +58300 +58500 2016 2027 0.0214
a range +58300 +58500 2017 2026 0.0214
a range +58300 +58500 2026 2017 0.0214
a range +58300 +58500 2027 2016 0.0214
a range +58500 +58600 2014 2025 0.0194
a range +58500 +58600 2025 2014 0.0194
a range +58600 +58700 2014 2024 0.009
a range +58600 +58700 2024 2014 0.009
a range +58700 +58800 2015 2028 0.0398
a range +58700 +58800 2028 2015 0.0398
a range +58800 +58900 1002 2013 1104.18
a range +58800 +58900 2013 1002 1104.18
a range +58900 +59100 2017 2038 0.018
a range +58900 +59100 2038 2017 0.018
a range +59100 +59200 2009 2033 0.0433
a range +59100 +59200 2033 2009 0.0433
a range +59500 +59600 2010 2020 0.0168
a range +59500 +59600 2020 2010 0.0168
a range +59900 +60100 2009 2032 0.0433
a range +59900 +60100 2032 2009 0.0433
a range +60200 +60300 2003 2034 0.0434
a range +60200 +60300 2034 2003 0.0434
a range +60400 +60500 2006 2017 0.0214
a range +60400 +60500 2017 2006 0.0214
a range +60500 +60600 2006 2016 0.0182
a range +60500 +60600 2016 2006 0.0182
a range +60700 +60800 2015 9003 1104.3712
a range +60700 +60800 9003 2015 1104.3712
a range +61800 +62000 2015 2022 0.0365
a range +61800 +62000 2022 2015 0.0365
a range +62000 +62100 1003 2030 1104.8102
a range +62000 +62100 2030 1003 1104.8102
a range +62100 +62200 2006 2039 0.0431
a range +62100 +62200 2010 9001 1105.0483
a range +62100 +62200 2039 2006 0.0431
a range +62100 +62200 9001 2010 1105.0483
a range +62600 +62700 1002 1003 0.1025
a range +62600 +62700 1003 1002 0.1025
a range +64100 +64300 2026 2034 0.0313
a range +64100 +64300 2034 2026 0.0313
a range +64400 +64500 2009 2029 0.0166
a range +64400 +64500 2029 2009 0.0166
a range +64600 +64700 2018 9001 1104.8718
a range +64600 +64700 9001 2018 1104.8718
a range +64800 +65000 2007 2017 0.0127
a range +64800 +65000 2017 2007 0.0127
a range +64800 +65000 2023 2033 0.0023
a range +64800 +65000 2033 2023 0.0023
a range +65000 +65100 2008 2017 0.0159
a range +65000 +65100 2011 2020 0.015
a range +65000 +65100 2017 2008 0.0159
a range +65000 +65100 2020 2011 0.015
a range +65300 +65500 2003 2035 0.043
a range +65300 +65500 2035 2003 0.043
a range +65500 +65600 2002 2034 0.0431
a range +65500 +65600 2018 2030 0.0279
a range +65500 +65600 2030 2018 0.0279
a range +65500 +65600 2034 2002 0.0431
a range +65600 +65700 2014 2015 0.015
a range +65600 +65700 2015 2014 0.015
a range +65700 +65800 2019 2021 0.0313
a range +65700 +65800 2021 2019 0.0313
a range +66200 +66300 2022 2029 0.0393
a range +66200 +66300 2029 2022 0.0393
a range +66400 +66600 2012 2029 0.0407
a range +66400 +66600 2029 2012 0.0407
a range +66600 +66700 1002 2036 1105.1191
a range +66600 +66700 2036 1002 1105.1191
a range +66700 +66900 1002 2037 1105.1173
a range +66700 +66900 2037 1002 1105.1173
a range +67400 +67500 2010 2034 0.043
a range +67400 +67500 2034 2010 0.043
a range +67500 +67700 2003 2040 0.043
a range +67500 +67700 2013 2036 0.043
a range +67500 +67700 2036 2013 0.043
a range +67500 +67700 2040 2003 0.043
a range +67800 +67900 2011 2033 0.031
a range +67800 +67900 2014 2036 0.0371
a range +67800 +67900 2033 2011 0.031
a range +67800 +67900 2036 2014 0.0371
a range +68000 +68100 1002 2031 1105.1027
a range +68000 +68100 2003 2024 0.0124
a range +68000 +68100 2024 2003 0.0124
a range +68000 +68100 2025 2037 0.0321
a range +68000 +68100 2031 1002 1105.1027
a range +68000 +68100 2037 2025 0.0321
a range +68100 +68200 1002 2032 1105.1044
a range +68100 +68200 2032 1002 1105.1044
a range +68300 +68500 2009 2020 0.0194
a range +68300 +68500 2020 2009 0.0194
a range +68500 +68600 2005 2017 0.0321
a range +68500 +68600 2017 2005 0.0321
a range +68600 +68700 1002 2014 1104.451
a range +68600 +68700 2010 2022 0.0393
a range +68600 +68700 2014 1002 1104.451
a range +68600 +68700 2022 2010 0.0393
a range +68800 +68900 2009 2021 0.0371
a range +68800 +68900 2021 2009 0.0371
a range +68900 +69000 1002 2016 1105.0821
a range +68900 +69000 2016 1002 1105.0821
a range +69300 +69500 2001 2026 0.0433
a range +69300 +69500 2026 2001 0.0433
a range +69500 +69600 2017 2040 0.043
a range +69500 +69600 2040 2017 0.043
a range +69800 +69900 2026 2027 0.015
a range +69800 +69900 2027 2026 0.015
a range +70000 +70100 2007 2040 0.0435
a range +70000 +70100 2040 2007 0.0435
a range +70300 +70400 2023 2025 0.0285
a range +70300 +70400 2025 2023 0.0285
a range +70700 +70800 2004 2038 0.0431
a range +70700 +70800 2015 2023 0.0279
a range +70700 +70800 2023 2015 0.0279
a range +70700 +70800 2038 2004 0.0431
a range +70900 +71200 2001 2039 0.0433
a range +70900 +71200 2039 2001 0.0433
a range +71500 +71700 1003 2036 1104.7996
a range +71500 +71700 2036 1003 1104.7996
a range +71800 +71900 2023 2036 0.0387
a range +71800 +71900 2036 2023 0.0387
a range +71900 +72000 2026 2034 0.0313
a range +71900 +72000 2034 2026 0.0313
a range +72000 +72100 2024 2036 0.0313
a range +72000 +72100 2028 2038 0.0023
a range +72000 +72100 2036 2024 0.0313
a range +72000 +72100 2038 2028 0.0023
a range +73000 +73100 1003 2039 1104.8128
a range +73000 +73100 2006 2024 0.0371
a range +73000 +73100 2024 2006 0.0371
a range +73000 +73100 2039 1003 1104.8128
a range +73100 +73300 2029 9001 1104.8133
a range +73100 +73300 9001 2029 1104.8133
a range +73700 +73800 2018 2036 0.031
a range +73700 +73800 2036 2018 0.031
a range +74100 +74200 2001 2022 0.0319
a range +74100 +74200 2022 2001 0.0319
a range +74200 +74500 2016 2024 0.0313
a range +74200 +74500 2024 2016 0.0313
a range +74500 +74600 2009 2033 0.0431
a range +74500 +74600 2033 2009 0.0431
a range +74800 +74900 2001 2017 0.043
a range +74800 +74900 2017 2001 0.043
a range +75300 +75400 2018 2025 0.0398
a range +75300 +75400 2025 2018 0.0398
a range +75400 +75600 2002 2033 0.0432
a range +75400 +75600 2005 2036 0.043
a range +75400 +75600 2033 2002 0.0432
a range +75400 +75600 2036 2005 0.043
a range +75900 +76000 2025 2037 0.0321
a range +75900 +76000 2037 2025 0.0321
a range +76100 +76300 1003 2016 1104.7872
a range +76100 +76300 2012 2029 0.0407
a range +76100 +76300 2015 2032 0.0432
a range +76100 +76300 2016 1003 1104.7872
a range +76100 +76300 2029 2012 0.0407
a range +76100 +76300 2032 2015 0.0432
a range +76800 +76900 2020 2035 0.0432
a range +76800 +76900 2035 2020 0.0432
a range +77200 +77300 2026 2034 0.0313
a range +77200 +77300 2030 2039 0.0194
a range +77200 +77300 2034 2026 0.0313
a range +77200 +77300 2039 2030 0.0194
a range +77300 +77500 2002 2024 0.0206
a range +77300 +77500 2024 2002 0.0206
a range +77700 +77900 2003 2011 0.0293
a range +77700 +77900 2011 2003 0.0293
a range +78000 +78100 2007 9001 1105.0648
a range +78000 +78100 9001 2007 1105.0648
a range +78100 +78200 1002 2022 1105.0938
a range +78100 +78200 2007 2038 0.0432
a range +78100 +78200 2022 1002 1105.0938
a range +78100 +78200 2038 2007 0.0432
a range +78300 +78400 2006 2032 0.0433
a range +78300 +78400 2032 2006 0.0433
a range +78400 +78700 1001 2026 1104.9984
a range +78400 +78700 2026 1001 1104.9984
a range +79000 +79100 2007 2034 0.0436
a range +79000 +79100 2022 2029 0.0393
a range +79000 +79100 2029 2022 0.0393
a range +79000 +79100 2034 2007 0.0436
a range +79100 +79200 1002 2002 1105.1028
a range +79100 +79200 2002 1002 1105.1028
a range +79200 +79300 1002 2002 1105.1028
a range +79200 +79300 2002 1002 1105.1028
a range +79200 +79300 2014 2021 0.0371
a range +79200 +79300 2021 2014 0.0371
a range +79300 +79400 2009 2010 0.015
a range +79300 +79400 2010 2009 0.015
a range +79300 +79400 2014 2016 0.0285
a range +79300 +79400 2015 2022 0.0365
a range +79300 +79400 2016 2014 0.0285
a range +79300 +79400 2018 2025 0.0398
a range +79300 +79400 2022 2015 0.0365
a range +79300 +79400 2025 2018 0.0398
a range +79300 +79400 2031 2039 0.0285
a range +79300 +79400 2039 2031 0.0285
a range +79800 +79900 2009 2018 0.0143
a range +79800 +79900 2018 2009 0.0143
a range +79800 +79900 2026 2039 0.0371
a range +79800 +79900 2039 2026 0.0371
a range +79900 +80100 2008 2032 0.0431
a range +79900 +80100 2010 2017 0.0365
a range +79900 +80100 2017 2010 0.0365
a range +79900 +80100 2032 2008 0.0431
a range +80100 +80200 2019 2037 0.0206
a range +80100 +80200 2037 2019 0.0206
a range +81100 +81200 2004 2017 0.0407
a range +81100 +81200 2017 2004 0.0407
a range +81700 +81800 2025 9002 1105.0846
a range +81700 +81800 9002 2025 1105.0846
a range +81800 +82000 2013 9002 1105.0618
a range +81800 +82000 9002 2013 1105.0618
a range +82500 +82800 1001 2008 1105.0312
a range +82500 +82800 2008 1001 1105.0312
a range +82500 +82800 2009 2010 0.015
a range +82500 +82800 2010 2009 0.015
a range +82800 +83000 2019 2029 0.009
a range +82800 +83000 2029 2019 0.009
a range +83200 +83300 2034 2035 0.015
a range +83200 +83300 2035 2034 0.015
a range +83300 +83400 2005 2037 0.0431
a range +83300 +83400 2037 2005 0.0431
a range +83600 +83800 2020 2028 0.0279
a range +83600 +83800 2028 2020 0.0279
a range +83900 +84000 1003 2040 1105.0466
a range +83900 +84000 2007 2009 0.0285
a range +83900 +84000 2009 2007 0.0285
a range +83900 +84000 2040 1003 1105.0466
a range +84000 +84100 1001 2022 1105.0146
a range +84000 +84100 2022 1001 1105.0146
a range +84700 +84900 1003 2007 1105.0612
a range +84700 +84900 2006 2017 0.0214
a range +84700 +84900 2007 1003 1105.0612
a range +84700 +84900 2016 2036 0.0337
a range +84700 +84900 2017 2006 0.0214
a range +84700 +84900 2036 2016 0.0337
a range +84900 +85000 2028 2038 0.0023
a range +84900 +85000 2038 2028 0.0023
a range +85000 +85100 2015 2036 0.0357
a range +85000 +85100 2036 2015 0.0357
a range +85100 +85200 2007 2015 0.0321
a range +85100 +85200 2015 2007 0.0321
a range +85100 +85200 2028 2037 0.0159
a range +85100 +85200 2037 2028 0.0159
a range +85300 +85400 1002 2007 1105.119
a range +85300 +85400 1003 2010 1105.0446
a range +85300 +85400 2007 1002 1105.119
a range +85300 +85400 2009 2018 0.0143
a range +85300 +85400 2010 1003 1105.0446
a range +85300 +85400 2017 2038 0.018
a range +85300 +85400 2018 2009 0.0143
a range +85300 +85400 2027 2037 0.0127
a range +85300 +85400 2037 2027 0.0127
a range +85300 +85400 2038 2017 0.018
a range +86200 +86300 2020 2034 0.0402
a range +86200 +86300 2034 2020 0.0402
