a contact +200 +300 2002 9002 1000
a contact +200 +300 9002 2002 1000
a contact +300 +400 2009 2045 1000
a contact +300 +400 2020 2035 1000
a contact +300 +400 2035 2020 1000
a contact +300 +400 2045 2009 1000
a contact +400 +500 2010 2043 1000
a contact +400 +500 2020 2034 1000
a contact +400 +500 2034 2020 1000
a contact +400 +500 2043 2010 1000
a contact +900 +1000 2021 2032 1000
a contact +900 +1000 2032 2021 1000
a contact +1000 +1200 2020 2031 1000
a contact +1000 +1200 2031 2020 1000
a contact +1300 +1400 1001 1003 1000
a contact +1300 +1400 1003 1001 1000
a contact +1700 +1800 2013 2021 1000
a contact +1700 +1800 2021 2013 1000
a contact +2100 +2200 2026 2041 1000
a contact +2100 +2200 2041 2026 1000
a contact +2500 +2600 2030 2046 1000
a contact +2500 +2600 2046 2030 1000
a contact +2700 +2800 2002 2012 1000
a contact +2700 +2800 2012 2002 1000
a contact +2700 +2800 2017 2025 1000
a contact +2700 +2800 2025 2017 1000
a contact +2800 +3000 2013 2043 1000
a contact +2800 +3000 2043 2013 1000
a contact +3000 +3100 1003 2037 1000
a contact +3000 +3100 2004 2031 1000
a contact +3000 +3100 2031 2004 1000
a contact +3000 +3100 2037 1003 1000
a contact +3200 +3300 2022 2045 1000
a contact +3200 +3300 2045 2022 1000
a contact +3400 +3500 2009 9001 1000
a contact +3400 +3500 9001 2009 1000
a contact +3500 +3600 2004 2034 1000
a contact +3500 +3600 2034 2004 1000
a contact +3600 +3700 2018 9002 1000
a contact +3600 +3700 9002 2018 1000
a contact +3900 +4000 2011 2020 1000
a contact +3900 +4000 2014 2023 1000
a contact +3900 +4000 2020 2011 1000
a contact +3900 +4000 2023 2014 1000
a contact +4200 +4300 2024 9001 1000
a contact +4200 +4300 2030 2043 1000
a contact +4200 +4300 2036 2045 1000
a contact +4200 +4300 2043 2030 1000
a contact +4200 +4300 2045 2036 1000
a contact +4200 +4300 9001 2024 1000
a contact +4700 +4800 2035 2044 1000
a contact +4700 +4800 2044 2035 1000
a contact +4900 +5000 2038 2046 1000
a contact +4900 +5000 2046 2038 1000
a contact +5100 +5200 2004 2005 1000
a contact +5100 +5200 2005 2004 1000
a contact +5200 +5300 2006 2008 1000
a contact +5200 +5300 2008 2006 1000
a contact +5200 +5300 2042 2044 1000
a contact +5200 +5300 2044 2042 1000
a contact +5500 +5600 2005 2006 1000
a contact +5500 +5600 2006 2005 1000
a contact +5800 +5900 1003 2017 1000
a contact +5800 +5900 2017 1003 1000
a contact +5900 +6000 1003 2016 1000
a contact +5900 +6000 2016 1003 1000
a contact +6000 +6200 1003 2015 1000
a contact +6000 +6200 2014 2037 1000
a contact +6000 +6200 2015 1003 1000
a contact +6000 +6200 2037 2014 1000
a contact +6200 +6300 2021 2033 1000
a contact +6200 +6300 2033 2021 1000
a contact +6300 +6400 2009 2021 1000
a contact +6300 +6400 2021 2009 1000
a contact +6500 +6600 2013 2024 1000
a contact +6500 +6600 2024 2013 1000
a contact +6500 +6600 2028 2029 1000
a contact +6500 +6600 2029 2028 1000
a contact +6600 +6700 2002 2047 1000
a contact +6600 +6700 2047 2002 1000
a contact +6700 +6800 1003 2008 1000
a contact +6700 +6800 2008 1003 1000
a contact +7100 +7200 2030 2044 1000
a contact +7100 +7200 2044 2030 1000
a contact +7300 +7500 2028 2041 1000
a contact +7300 +7500 2041 2028 1000
a contact +7900 +8000 2015 2047 1000
a contact +7900 +8000 2047 2015 1000
a contact +8100 +8200 2006 2037 1000
a contact +8100 +8200 2037 2006 1000
a contact +8200 +8300 2011 2019 1000
a contact +8200 +8300 2019 2011 1000
a contact +8600 +8700 2024 9001 1000
a contact +8600 +8700 9001 2024 1000
a contact +8700 +8800 2035 2043 1000
a contact +8700 +8800 2043 2035 1000
a contact +9000 +9100 2007 2035 1000
a contact +9000 +9100 2035 2007 1000
a contact +9100 +9300 2013 2014 1000
a contact +9100 +9300 2014 2013 1000
a contact +9300 +9400 2018 2032 1000
a contact +9300 +9400 2032 2018 1000
a contact +9300 +9400 2037 2047 1000
a contact +9300 +9400 2047 2037 1000
a contact +9400 +9500 2044 2048 1000
a contact +9400 +9500 2048 2044 1000
a contact +9500 +9600 2011 2013 1000
a contact +9500 +9600 2013 2011 1000
a contact +9500 +9600 2044 2045 1000
a contact +9500 +9600 2045 2044 1000
a contact +9800 +9900 2017 2033 1000
a contact +9800 +9900 2033 2017 1000
a contact +9900 +10000 2046 2048 1000
a contact +9900 +10000 2048 2046 1000
a contact +10000 +10100 2020 2032 1000
a contact +10000 +10100 2032 2020 1000
a contact +10600 +10700 1003 2040 1000
a contact +10600 +10700 2025 2033 1000
a contact +10600 +10700 2033 2025 1000
a contact +10600 +10700 2040 1003 1000
a contact +10700 +10900 2004 2016 1000
a contact +10700 +10900 2009 2044 1000
a contact +10700 +10900 2016 2004 1000
a contact +10700 +10900 2044 2009 1000
a contact +11400 +11500 1002 2012 1000
a contact +11400 +11500 2012 1002 1000
a contact +11500 +11600 1001 2015 1000
a contact +11500 +11600 2015 1001 1000
a contact +12300 +12400 1002 2022 1000
a contact +12300 +12400 2022 1002 1000
a contact +12400 +12500 2017 2018 1000
a contact +12400 +12500 2018 2017 1000
a contact +12600 +12700 1001 2024 1000
a contact +12600 +12700 2024 1001 1000
a contact +12800 +12900 1003 2011 1000
a contact +12800 +12900 2011 1003 1000
a contact +13200 +13300 2009 2028 1000
a contact +13200 +13300 2011 2026 1000
a contact +13200 +13300 2026 2011 1000
a contact +13200 +13300 2028 2009 1000
a contact +13200 +13300 2035 2047 1000
a contact +13200 +13300 2047 2035 1000
a contact +13400 +13500 2019 2047 1000
a contact +13400 +13500 2047 2019 1000
a contact +13500 +13600 2006 2026 1000
a contact +13500 +13600 2026 2006 1000
a contact +13600 +13700 2020 2047 1000
a contact +13600 +13700 2032 2041 1000
a contact +13600 +13700 2041 2032 1000
a contact +13600 +13700 2047 2020 1000
a contact +13700 +13800 2036 2044 1000
a contact +13700 +13800 2044 2036 1000
a contact +13800 +14000 2002 2023 1000
a contact +13800 +14000 2023 2002 1000
a contact +13800 +14000 2039 2043 1000
a contact +13800 +14000 2043 2039 1000
a contact +14000 +14100 1002 2036 1000
a contact +14000 +14100 2036 1002 1000
a contact +14100 +14200 1002 2034 1000
a contact +14100 +14200 2007 2048 1000
a contact +14100 +14200 2014 2015 1000
a contact +14100 +14200 2015 2014 1000
a contact +14100 +14200 2017 2018 1000
a contact +14100 +14200 2018 2017 1000
a contact +14100 +14200 2024 2028 1000
a contact +14100 +14200 2028 2024 1000
a contact +14100 +14200 2034 1002 1000
a contact +14100 +14200 2048 2007 1000
a contact +14500 +14600 2004 2012 1000
a contact +14500 +14600 2012 2004 1000
a contact +14700 +14800 2021 2033 1000
a contact +14700 +14800 2033 2021 1000
a contact +14800 +14900 1002 2046 1000
a contact +14800 +14900 2046 1002 1000
a contact +15000 +15200 2008 2039 1000
a contact +15000 +15200 2039 2008 1000
a contact +15200 +15300 2021 2030 1000
a contact +15200 +15300 2030 2021 1000
a contact +15600 +15700 2006 2042 1000
a contact +15600 +15700 2042 2006 1000
a contact +15700 +15800 2009 2042 1000
a contact +15700 +15800 2032 2048 1000
a contact +15700 +15800 2042 2009 1000
a contact +15700 +15800 2048 2032 1000
a contact +15800 +15900 1002 9003 1000
a contact +15800 +15900 2014 2044 1000
a contact +15800 +15900 2044 2014 1000
a contact +15800 +15900 9003 1002 1000
a contact +15900 +16000 2013 2040 1000
a contact +15900 +16000 2040 2013 1000
a contact +16100 +16200 2016 2027 1000
a contact +16100 +16200 2027 2016 1000
a contact +16300 +16500 2004 2024 1000
a contact +16300 +16500 2024 2004 1000
a contact +16600 +16700 2008 2030 1000
a contact +16600 +16700 2030 2008 1000
a contact +17000 +17200 2010 2020 1000
a contact +17000 +17200 2020 2010 1000
a contact +17700 +17800 2003 2024 1000
a contact +17700 +17800 2024 2003 1000
a contact +17700 +17800 2034 2042 1000
a contact +17700 +17800 2042 2034 1000
a contact +17800 +17900 2035 2043 1000
a contact +17800 +17900 2043 2035 1000
a contact +18100 +18200 2005 2033 1000
a contact +18100 +18200 2033 2005 1000
a contact +18200 +18300 2014 2015 1000
a contact +18200 +18300 2015 2014 1000
a contact +18500 +18600 2041 2045 1000
a contact +18500 +18600 2045 2041 1000
a contact +18600 +18700 2041 9002 1000
a contact +18600 +18700 9002 2041 1000
a contact +19200 +19300 2024 2032 1000
a contact +19200 +19300 2032 2024 1000
a contact +19300 +19400 2047 2048 1000
a contact +19300 +19400 2048 2047 1000
a contact +19400 +19500 2046 2048 1000
a contact +19400 +19500 2048 2046 1000
a contact +19500 +19600 2004 2042 1000
a contact +19500 +19600 2007 2045 1000
a contact +19500 +19600 2042 2004 1000
a contact +19500 +19600 2045 2007 1000
a contact +19800 +19900 2033 2035 1000
a contact +19800 +19900 2035 2033 1000
a contact +19900 +20000 2030 2046 1000
a contact +19900 +20000 2046 2030 1000
a contact +20000 +20100 2029 2043 1000
a contact +20000 +20100 2043 2029 1000
a contact +20100 +20300 2033 2048 1000
a contact +20100 +20300 2048 2033 1000
a contact +20700 +20800 1003 2048 1000
a contact +20700 +20800 2048 1003 1000
a contact +20900 +21000 1001 9003 1000
a contact +20900 +21000 9003 1001 1000
a contact +21000 +21100 2010 2033 1000
a contact +21000 +21100 2033 2010 1000
a contact +21100 +21200 2001 2024 1000
a contact +21100 +21200 2024 2001 1000
a contact +21200 +21300 1002 9001 1000
a contact +21200 +21300 9001 1002 1000
a contact +21300 +21400 2001 2028 1000
a contact +21300 +21400 2028 2001 1000
a contact +21400 +21500 2003 2030 1000
a contact +21400 +21500 2025 2047 1000
a contact +21400 +21500 2030 2003 1000
a contact +21400 +21500 2047 2025 1000
a contact +21500 +21600 2012 2038 1000
a contact +21500 +21600 2038 2012 1000
a contact +21700 +21900 2004 2029 1000
a contact +21700 +21900 2029 2004 1000
a contact +21900 +22000 2005 2033 1000
a contact +21900 +22000 2033 2005 1000
a contact +22000 +22200 2004 2034 1000
a contact +22000 +22200 2034 2004 1000
a contact +22200 +22300 2009 2018 1000
a contact +22200 +22300 2018 2009 1000
a contact +22200 +22300 2019 2044 1000
a contact +22200 +22300 2038 2046 1000
a contact +22200 +22300 2044 2019 1000
a contact +22200 +22300 2046 2038 1000
a contact +22400 +22500 2013 2014 1000
a contact +22400 +22500 2014 2013 1000
a contact +22400 +22500 2019 2046 1000
a contact +22400 +22500 2046 2019 1000
a contact +22800 +22900 2022 2038 1000
a contact +22800 +22900 2038 2022 1000
a contact +23000 +23200 2018 2033 1000
a contact +23000 +23200 2033 2018 1000
a contact +23200 +23300 2020 2035 1000
a contact +23200 +23300 2035 2020 1000
a contact +23300 +23400 2001 2027 1000
a contact +23300 +23400 2021 2035 1000
a contact +23300 +23400 2027 2001 1000
a contact +23300 +23400 2035 2021 1000
a contact +23400 +23500 2020 2031 1000
a contact +23400 +23500 2022 2035 1000
a contact +23400 +23500 2031 2020 1000
a contact +23400 +23500 2035 2022 1000
a contact +23500 +23600 2044 2045 1000
a contact +23500 +23600 2045 2044 1000
a contact +23600 +23700 2017 2025 1000
a contact +23600 +23700 2025 2017 1000
a contact +23900 +24000 1002 2003 1000
a contact +23900 +24000 2003 1002 1000
a contact +24300 +24400 1003 2008 1000
a contact +24300 +24400 2008 1003 1000
a contact +24500 +24600 2011 2034 1000
a contact +24500 +24600 2020 2022 1000
a contact +24500 +24600 2022 2020 1000
a contact +24500 +24600 2034 2011 1000
a contact +24600 +24700 2013 2045 1000
a contact +24600 +24700 2033 2047 1000
a contact +24600 +24700 2045 2013 1000
a contact +24600 +24700 2047 2033 1000
a contact +24800 +25000 2021 2022 1000
a contact +24800 +25000 2022 2021 1000
a contact +24800 +25000 2029 2043 1000
a contact +24800 +25000 2043 2029 1000
a contact +25000 +25100 2012 2021 1000
a contact +25000 +25100 2021 2012 1000
a contact +25000 +25100 2031 2047 1000
a contact +25000 +25100 2047 2031 1000
a contact +25200 +25300 1003 2013 1000
a contact +25200 +25300 2004 2017 1000
a contact +25200 +25300 2005 2035 1000
a contact +25200 +25300 2013 1003 1000
a contact +25200 +25300 2017 2004 1000
a contact +25200 +25300 2023 2047 1000
a contact +25200 +25300 2031 2045 1000
a contact +25200 +25300 2035 2005 1000
a contact +25200 +25300 2045 2031 1000
a contact +25200 +25300 2047 2023 1000
a contact +25600 +25700 2003 2033 1000
a contact +25600 +25700 2005 2026 1000
a contact +25600 +25700 2026 2005 1000
a contact +25600 +25700 2033 2003 1000
a contact +25800 +25900 2034 2044 1000
a contact +25800 +25900 2044 2034 1000
a contact +25900 +26000 2011 2033 1000
a contact +25900 +26000 2033 2011 1000
a contact +26000 +26200 2008 2036 1000
a contact +26000 +26200 2036 2008 1000
a contact +26200 +26300 2021 2044 1000
a contact +26200 +26300 2022 2045 1000
a contact +26200 +26300 2044 2021 1000
a contact +26200 +26300 2045 2022 1000
a contact +26300 +26400 1002 2016 1000
a contact +26300 +26400 2016 1002 1000
a contact +26300 +26400 2021 2042 1000
a contact +26300 +26400 2042 2021 1000
a contact +26800 +26900 2010 2028 1000
a contact +26800 +26900 2028 2010 1000
a contact +26800 +26900 2029 2033 1000
a contact +26800 +26900 2033 2029 1000
a contact +26900 +27000 2006 2045 1000
a contact +26900 +27000 2045 2006 1000
a contact +27200 +27300 2007 2048 1000
a contact +27200 +27300 2014 2015 1000
a contact +27200 +27300 2015 2014 1000
a contact +27200 +27300 2048 2007 1000
a contact +27500 +27600 2022 9002 1000
a contact +27500 +27600 9002 2022 1000
a contact +27600 +27700 1003 2031 1000
a contact +27600 +27700 2016 2017 1000
a contact +27600 +27700 2017 2016 1000
a contact +27600 +27700 2019 2020 1000
a contact +27600 +27700 2020 2019 1000
a contact +27600 +27700 2031 1003 1000
a contact +27700 +27800 1003 2027 1000
a contact +27700 +27800 2027 1003 1000
a contact +27800 +27900 2015 9002 1000
a contact +27800 +27900 9002 2015 1000
a contact +28000 +28100 1003 2024 1000
a contact +28000 +28100 2024 1003 1000
a contact +28500 +28600 2013 2041 1000
a contact +28500 +28600 2041 2013 1000
a contact +28600 +28700 2014 2039 1000
a contact +28600 +28700 2039 2014 1000
a contact +28700 +28800 1003 2021 1000
a contact +28700 +28800 2015 2037 1000
a contact +28700 +28800 2021 1003 1000
a contact +28700 +28800 2037 2015 1000
a contact +28900 +29100 2008 2039 1000
a contact +28900 +29100 2039 2008 1000
a contact +29100 +29200 1001 2018 1000
a contact +29100 +29200 2018 1001 1000
a contact +29200 +29300 2028 2042 1000
a contact +29200 +29300 2033 2047 1000
a contact +29200 +29300 2042 2028 1000
a contact +29200 +29300 2047 2033 1000
a contact +29500 +29600 2033 2048 1000
a contact +29500 +29600 2048 2033 1000
a contact +29600 +29700 2012 2024 1000
a contact +29600 +29700 2024 2012 1000
a contact +29900 +30000 2004 2038 1000
a contact +29900 +30000 2008 2021 1000
a contact +29900 +30000 2021 2008 1000
a contact +29900 +30000 2028 2048 1000
a contact +29900 +30000 2038 2004 1000
a contact +29900 +30000 2048 2028 1000
a contact +30200 +30300 1001 2026 1000
a contact +30200 +30300 2026 1001 1000
a contact +30200 +30300 2034 2045 1000
a contact +30200 +30300 2045 2034 1000
a contact +30300 +30400 2024 9003 1000
a contact +30300 +30400 9003 2024 1000
a contact +30500 +30600 2024 2045 1000
a contact +30500 +30600 2031 2046 1000
a contact +30500 +30600 2045 2024 1000
a contact +30500 +30600 2046 2031 1000
a contact +31000 +31100 2014 2029 1000
a contact +31000 +31100 2019 2045 1000
a contact +31000 +31100 2029 2014 1000
a contact +31000 +31100 2045 2019 1000
a contact +31100 +31300 2010 2024 1000
a contact +31100 +31300 2024 2010 1000
a contact +31300 +31400 2017 2018 1000
a contact +31300 +31400 2018 2017 1000
a contact +31300 +31400 2043 2047 1000
a contact +31300 +31400 2047 2043 1000
a contact +31400 +31500 2020 2033 1000
a contact +31400 +31500 2033 2020 1000
a contact +31600 +31700 2011 2045 1000
a contact +31600 +31700 2045 2011 1000
a contact +32000 +32100 2016 2027 1000
a contact +32000 +32100 2027 2016 1000
a contact +32300 +32400 2021 2032 1000
a contact +32300 +32400 2032 2021 1000
a contact +32500 +32600 2011 9003 1000
a contact +32500 +32600 9003 2011 1000
a contact +32700 +32900 2016 2032 1000
a contact +32700 +32900 2032 2016 1000
a contact +33200 +33300 2037 9003 1000
a contact +33200 +33300 9003 2037 1000
a contact +33400 +33500 2009 2020 1000
a contact +33400 +33500 2020 2009 1000
a contact +33500 +33600 2011 2019 1000
a contact +33500 +33600 2019 2011 1000
a contact +33800 +33900 2032 2042 1000
a contact +33800 +33900 2042 2032 1000
a contact +34200 +34300 2002 2013 1000
a contact +34200 +34300 2013 2002 1000
a contact +34300 +34400 2025 2046 1000
a contact +34300 +34400 2046 2025 1000
a contact +34400 +34500 2032 2045 1000
a contact +34400 +34500 2045 2032 1000
a contact +34600 +34700 2011 2029 1000
a contact +34600 +34700 2029 2011 1000
a contact +34700 +34800 2030 2040 1000
a contact +34700 +34800 2040 2030 1000
a contact +34800 +34900 2007 2022 1000
a contact +34800 +34900 2022 2007 1000
a contact +35100 +35200 2008 2024 1000
a contact +35100 +35200 2024 2008 1000
a contact +35200 +35400 2002 2031 1000
a contact +35200 +35400 2031 2002 1000
a contact +35400 +35500 2007 2020 1000
a contact +35400 +35500 2020 2007 1000
a contact +35800 +36000 2024 2028 1000
a contact +35800 +36000 2028 2024 1000
a contact +35800 +36000 2039 9002 1000
a contact +35800 +36000 9002 2039 1000
a contact +36000 +36100 1002 2007 1000
a contact +36000 +36100 2007 1002 1000
a contact +36200 +36300 1002 2008 1000
a contact +36200 +36300 2008 1002 1000
a contact +36400 +36500 2021 2033 1000
a contact +36400 +36500 2033 2021 1000
a contact +36500 +36600 1001 2007 1000
a contact +36500 +36600 1002 2010 1000
a contact +36500 +36600 2007 1001 1000
a contact +36500 +36600 2010 1002 1000
a contact +36500 +36600 2011 2044 1000
a contact +36500 +36600 2019 2034 1000
a contact +36500 +36600 2034 2019 1000
a contact +36500 +36600 2044 2011 1000
a contact +36900 +37000 2040 2041 1000
a contact +36900 +37000 2041 2040 1000
a contact +37000 +37200 2016 2030 1000
a contact +37000 +37200 2030 2016 1000
a contact +37300 +37400 2003 2011 1000
a contact +37300 +37400 2011 2003 1000
a contact +37600 +37700 2017 9002 1000
a contact +37600 +37700 9002 2017 1000
a contact +37700 +37800 2012 9003 1000
a contact +37700 +37800 9003 2012 1000
a contact +37800 +37900 2021 9003 1000
a contact +37800 +37900 9003 2021 1000
a contact +37900 +38000 2025 2033 1000
a contact +37900 +38000 2033 2025 1000
a contact +38600 +38700 1001 2019 1000
a contact +38600 +38700 1002 2022 1000
a contact +38600 +38700 2005 2031 1000
a contact +38600 +38700 2011 2035 1000
a contact +38600 +38700 2019 1001 1000
a contact +38600 +38700 2022 1002 1000
a contact +38600 +38700 2031 2005 1000
a contact +38600 +38700 2035 2011 1000
a contact +38700 +38800 2001 2030 1000
a contact +38700 +38800 2015 2038 1000
a contact +38700 +38800 2030 2001 1000
a contact +38700 +38800 2038 2015 1000
a contact +38800 +38900 1003 2040 1000
a contact +38800 +38900 2001 2017 1000
a contact +38800 +38900 2017 2001 1000
a contact +38800 +38900 2021 2045 1000
a contact +38800 +38900 2040 1003 1000
a contact +38800 +38900 2045 2021 1000
a contact +38900 +39000 2018 2040 1000
a contact +38900 +39000 2036 2046 1000
a contact +38900 +39000 2040 2018 1000
a contact +38900 +39000 2046 2036 1000
a contact +39200 +39300 2033 2045 1000
a contact +39200 +39300 2045 2033 1000
a contact +39300 +39400 2009 2022 1000
a contact +39300 +39400 2022 2009 1000
a contact +39300 +39400 2031 2041 1000
a contact +39300 +39400 2041 2031 1000
a contact +39900 +40100 2016 2047 1000
a contact +39900 +40100 2047 2016 1000
a contact +40300 +40500 2024 2044 1000
a contact +40300 +40500 2044 2024 1000
a contact +40600 +40700 1002 1003 1000
a contact +40600 +40700 1003 1002 1000
a contact +40700 +40800 2008 2010 1000
a contact +40700 +40800 2010 2008 1000
a contact +40800 +40900 2006 2044 1000
a contact +40800 +40900 2044 2006 1000
a contact +41000 +41100 2016 2024 1000
a contact +41000 +41100 2024 2016 1000
a contact +41100 +41200 2027 2035 1000
a contact +41100 +41200 2035 2027 1000
a contact +41300 +41400 2019 2034 1000
a contact +41300 +41400 2021 2030 1000
a contact +41300 +41400 2024 2033 1000
a contact +41300 +41400 2030 2021 1000
a contact +41300 +41400 2033 2024 1000
a contact +41300 +41400 2034 2019 1000
a contact +41400 +41500 2016 2028 1000
a contact +41400 +41500 2028 2016 1000
a contact +41600 +41700 1001 2048 1000
a contact +41600 +41700 2013 2029 1000
a contact +41600 +41700 2029 2013 1000
a contact +41600 +41700 2048 1001 1000
a contact +42200 +42300 2018 2033 1000
a contact +42200 +42300 2033 2018 1000
a contact +42200 +42300 2041 2042 1000
a contact +42200 +42300 2042 2041 1000
a contact +42300 +42400 1001 2040 1000
a contact +42300 +42400 2040 1001 1000
a contact +42300 +42400 2041 9003 1000
a contact +42300 +42400 2042 2046 1000
a contact +42300 +42400 2046 2042 1000
a contact +42300 +42400 9003 2041 1000
a contact +42600 +42700 1002 9002 1000
a contact +42600 +42700 2008 2039 1000
a contact +42600 +42700 2039 2008 1000
a contact +42600 +42700 9002 1002 1000
a contact +42700 +42800 2021 2030 1000
a contact +42700 +42800 2030 2021 1000
a contact +42800 +42900 2008 2017 1000
a contact +42800 +42900 2017 2008 1000
a contact +42900 +43000 1002 2044 1000
a contact +42900 +43000 2044 1002 1000
a contact +43100 +43200 2007 2034 1000
a contact +43100 +43200 2034 2007 1000
a contact +43200 +43300 2010 2021 1000
a contact +43200 +43300 2021 2010 1000
a contact +43300 +43400 2007 2039 1000
a contact +43300 +43400 2039 2007 1000
a contact +43400 +43500 2003 2026 1000
a contact +43400 +43500 2019 2040 1000
a contact +43400 +43500 2026 2003 1000
a contact +43400 +43500 2040 2019 1000
a contact +43600 +43700 2006 2032 1000
a contact +43600 +43700 2008 2019 1000
a contact +43600 +43700 2019 2008 1000
a contact +43600 +43700 2032 2006 1000
a contact +43700 +43900 2005 2031 1000
a contact +43700 +43900 2031 2005 1000
a contact +44200 +44300 2005 2018 1000
a contact +44200 +44300 2010 2030 1000
a contact +44200 +44300 2018 2005 1000
a contact +44200 +44300 2020 2045 1000
a contact +44200 +44300 2030 2010 1000
a contact +44200 +44300 2045 2020 1000
a contact +44400 +44500 2006 2019 1000
a contact +44400 +44500 2011 2024 1000
a contact +44400 +44500 2019 2006 1000
a contact +44400 +44500 2024 2011 1000
a contact +44400 +44500 2035 2039 1000
a contact +44400 +44500 2039 2035 1000
a contact +44500 +44600 2033 2047 1000
a contact +44500 +44600 2047 2033 1000
a contact +44900 +45000 1003 2015 1000
a contact +44900 +45000 2015 1003 1000
a contact +45700 +45800 2012 2044 1000
a contact +45700 +45800 2044 2012 1000
a contact +45800 +45900 2009 2042 1000
a contact +45800 +45900 2042 2009 1000
a contact +46500 +46600 2008 2040 1000
a contact +46500 +46600 2040 2008 1000
a contact +46600 +46700 2018 2032 1000
a contact +46600 +46700 2032 2018 1000
a contact +46700 +46800 2022 2023 1000
a contact +46700 +46800 2023 2022 1000
a contact +47100 +47200 2001 2034 1000
a contact +47100 +47200 2004 2037 1000
a contact +47100 +47200 2034 2001 1000
a contact +47100 +47200 2037 2004 1000
a contact +47400 +47500 2013 2039 1000
a contact +47400 +47500 2039 2013 1000
a contact +47500 +47600 2010 2020 1000
a contact +47500 +47600 2020 2010 1000
a contact +47600 +47700 2001 2026 1000
a contact +47600 +47700 2026 2001 1000
a contact +47800 +47900 2001 2033 1000
a contact +47800 +47900 2028 2041 1000
a contact +47800 +47900 2033 2001 1000
a contact +47800 +47900 2041 2028 1000
a contact +48200 +48300 2036 2040 1000
a contact +48200 +48300 2040 2036 1000
a contact +48300 +48400 2006 2028 1000
a contact +48300 +48400 2028 2006 1000
a contact +48400 +48500 2035 2047 1000
a contact +48400 +48500 2047 2035 1000
a contact +48600 +48700 2010 2032 1000
a contact +48600 +48700 2019 2045 1000
a contact +48600 +48700 2032 2010 1000
a contact +48600 +48700 2045 2019 1000
a contact +48800 +48900 2007 2028 1000
a contact +48800 +48900 2028 2007 1000
a contact +48900 +49000 2010 2030 1000
a contact +48900 +49000 2030 2010 1000
a contact +49500 +49600 2011 2027 1000
a contact +49500 +49600 2027 2011 1000
a contact +49600 +49700 2004 2042 1000
a contact +49600 +49700 2042 2004 1000
a contact +49700 +49800 2009 2042 1000
a contact +49700 +49800 2019 2034 1000
a contact +49700 +49800 2034 2019 1000
a contact +49700 +49800 2042 2009 1000
a contact +50300 +50400 2026 2035 1000
a contact +50300 +50400 2035 2026 1000
a contact +50600 +50700 2019 2034 1000
a contact +50600 +50700 2034 2019 1000
a contact +50700 +50800 2026 2030 1000
a contact +50700 +50800 2030 2026 1000
a contact +50800 +50900 2016 2032 1000
a contact +50800 +50900 2032 2016 1000
a contact +50900 +51100 2021 2029 1000
a contact +50900 +51100 2029 2021 1000
a contact +51200 +51300 2025 2034 1000
a contact +51200 +51300 2034 2025 1000
a contact +51900 +52000 2021 2031 1000
a contact +51900 +52000 2031 2021 1000
a contact +52300 +52400 2007 2031 1000
a contact +52300 +52400 2031 2007 1000
a contact +52500 +52600 2006 2033 1000
a contact +52500 +52600 2033 2006 1000
a contact +52600 +52700 2015 2038 1000
a contact +52600 +52700 2026 2047 1000
a contact +52600 +52700 2038 2015 1000
a contact +52600 +52700 2047 2026 1000
a contact +52700 +52900 2002 2027 1000
a contact +52700 +52900 2027 2002 1000
a contact +52700 +52900 2029 2040 1000
a contact +52700 +52900 2038 9003 1000
a contact +52700 +52900 2040 2029 1000
a contact +52700 +52900 9003 2038 1000
a contact +53000 +53100 2009 2021 1000
a contact +53000 +53100 2021 2009 1000
a contact +53000 +53100 2033 2048 1000
a contact +53000 +53100 2035 2046 1000
a contact +53000 +53100 2046 2035 1000
a contact +53000 +53100 2048 2033 1000
a contact +53100 +53300 1002 2006 1000
a contact +53100 +53300 2006 1002 1000
a contact +53100 +53300 2031 2045 1000
a contact +53100 +53300 2045 2031 1000
a contact +53500 +53600 2035 2044 1000
a contact +53500 +53600 2044 2035 1000
a contact +53700 +53800 2009 2025 1000
a contact +53700 +53800 2011 2029 1000
a contact +53700 +53800 2025 2009 1000
a contact +53700 +53800 2029 2011 1000
a contact +54300 +54400 2028 2039 1000
a contact +54300 +54400 2039 2028 1000
a contact +54400 +54500 2003 2041 1000
a contact +54400 +54500 2041 2003 1000
a contact +55300 +55400 2001 2042 1000
a contact +55300 +55400 2042 2001 1000
a contact +55900 +56000 2018 2029 1000
a contact +55900 +56000 2029 2018 1000
a contact +56000 +56200 2009 2011 1000
a contact +56000 +56200 2011 2009 1000
a contact +56400 +56500 2032 2036 1000
a contact +56400 +56500 2036 2032 1000
a contact +56900 +57000 1001 2006 1000
a contact +56900 +57000 2006 1001 1000
a contact +57100 +57200 2015 2038 1000
a contact +57100 +57200 2038 2015 1000
a contact +57200 +57300 2004 2025 1000
a contact +57200 +57300 2013 2037 1000
a contact +57200 +57300 2025 2004 1000
a contact +57200 +57300 2037 2013 1000
a contact +57300 +57400 2035 2044 1000
a contact +57300 +57400 2044 2035 1000
a contact +57500 +57600 2009 2035 1000
a contact +57500 +57600 2035 2009 1000
a contact +57800 +58000 2012 2025 1000
a contact +57800 +58000 2025 2012 1000
a contact +57800 +58000 2030 2042 1000
a contact +57800 +58000 2042 2030 1000
a contact +58000 +58100 2005 2026 1000
a contact +58000 +58100 2026 2005 1000
a contact +58300 +58400 2007 2030 1000
a contact +58300 +58400 2030 2007 1000
a contact +58400 +58500 2019 2044 1000
a contact +58400 +58500 2030 2040 1000
a contact +58400 +58500 2033 2043 1000
a contact +58400 +58500 2040 2030 1000
a contact +58400 +58500 2043 2033 1000
a contact +58400 +58500 2044 2019 1000
a contact +58600 +58700 2035 9001 1000
a contact +58600 +58700 9001 2035 1000
a contact +58800 +58900 2001 2041 1000
a contact +58800 +58900 2010 2029 1000
a contact +58800 +58900 2017 2046 1000
a contact +58800 +58900 2029 2010 1000
a contact +58800 +58900 2041 2001 1000
a contact +58800 +58900 2046 2017 1000
a contact +58900 +59000 1001 2028 1000
a contact +58900 +59000 2009 2029 1000
a contact +58900 +59000 2028 1001 1000
a contact +58900 +59000 2029 2009 1000
a contact +59200 +59300 1003 2047 1000
a contact +59200 +59300 2011 9001 1000
a contact +59200 +59300 2035 2036 1000
a contact +59200 +59300 2036 2035 1000
a contact +59200 +59300 2047 1003 1000
a contact +59200 +59300 9001 2011 1000
a contact +59300 +59400 2016 2027 1000
a contact +59300 +59400 2027 2016 1000
a contact +59400 +59500 2009 2041 1000
a contact +59400 +59500 2041 2009 1000
a contact +59500 +59600 2010 2046 1000
a contact +59500 +59600 2018 2034 1000
a contact +59500 +59600 2034 2018 1000
a contact +59500 +59600 2046 2010 1000
a contact +59600 +59700 2007 2042 1000
a contact +59600 +59700 2026 2036 1000
a contact +59600 +59700 2036 2026 1000
a contact +59600 +59700 2042 2007 1000
a contact +59700 +59800 2008 2012 1000
a contact +59700 +59800 2012 2008 1000
a contact +60000 +60200 1002 2008 1000
a contact +60000 +60200 2008 1002 1000
a contact +60000 +60200 2020 2032 1000
a contact +60000 +60200 2032 2020 1000
a contact +60200 +60300 2008 2041 1000
a contact +60200 +60300 2041 2008 1000
a contact +60900 +61000 2021 2031 1000
a contact +60900 +61000 2031 2021 1000
a contact +61200 +61300 2044 2045 1000
a contact +61200 +61300 2045 2044 1000
a contact +61400 +61500 1002 2013 1000
a contact +61400 +61500 2013 1002 1000
a contact +61600 +61700 2026 2040 1000
a contact +61600 +61700 2032 2048 1000
a contact +61600 +61700 2040 2026 1000
a contact +61600 +61700 2048 2032 1000
a contact +61700 +61800 2012 2033 1000
a contact +61700 +61800 2033 2012 1000
a contact +61800 +61900 2033 2048 1000
a contact +61800 +61900 2048 2033 1000
a contact +62100 +62200 2007 2016 1000
a contact +62100 +62200 2009 2034 1000
a contact +62100 +62200 2016 2007 1000
a contact +62100 +62200 2034 2009 1000
a contact +62200 +62300 2028 2043 1000
a contact +62200 +62300 2029 2042 1000
a contact +62200 +62300 2031 2046 1000
a contact +62200 +62300 2042 2029 1000
a contact +62200 +62300 2043 2028 1000
a contact +62200 +62300 2046 2031 1000
a contact +62600 +62700 2019 2042 1000
a contact +62600 +62700 2042 2019 1000
a contact +62700 +62800 2023 2048 1000
a contact +62700 +62800 2048 2023 1000
a contact +62900 +63000 2009 2033 1000
a contact +62900 +63000 2033 2009 1000
a contact +63000 +63100 1002 1003 1000
a contact +63000 +63100 1003 1002 1000
a contact +63000 +63100 2005 2026 1000
a contact +63000 +63100 2008 2029 1000
a contact +63000 +63100 2026 2005 1000
a contact +63000 +63100 2029 2008 1000
a contact +63100 +63200 2011 2024 1000
a contact +63100 +63200 2024 2011 1000
a contact +63200 +63300 2016 9001 1000
a contact +63200 +63300 2022 2044 1000
a contact +63200 +63300 2044 2022 1000
a contact +63200 +63300 9001 2016 1000
a contact +63300 +63400 2008 2031 1000
a contact +63300 +63400 2031 2008 1000
a contact +63500 +63600 2034 2043 1000
a contact +63500 +63600 2043 2034 1000
a contact +63600 +63700 2006 2026 1000
a contact +63600 +63700 2026 2006 1000
a contact +63700 +63900 1001 2035 1000
a contact +63700 +63900 2035 1001 1000
a contact +63900 +64000 2004 2008 1000
a contact +63900 +64000 2008 2004 1000
a contact +64000 +64100 1001 2032 1000
a contact +64000 +64100 2032 1001 1000
a contact +64300 +64400 1002 1003 1000
a contact +64300 +64400 1003 1002 1000
a contact +64800 +64900 2007 2044 1000
a contact +64800 +64900 2044 2007 1000
a contact +64900 +65000 2010 2040 1000
a contact +64900 +65000 2040 2010 1000
a contact +65300 +65400 2030 2039 1000
a contact +65300 +65400 2034 2035 1000
a contact +65300 +65400 2035 2034 1000
a contact +65300 +65400 2039 2030 1000
a contact +65400 +65500 1003 2027 1000
a contact +65400 +65500 2027 1003 1000
a contact +65400 +65500 2032 2034 1000
a contact +65400 +65500 2034 2032 1000
a contact +65500 +65600 1003 2026 1000
a contact +65500 +65600 2005 2007 1000
a contact +65500 +65600 2007 2005 1000
a contact +65500 +65600 2026 1003 1000
a contact +65600 +65700 1003 2025 1000
a contact +65600 +65700 2025 1003 1000
a contact +65600 +65700 2035 2039 1000
a contact +65600 +65700 2039 2035 1000
a contact +65900 +66000 2006 2014 1000
a contact +65900 +66000 2014 2006 1000
a contact +66100 +66200 2011 2020 1000
a contact +66100 +66200 2020 2011 1000
a contact +66200 +66300 1002 2040 1000
a contact +66200 +66300 2025 2027 1000
a contact +66200 +66300 2027 2025 1000
a contact +66200 +66300 2040 1002 1000
a contact +66300 +66400 2009 2025 1000
a contact +66300 +66400 2025 2009 1000
a contact +66400 +66500 2006 2039 1000
a contact +66400 +66500 2039 2006 1000
a contact +66900 +67000 2013 2038 1000
a contact +66900 +67000 2038 2013 1000
a contact +67200 +67300 1002 2012 1000
a contact +67200 +67300 2012 1002 1000
a contact +67300 +67400 2009 2034 1000
a contact +67300 +67400 2034 2009 1000
a contact +67800 +67900 2032 2043 1000
a contact +67800 +67900 2043 2032 1000
a contact +67900 +68000 2019 2045 1000
a contact +67900 +68000 2045 2019 1000
a contact +68700 +68800 1002 2039 1000
a contact +68700 +68800 2039 1002 1000
a contact +69200 +69300 1002 2036 1000
a contact +69200 +69300 1003 2039 1000
a contact +69200 +69300 2036 1002 1000
a contact +69200 +69300 2039 1003 1000
a contact +69300 +69400 2019 2029 1000
a contact +69300 +69400 2029 2019 1000
a contact +69900 +70000 1001 2024 1000
a contact +69900 +70000 1002 2027 1000
a contact +69900 +70000 2024 1001 1000
a contact +69900 +70000 2027 1002 1000
a contact +70200 +70300 2013 2042 1000
a contact +70200 +70300 2042 2013 1000
a contact +70300 +70400 2038 2039 1000
a contact +70300 +70400 2039 2038 1000
a contact +70400 +70600 2005 2042 1000
a contact +70400 +70600 2042 2005 1000
a contact +70600 +70700 2028 2048 1000
a contact +70600 +70700 2048 2028 1000
a contact +70800 +70900 2026 2041 1000
a contact +70800 +70900 2041 2026 1000
a contact +71000 +71200 1003 2034 1000
a contact +71000 +71200 2011 2022 1000
a contact +71000 +71200 2018 2030 1000
a contact +71000 +71200 2022 2011 1000
a contact +71000 +71200 2023 2048 1000
a contact +71000 +71200 2030 2018 1000
a contact +71000 +71200 2032 2046 1000
a contact +71000 +71200 2034 1003 1000
a contact +71000 +71200 2046 2032 1000
a contact +71000 +71200 2048 2023 1000
a contact +71500 +71600 2019 2040 1000
a contact +71500 +71600 2040 2019 1000
a contact +71600 +71700 2017 2041 1000
a contact +71600 +71700 2041 2017 1000
a contact +71800 +71900 2029 2042 1000
a contact +71800 +71900 2042 2029 1000
a contact +72000 +72100 2012 2025 1000
a contact +72000 +72100 2025 2012 1000
a contact +72000 +72100 2032 2042 1000
a contact +72000 +72100 2042 2032 1000
a contact +72100 +72200 2032 2041 1000
a contact +72100 +72200 2041 2032 1000
a contact +72200 +72300 1001 1003 1000
a contact +72200 +72300 1003 1001 1000
a contact +72400 +72500 2002 2032 1000
a contact +72400 +72500 2003 2031 1000
a contact +72400 +72500 2031 2003 1000
a contact +72400 +72500 2032 2002 1000
a contact +72500 +72600 2013 2038 1000
a contact +72500 +72600 2023 2044 1000
a contact +72500 +72600 2038 2013 1000
a contact +72500 +72600 2044 2023 1000
a contact +73300 +73400 1001 2005 1000
a contact +73300 +73400 2005 1001 1000
a contact +73300 +73400 2019 2030 1000
a contact +73300 +73400 2021 2036 1000
a contact +73300 +73400 2030 2019 1000
a contact +73300 +73400 2036 2021 1000
a contact +73400 +73500 2010 2041 1000
a contact +73400 +73500 2041 2010 1000
a contact +73500 +73600 1003 2047 1000
a contact +73500 +73600 2047 1003 1000
a contact +73700 +73800 2007 2043 1000
a contact +73700 +73800 2043 2007 1000
a contact +73800 +73900 1003 2045 1000
a contact +73800 +73900 2003 9003 1000
a contact +73800 +73900 2045 1003 1000
a contact +73800 +73900 9003 2003 1000
a contact +74200 +74300 2001 2009 1000
a contact +74200 +74300 2009 2001 1000
a contact +74200 +74300 2017 2026 1000
a contact +74200 +74300 2026 2017 1000
a contact +74300 +74400 2013 2021 1000
a contact +74300 +74400 2016 2024 1000
a contact +74300 +74400 2021 2013 1000
a contact +74300 +74400 2024 2016 1000
a contact +74400 +74500 1003 2009 1000
a contact +74400 +74500 2003 2041 1000
a contact +74400 +74500 2009 1003 1000
a contact +74400 +74500 2041 2003 1000
a contact +74600 +74700 2035 2036 1000
a contact +74600 +74700 2036 2035 1000
a contact +74700 +74800 2005 2015 1000
a contact +74700 +74800 2015 2005 1000
a contact +74700 +74800 2037 2039 1000
a contact +74700 +74800 2039 2037 1000
a contact +74800 +74900 2011 2025 1000
a contact +74800 +74900 2025 2011 1000
a contact +74900 +75000 2021 2023 1000
a contact +74900 +75000 2023 2021 1000
a contact +75000 +75100 2016 2026 1000
a contact +75000 +75100 2026 2016 1000
a contact +75100 +75300 2002 2036 1000
a contact +75100 +75300 2036 2002 1000
a contact +75300 +75400 2021 2044 1000
a contact +75300 +75400 2044 2021 1000
a contact +76000 +76200 2031 2044 1000
a contact +76000 +76200 2035 2046 1000
a contact +76000 +76200 2044 2031 1000
a contact +76000 +76200 2046 2035 1000
a contact +76300 +76400 2003 2027 1000
a contact +76300 +76400 2027 2003 1000
a contact +76300 +76400 2028 2042 1000
a contact +76300 +76400 2042 2028 1000
a contact +76500 +76600 2006 2034 1000
a contact +76500 +76600 2034 2006 1000
a contact +76600 +76700 2012 2027 1000
a contact +76600 +76700 2027 2012 1000
a contact +76900 +77000 2009 2025 1000
a contact +76900 +77000 2025 2009 1000
a contact +77100 +77200 2011 2035 1000
a contact +77100 +77200 2035 2011 1000
a contact +77500 +77600 2003 2016 1000
a contact +77500 +77600 2016 2003 1000
a contact +77600 +77800 2019 2033 1000
a contact +77600 +77800 2033 2019 1000
a contact +77800 +77900 2016 2024 1000
a contact +77800 +77900 2024 2016 1000
a contact +78100 +78200 2010 2042 1000
a contact +78100 +78200 2042 2010 1000
a contact +78300 +78400 2011 2047 1000
a contact +78300 +78400 2021 2032 1000
a contact +78300 +78400 2022 2034 1000
a contact +78300 +78400 2032 2021 1000
a contact +78300 +78400 2034 2022 1000
a contact +78300 +78400 2047 2011 1000
a contact +78600 +78700 2007 2037 1000
a contact +78600 +78700 2023 2035 1000
a contact +78600 +78700 2035 2023 1000
a contact +78600 +78700 2037 2007 1000
a contact +79000 +79100 2024 2032 1000
a contact +79000 +79100 2032 2024 1000
a contact +79100 +79200 2035 2036 1000
a contact +79100 +79200 2036 2035 1000
a contact +79500 +79600 2019 2028 1000
a contact +79500 +79600 2023 2032 1000
a contact +79500 +79600 2028 2019 1000
a contact +79500 +79600 2032 2023 1000
a contact +80100 +80200 2029 2041 1000
a contact +80100 +80200 2033 2047 1000
a contact +80100 +80200 2041 2029 1000
a contact +80100 +80200 2047 2033 1000
a contact +80200 +80300 2004 2017 1000
a contact +80200 +80300 2017 2004 1000
a contact +80400 +80500 2033 2042 1000
a contact +80400 +80500 2042 2033 1000
a contact +80600 +80700 2004 2018 1000
a contact +80600 +80700 2018 2004 1000
a contact +80600 +80700 2024 9001 1000
a contact +80600 +80700 2033 2043 1000
a contact +80600 +80700 2043 2033 1000
a contact +80600 +80700 9001 2024 1000
a contact +80700 +80800 2017 2041 1000
a contact +80700 +80800 2041 2017 1000
a contact +81000 +81200 2024 2041 1000
a contact +81000 +81200 2041 2024 1000
a contact +81300 +81400 2008 2034 1000
a contact +81300 +81400 2034 2008 1000
a contact +81400 +81600 2012 2029 1000
a contact +81400 +81600 2029 2012 1000
a contact +81800 +81900 2003 2034 1000
a contact +81800 +81900 2011 2029 1000
a contact +81800 +81900 2029 2011 1000
a contact +81800 +81900 2034 2003 1000
a contact +82000 +82100 2011 2036 1000
a contact +82000 +82100 2036 2011 1000
a contact +82100 +82200 2013 2022 1000
a contact +82100 +82200 2022 2013 1000
a contact +82200 +82300 1002 2043 1000
a contact +82200 +82300 2019 2035 1000
a contact +82200 +82300 2020 2034 1000
a contact +82200 +82300 2034 2020 1000
a contact +82200 +82300 2035 2019 1000
a contact +82200 +82300 2043 1002 1000
a contact +82600 +82700 2020 2035 1000
a contact +82600 +82700 2035 2020 1000
a contact +82800 +82900 2020 2033 1000
a contact +82800 +82900 2033 2020 1000
a contact +83000 +83100 2010 2040 1000
a contact +83000 +83100 2040 2010 1000
a contact +83500 +83600 2001 2042 1000
a contact +83500 +83600 2042 2001 1000
a contact +83800 +83900 2034 2036 1000
a contact +83800 +83900 2036 2034 1000
a contact +84200 +84300 2003 2015 1000
a contact +84200 +84300 2015 2003 1000
a contact +84300 +84400 1003 2011 1000
a contact +84300 +84400 2011 1003 1000
a contact +84300 +84400 2013 2017 1000
a contact +84300 +84400 2017 2013 1000
a contact +84300 +84400 2033 2047 1000
a contact +84300 +84400 2047 2033 1000
a contact +84500 +84600 2001 2036 1000
a contact +84500 +84600 2022 9002 1000
a contact +84500 +84600 2036 2001 1000
a contact +84500 +84600 9002 2022 1000
a contact +84700 +84800 1002 2016 1000
a contact +84700 +84800 2016 1002 1000
a contact +84900 +85000 2006 2036 1000
a contact +84900 +85000 2036 2006 1000
a contact +85100 +85200 2011 2022 1000
a contact +85100 +85200 2022 2011 1000
a contact +85200 +85300 1001 2035 1000
a contact +85200 +85300 2035 1001 1000
a contact +85300 +85400 2009 2022 1000
a contact +85300 +85400 2022 2009 1000
a contact +85500 +85600 2036 2048 1000
a contact +85500 +85600 2048 2036 1000
a contact +85600 +85700 2010 2030 1000
a contact +85600 +85700 2030 2010 1000
a contact +85800 +85900 1002 2020 1000
a contact +85800 +85900 2020 1002 1000
a contact +85900 +86000 2015 2038 1000
a contact +85900 +86000 2038 2015 1000

a range +200 +300 2002 9002 1103.3709
a range +200 +300 9002 2002 1103.3709
a range +300 +400 2009 2045 0.043
a range +300 +400 2020 2035 0.0318
a range +300 +400 2035 2020 0.0318
a range +300 +400 2045 2009 0.043
a range +400 +500 2010 2043 0.0431
a range +400 +500 2020 2034 0.0232
a range +400 +500 2034 2020 0.0232
a range +400 +500 2043 2010 0.0431
a range +900 +1000 2021 2032 0.0156
a range +900 +1000 2032 2021 0.0156
a range +1000 +1200 2020 2031 0.0204
a range +1000 +1200 2031 2020 0.0204
a range +1300 +1400 1001 1003 0.1025
a range +1300 +1400 1003 1001 0.1025
a range +1700 +1800 2013 2021 0.0421
a range +1700 +1800 2021 2013 0.0421
a range +2100 +2200 2026 2041 0.0318
a range +2100 +2200 2041 2026 0.0318
a range +2500 +2600 2030 2046 0.043
a range +2500 +2600 2046 2030 0.043
a range +2700 +2800 2002 2012 0.0243
a range +2700 +2800 2012 2002 0.0243
a range +2700 +2800 2017 2025 0.043
a range +2700 +2800 2025 2017 0.043
a range +2800 +3000 2013 2043 0.0432
a range +2800 +3000 2043 2013 0.0432
a range +3000 +3100 1003 2037 1102.0796
a range +3000 +3100 2004 2031 0.0374
a range +3000 +3100 2031 2004 0.0374
a range +3000 +3100 2037 1003 1102.0796
a range +3200 +3300 2022 2045 0.0092
a range +3200 +3300 2045 2022 0.0092
a range +3400 +3500 2009 9001 1102.3245
a range +3400 +3500 9001 2009 1102.3245
a range +3500 +3600 2004 2034 0.0432
a range +3500 +3600 2034 2004 0.0432
a range +3600 +3700 2018 9002 1102.1709
a range +3600 +3700 9002 2018 1102.1709
a range +3900 +4000 2011 2020 0.0318
a range +3900 +4000 2014 2023 0.0343
a range +3900 +4000 2020 2011 0.0318
a range +3900 +4000 2023 2014 0.0343
a range +4200 +4300 2024 9001 1102.3234
a range +4200 +4300 2030 2043 0.0219
a range +4200 +4300 2036 2045 0.0327
a range +4200 +4300 2043 2030 0.0219
a range +4200 +4300 2045 2036 0.0327
a range +4200 +4300 9001 2024 1102.3234
a range +4700 +4800 2035 2044 0.0318
a range +4700 +4800 2044 2035 0.0318
a range +4900 +5000 2038 2046 0.0421
a range +4900 +5000 2046 2038 0.0421
a range +5100 +5200 2004 2005 0.0126
a range +5100 +5200 2005 2004 0.0126
a range +5200 +5300 2006 2008 0.0243
a range +5200 +5300 2008 2006 0.0243
a range +5200 +5300 2042 2044 0.0243
a range +5200 +5300 2044 2042 0.0243
a range +5500 +5600 2005 2006 0.0126
a range +5500 +5600 2006 2005 0.0126
a range +5800 +5900 1003 2017 1102.0739
a range +5800 +5900 2017 1003 1102.0739
a range +5900 +6000 1003 2016 1102.0649
a range +5900 +6000 2016 1003 1102.0649
a range +6000 +6200 1003 2015 1102.0611
a range +6000 +6200 2014 2037 0.0321
a range +6000 +6200 2015 1003 1102.0611
a range +6000 +6200 2037 2014 0.0321
a range +6200 +6300 2021 2033 0.0061
a range +6200 +6300 2033 2021 0.0061
a range +6300 +6400 2009 2021 0.0061
a range +6300 +6400 2021 2009 0.0061
a range +6500 +6600 2013 2024 0.0126
a range +6500 +6600 2024 2013 0.0126
a range +6500 +6600 2028 2029 0.0126
a range +6500 +6600 2029 2028 0.0126
a range +6600 +6700 2002 2047 0.0434
a range +6600 +6700 2047 2002 0.0434
a range +6700 +6800 1003 2008 1102.0934
a range +6700 +6800 2008 1003 1102.0934
a range +7100 +7200 2030 2044 0.0289
a range +7100 +7200 2044 2030 0.0289
a range +7300 +7500 2028 2041 0.0142
a range +7300 +7500 2041 2028 0.0142
a range +7900 +8000 2015 2047 0.043
a range +7900 +8000 2047 2015 0.043
a range +8100 +8200 2006 2037 0.0432
a range +8100 +8200 2037 2006 0.0432
a range +8200 +8300 2011 2019 0.043
a range +8200 +8300 2019 2011 0.043
a range +8600 +8700 2024 9001 1102.3234
a range +8600 +8700 9001 2024 1102.3234
a range +8700 +8800 2035 2043 0.043
a range +8700 +8800 2043 2035 0.043
a range +9000 +9100 2007 2035 0.0431
a range +9000 +9100 2035 2007 0.0431
a range +9100 +9300 2013 2014 0.0126
a range +9100 +9300 2014 2013 0.0126
a range +9300 +9400 2018 2032 0.0289
a range +9300 +9400 2032 2018 0.0289
a range +9300 +9400 2037 2047 0.0243
a range +9300 +9400 2047 2037 0.0243
a range +9400 +9500 2044 2048 0.0421
a range +9400 +9500 2048 2044 0.0421
a range +9500 +9600 2011 2013 0.0285
a range +9500 +9600 2013 2011 0.0285
a range +9500 +9600 2044 2045 0.0126
a range +9500 +9600 2045 2044 0.0126
a range +9800 +9900 2017 2033 0.043
a range +9800 +9900 2033 2017 0.043
a range +9900 +10000 2046 2048 0.0243
a range +9900 +10000 2048 2046 0.0243
a range +10000 +10100 2020 2032 0.014
a range +10000 +10100 2032 2020 0.014
a range +10600 +10700 1003 2040 1103.0001
a range +10600 +10700 2025 2033 0.0421
a range +10600 +10700 2033 2025 0.0421
a range +10600 +10700 2040 1003 1103.0001
a range +10700 +10900 2004 2016 0.0035
a range +10700 +10900 2009 2044 0.0432
a range +10700 +10900 2016 2004 0.0035
a range +10700 +10900 2044 2009 0.0432
a range +11400 +11500 1002 2012 1102.3849
a range +11400 +11500 2012 1002 1102.3849
a range +11500 +11600 1001 2015 1102.325
a range +11500 +11600 2015 1001 1102.325
a range +12300 +12400 1002 2022 1102.3666
a range +12300 +12400 2022 1002 1102.3666
a range +12400 +12500 2017 2018 0.0126
a range +12400 +12500 2018 2017 0.0126
a range +12600 +12700 1001 2024 1102.575
a range +12600 +12700 2024 1001 1102.575
a range +12800 +12900 1003 2011 1102.9862
a range +12800 +12900 2011 1003 1102.9862
a range +13200 +13300 2009 2028 0.0431
a range +13200 +13300 2011 2026 0.042
a range +13200 +13300 2026 2011 0.042
a range +13200 +13300 2028 2009 0.0431
a range +13200 +13300 2035 2047 0.0122
a range +13200 +13300 2047 2035 0.0122
a range +13400 +13500 2019 2047 0.0431
a range +13400 +13500 2047 2019 0.0431
a range +13500 +13600 2006 2026 0.043
a range +13500 +13600 2026 2006 0.043
a range +13600 +13700 2020 2047 0.0244
a range +13600 +13700 2032 2041 0.0367
a range +13600 +13700 2041 2032 0.0367
a range +13600 +13700 2047 2020 0.0244
a range +13700 +13800 2036 2044 0.043
a range +13700 +13800 2044 2036 0.043
a range +13800 +14000 2002 2023 0.0367
a range +13800 +14000 2023 2002 0.0367
a range +13800 +14000 2039 2043 0.0421
a range +13800 +14000 2043 2039 0.0421
a range +14000 +14100 1002 2036 1102.3802
a range +14000 +14100 2036 1002 1102.3802
a range +14100 +14200 1002 2034 1102.3677
a range +14100 +14200 2007 2048 0.0432
a range +14100 +14200 2014 2015 0.0126
a range +14100 +14200 2015 2014 0.0126
a range +14100 +14200 2017 2018 0.0126
a range +14100 +14200 2018 2017 0.0126
a range +14100 +14200 2024 2028 0.043
a range +14100 +14200 2028 2024 0.043
a range +14100 +14200 2034 1002 1102.3677
a range +14100 +14200 2048 2007 0.0432
a range +14500 +14600 2004 2012 0.0421
a range +14500 +14600 2012 2004 0.0421
a range +14700 +14800 2021 2033 0.0061
a range +14700 +14800 2033 2021 0.0061
a range +14800 +14900 1002 2046 1102.3815
a range +14800 +14900 2046 1002 1102.3815
a range +15000 +15200 2008 2039 0.0433
a range +15000 +15200 2039 2008 0.0433
a range +15200 +15300 2021 2030 0.0359
a range +15200 +15300 2030 2021 0.0359
a range +15600 +15700 2006 2042 0.0432
a range +15600 +15700 2042 2006 0.0432
a range +15700 +15800 2009 2042 0.0431
a range +15700 +15800 2032 2048 0.043
a range +15700 +15800 2042 2009 0.0431
a range +15700 +15800 2048 2032 0.043
a range +15800 +15900 1002 9003 0.0594
a range +15800 +15900 2014 2044 0.0433
a range +15800 +15900 2044 2014 0.0433
a range +15800 +15900 9003 1002 0.0594
a range +15900 +16000 2013 2040 0.031
a range +15900 +16000 2040 2013 0.031
a range +16100 +16200 2016 2027 0.0117
a range +16100 +16200 2027 2016 0.0117
a range +16300 +16500 2004 2024 0.043
a range +16300 +16500 2024 2004 0.043
a range +16600 +16700 2008 2030 0.0378
a range +16600 +16700 2030 2008 0.0378
a range +17000 +17200 2010 2020 0.0232
a range +17000 +17200 2020 2010 0.0232
a range +17700 +17800 2003 2024 0.0359
a range +17700 +17800 2024 2003 0.0359
a range +17700 +17800 2034 2042 0.043
a range +17700 +17800 2042 2034 0.043
a range +17800 +17900 2035 2043 0.043
a range +17800 +17900 2043 2035 0.043
a range +18100 +18200 2005 2033 0.0433
a range +18100 +18200 2033 2005 0.0433
a range +18200 +18300 2014 2015 0.0126
a range +18200 +18300 2015 2014 0.0126
a range +18500 +18600 2041 2045 0.0421
a range +18500 +18600 2045 2041 0.0421
a range +18600 +18700 2041 9002 1103.364
a range +18600 +18700 9002 2041 1103.364
a range +19200 +19300 2024 2032 0.043
a range +19200 +19300 2032 2024 0.043
a range +19300 +19400 2047 2048 0.0126
a range +19300 +19400 2048 2047 0.0126
a range +19400 +19500 2046 2048 0.0243
a range +19400 +19500 2048 2046 0.0243
a range +19500 +19600 2004 2042 0.043
a range +19500 +19600 2007 2045 0.0434
a range +19500 +19600 2042 2004 0.043
a range +19500 +19600 2045 2007 0.0434
a range +19800 +19900 2033 2035 0.0243
a range +19800 +19900 2035 2033 0.0243
a range +19900 +20000 2030 2046 0.043
a range +19900 +20000 2046 2030 0.043
a range +20000 +20100 2029 2043 0.0285
a range +20000 +20100 2043 2029 0.0285
a range +20100 +20300 2033 2048 0.0327
a range +20100 +20300 2048 2033 0.0327
a range +20700 +20800 1003 2048 1102.9877
a range +20700 +20800 2048 1003 1102.9877
a range +20900 +21000 1001 9003 0.0591
a range +20900 +21000 9003 1001 0.0591
a range +21000 +21100 2010 2033 0.0092
a range +21000 +21100 2033 2010 0.0092
a range +21100 +21200 2001 2024 0.0219
a range +21100 +21200 2024 2001 0.0219
a range +21200 +21300 1002 9001 0.0592
a range +21200 +21300 9001 1002 0.0592
a range +21300 +21400 2001 2028 0.031
a range +21300 +21400 2028 2001 0.031
a range +21400 +21500 2003 2030 0.0285
a range +21400 +21500 2025 2047 0.0285
a range +21400 +21500 2030 2003 0.0285
a range +21400 +21500 2047 2025 0.0285
a range +21500 +21600 2012 2038 0.0431
a range +21500 +21600 2038 2012 0.0431
a range +21700 +21900 2004 2029 0.0174
a range +21700 +21900 2029 2004 0.0174
a range +21900 +22000 2005 2033 0.0432
a range +21900 +22000 2033 2005 0.0432
a range +22000 +22200 2004 2034 0.0434
a range +22000 +22200 2034 2004 0.0434
a range +22200 +22300 2009 2018 0.0359
a range +22200 +22300 2018 2009 0.0359
a range +22200 +22300 2019 2044 0.0321
a range +22200 +22300 2038 2046 0.0421
a range +22200 +22300 2044 2019 0.0321
a range +22200 +22300 2046 2038 0.0421
a range +22400 +22500 2013 2014 0.0126
a range +22400 +22500 2014 2013 0.0126
a range +22400 +22500 2019 2046 0.031
a range +22400 +22500 2046 2019 0.031
a range +22800 +22900 2022 2038 0.0433
a range +22800 +22900 2038 2022 0.0433
a range +23000 +23200 2018 2033 0.0359
a range +23000 +23200 2033 2018 0.0359
a range +23200 +23300 2020 2035 0.0318
a range +23200 +23300 2035 2020 0.0318
a range +23300 +23400 2001 2027 0.0311
a range +23300 +23400 2021 2035 0.0227
a range +23300 +23400 2027 2001 0.0311
a range +23300 +23400 2035 2021 0.0227
a range +23400 +23500 2020 2031 0.0204
a range +23400 +23500 2022 2035 0.0142
a range +23400 +23500 2031 2020 0.0204
a range +23400 +23500 2035 2022 0.0142
a range +23500 +23600 2044 2045 0.0126
a range +23500 +23600 2045 2044 0.0126
a range +23600 +23700 2017 2025 0.043
a range +23600 +23700 2025 2017 0.043
a range +23900 +24000 1002 2003 1103.3012
a range +23900 +24000 2003 1002 1103.3012
a range +24300 +24400 1003 2008 1103.0003
a range +24300 +24400 2008 1003 1103.0003
a range +24500 +24600 2011 2034 0.0174
a range +24500 +24600 2020 2022 0.0243
a range +24500 +24600 2022 2020 0.0243
a range +24500 +24600 2034 2011 0.0174
a range +24600 +24700 2013 2045 0.043
a range +24600 +24700 2033 2047 0.0227
a range +24600 +24700 2045 2013 0.043
a range +24600 +24700 2047 2033 0.0227
a range +24800 +25000 2021 2022 0.0126
a range +24800 +25000 2022 2021 0.0126
a range +24800 +25000 2029 2043 0.0285
a range +24800 +25000 2043 2029 0.0285
a range +25000 +25100 2012 2021 0.0327
a range +25000 +25100 2021 2012 0.0327
a range +25000 +25100 2031 2047 0.043
a range +25000 +25100 2047 2031 0.043
a range +25200 +25300 1003 2013 1102.9768
a range +25200 +25300 2004 2017 0.0142
a range +25200 +25300 2005 2035 0.0433
a range +25200 +25300 2013 1003 1102.9768
a range +25200 +25300 2017 2004 0.0142
a range +25200 +25300 2023 2047 0.0225
a range +25200 +25300 2031 2045 0.0265
a range +25200 +25300 2035 2005 0.0433
a range +25200 +25300 2045 2031 0.0265
a range +25200 +25300 2047 2023 0.0225
a range +25600 +25700 2003 2033 0.0431
a range +25600 +25700 2005 2026 0.0244
a range +25600 +25700 2026 2005 0.0244
a range +25600 +25700 2033 2003 0.0431
a range +25800 +25900 2034 2044 0.0232
a range +25800 +25900 2044 2034 0.0232
a range +25900 +26000 2011 2033 0.0184
a range +25900 +26000 2033 2011 0.0184
a range +26000 +26200 2008 2036 0.0431
a range +26000 +26200 2036 2008 0.0431
a range +26200 +26300 2021 2044 0.0212
a range +26200 +26300 2022 2045 0.0092
a range +26200 +26300 2044 2021 0.0212
a range +26200 +26300 2045 2022 0.0092
a range +26300 +26400 1002 2016 1103.0141
a range +26300 +26400 2016 1002 1103.0141
a range +26300 +26400 2021 2042 0.0393
a range +26300 +26400 2042 2021 0.0393
a range +26800 +26900 2010 2028 0.0434
a range +26800 +26900 2028 2010 0.0434
a range +26800 +26900 2029 2033 0.0421
a range +26800 +26900 2033 2029 0.0421
a range +26900 +27000 2006 2045 0.0435
a range +26900 +27000 2045 2006 0.0435
a range +27200 +27300 2007 2048 0.0435
a range +27200 +27300 2014 2015 0.0126
a range +27200 +27300 2015 2014 0.0126
a range +27200 +27300 2048 2007 0.0435
a range +27500 +27600 2022 9002 1103.393
a range +27500 +27600 9002 2022 1103.393
a range +27600 +27700 1003 2031 1102.9068
a range +27600 +27700 2016 2017 0.0126
a range +27600 +27700 2017 2016 0.0126
a range +27600 +27700 2019 2020 0.0126
a range +27600 +27700 2020 2019 0.0126
a range +27600 +27700 2031 1003 1102.9068
a range +27700 +27800 1003 2027 1102.9974
a range +27700 +27800 2027 1003 1102.9974
a range +27800 +27900 2015 9002 1103.0915
a range +27800 +27900 9002 2015 1103.0915
a range +28000 +28100 1003 2024 1102.9728
a range +28000 +28100 2024 1003 1102.9728
a range +28500 +28600 2013 2041 0.0432
a range +28500 +28600 2041 2013 0.0432
a range +28600 +28700 2014 2039 0.0212
a range +28600 +28700 2039 2014 0.0212
a range +28700 +28800 1003 2021 1102.9939
a range +28700 +28800 2015 2037 0.0311
a range +28700 +28800 2021 1003 1102.9939
a range +28700 +28800 2037 2015 0.0311
a range +28900 +29100 2008 2039 0.0431
a range +28900 +29100 2039 2008 0.0431
a range +29100 +29200 1001 2018 1102.9212
a range +29100 +29200 2018 1001 1102.9212
a range +29200 +29300 2028 2042 0.0255
a range +29200 +29300 2033 2047 0.0227
a range +29200 +29300 2042 2028 0.0255
a range +29200 +29300 2047 2033 0.0227
a range +29500 +29600 2033 2048 0.0327
a range +29500 +29600 2048 2033 0.0327
a range +29600 +29700 2012 2024 0.0176
a range +29600 +29700 2024 2012 0.0176
a range +29900 +30000 2004 2038 0.0432
a range +29900 +30000 2008 2021 0.0156
a range +29900 +30000 2021 2008 0.0156
a range +29900 +30000 2028 2048 0.043
a range +29900 +30000 2038 2004 0.0432
a range +29900 +30000 2048 2028 0.043
a range +30200 +30300 1001 2026 1103.1147
a range +30200 +30300 2026 1001 1103.1147
a range +30200 +30300 2034 2045 0.0117
a range +30200 +30300 2045 2034 0.0117
a range +30300 +30400 2024 9003 1103.2698
a range +30300 +30400 9003 2024 1103.2698
a range +30500 +30600 2024 2045 0.0285
a range +30500 +30600 2031 2046 0.0334
a range +30500 +30600 2045 2024 0.0285
a range +30500 +30600 2046 2031 0.0334
a range +31000 +31100 2014 2029 0.0318
a range +31000 +31100 2019 2045 0.0311
a range +31000 +31100 2029 2014 0.0318
a range +31000 +31100 2045 2019 0.0311
a range +31100 +31300 2010 2024 0.0255
a range +31100 +31300 2024 2010 0.0255
a range +31300 +31400 2017 2018 0.0126
a range +31300 +31400 2018 2017 0.0126
a range +31300 +31400 2043 2047 0.0421
a range +31300 +31400 2047 2043 0.0421
a range +31400 +31500 2020 2033 0.0156
a range +31400 +31500 2033 2020 0.0156
a range +31600 +31700 2011 2045 0.043
a range +31600 +31700 2045 2011 0.043
a range +32000 +32100 2016 2027 0.0117
a range +32000 +32100 2027 2016 0.0117
a range +32300 +32400 2021 2032 0.0156
a range +32300 +32400 2032 2021 0.0156
a range +32500 +32600 2011 9003 1104.7682
a range +32500 +32600 9003 2011 1104.7682
a range +32700 +32900 2016 2032 0.043
a range +32700 +32900 2032 2016 0.043
a range +33200 +33300 2037 9003 1104.7658
a range +33200 +33300 9003 2037 1104.7658
a range +33400 +33500 2009 2020 0.0156
a range +33400 +33500 2020 2009 0.0156
a range +33500 +33600 2011 2019 0.043
a range +33500 +33600 2019 2011 0.043
a range +33800 +33900 2032 2042 0.0289
a range +33800 +33900 2042 2032 0.0289
a range +34200 +34300 2002 2013 0.0204
a range +34200 +34300 2013 2002 0.0204
a range +34300 +34400 2025 2046 0.0353
a range +34300 +34400 2046 2025 0.0353
a range +34400 +34500 2032 2045 0.0156
a range +34400 +34500 2045 2032 0.0156
a range +34600 +34700 2011 2029 0.0431
a range +34600 +34700 2029 2011 0.0431
a range +34700 +34800 2030 2040 0.0255
a range +34700 +34800 2040 2030 0.0255
a range +34800 +34900 2007 2022 0.0334
a range +34800 +34900 2022 2007 0.0334
a range +35100 +35200 2008 2024 0.043
a range +35100 +35200 2024 2008 0.043
a range +35200 +35400 2002 2031 0.0431
a range +35200 +35400 2031 2002 0.0431
a range +35400 +35500 2007 2020 0.0204
a range +35400 +35500 2020 2007 0.0204
a range +35800 +36000 2024 2028 0.043
a range +35800 +36000 2028 2024 0.043
a range +35800 +36000 2039 9002 1103.3673
a range +35800 +36000 9002 2039 1103.3673
a range +36000 +36100 1002 2007 1103.2859
a range +36000 +36100 2007 1002 1103.2859
a range +36200 +36300 1002 2008 1103.2876
a range +36200 +36300 2008 1002 1103.2876
a range +36400 +36500 2021 2033 0.0061
a range +36400 +36500 2033 2021 0.0061
a range +36500 +36600 1001 2007 1103.6062
a range +36500 +36600 1002 2010 1103.2969
a range +36500 +36600 2007 1001 1103.6062
a range +36500 +36600 2010 1002 1103.2969
a range +36500 +36600 2011 2044 0.0434
a range +36500 +36600 2019 2034 0.0334
a range +36500 +36600 2034 2019 0.0334
a range +36500 +36600 2044 2011 0.0434
a range +36900 +37000 2040 2041 0.0126
a range +36900 +37000 2041 2040 0.0126
a range +37000 +37200 2016 2030 0.0255
a range +37000 +37200 2030 2016 0.0255
a range +37300 +37400 2003 2011 0.0421
a range +37300 +37400 2011 2003 0.0421
a range +37600 +37700 2017 9002 1103.3492
a range +37600 +37700 9002 2017 1103.3492
a range +37700 +37800 2012 9003 1104.7693
a range +37700 +37800 9003 2012 1104.7693
a range +37800 +37900 2021 9003 1103.4462
a range +37800 +37900 9003 2021 1103.4462
a range +37900 +38000 2025 2033 0.0421
a range +37900 +38000 2033 2025 0.0421
a range +38600 +38700 1001 2019 1103.6172
a range +38600 +38700 1002 2022 1103.2978
a range +38600 +38700 2005 2031 0.0367
a range +38600 +38700 2011 2035 0.0225
a range +38600 +38700 2019 1001 1103.6172
a range +38600 +38700 2022 1002 1103.2978
a range +38600 +38700 2031 2005 0.0367
a range +38600 +38700 2035 2011 0.0225
a range +38700 +38800 2001 2030 0.0432
a range +38700 +38800 2015 2038 0.0212
a range +38700 +38800 2030 2001 0.0432
a range +38700 +38800 2038 2015 0.0212
a range +38800 +38900 1003 2040 1103.9086
a range +38800 +38900 2001 2017 0.043
a range +38800 +38900 2017 2001 0.043
a range +38800 +38900 2021 2045 0.0112
a range +38800 +38900 2040 1003 1103.9086
a range +38800 +38900 2045 2021 0.0112
a range +38900 +39000 2018 2040 0.0283
a range +38900 +39000 2036 2046 0.0255
a range +38900 +39000 2040 2018 0.0283
a range +38900 +39000 2046 2036 0.0255
a range +39200 +39300 2033 2045 0.0061
a range +39200 +39300 2045 2033 0.0061
a range +39300 +39400 2009 2022 0.0117
a range +39300 +39400 2022 2009 0.0117
a range +39300 +39400 2031 2041 0.0285
a range +39300 +39400 2041 2031 0.0285
a range +39900 +40100 2016 2047 0.043
a range +39900 +40100 2047 2016 0.043
a range +40300 +40500 2024 2044 0.0431
a range +40300 +40500 2044 2024 0.0431
a range +40600 +40700 1002 1003 0.1025
a range +40600 +40700 1003 1002 0.1025
a range +40700 +40800 2008 2010 0.0243
a range +40700 +40800 2010 2008 0.0243
a range +40800 +40900 2006 2044 0.0433
a range +40800 +40900 2044 2006 0.0433
a range +41000 +41100 2016 2024 0.0421
a range +41000 +41100 2024 2016 0.0421
a range +41100 +41200 2027 2035 0.0421
a range +41100 +41200 2035 2027 0.0421
a range +41300 +41400 2019 2034 0.0334
a range +41300 +41400 2021 2030 0.0359
a range +41300 +41400 2024 2033 0.0327
a range +41300 +41400 2030 2021 0.0359
a range +41300 +41400 2033 2024 0.0327
a range +41300 +41400 2034 2019 0.0334
a range +41400 +41500 2016 2028 0.0035
a range +41400 +41500 2028 2016 0.0035
a range +41600 +41700 1001 2048 1103.5927
a range +41600 +41700 2013 2029 0.043
a range +41600 +41700 2029 2013 0.043
a range +41600 +41700 2048 1001 1103.5927
a range +42200 +42300 2018 2033 0.0359
a range +42200 +42300 2033 2018 0.0359
a range +42200 +42300 2041 2042 0.0126
a range +42200 +42300 2042 2041 0.0126
a range +42300 +42400 1001 2040 1103.5931
a range +42300 +42400 2040 1001 1103.5931
a range +42300 +42400 2041 9003 1104.7517
a range +42300 +42400 2042 2046 0.0421
a range +42300 +42400 2046 2042 0.0421
a range +42300 +42400 9003 2041 1104.7517
a range +42600 +42700 1002 9002 0.0594
a range +42600 +42700 2008 2039 0.0434
a range +42600 +42700 2039 2008 0.0434
a range +42600 +42700 9002 1002 0.0594
a range +42700 +42800 2021 2030 0.0359
a range +42700 +42800 2030 2021 0.0359
a range +42800 +42900 2008 2017 0.0367
a range +42800 +42900 2017 2008 0.0367
a range +42900 +43000 1002 2044 1104.2063
a range +42900 +43000 2044 1002 1104.2063
a range +43100 +43200 2007 2034 0.031
a range +43100 +43200 2034 2007 0.031
a range +43200 +43300 2010 2021 0.0117
a range +43200 +43300 2021 2010 0.0117
a range +43300 +43400 2007 2039 0.0434
a range +43300 +43400 2039 2007 0.0434
a range +43400 +43500 2003 2026 0.0212
a range +43400 +43500 2019 2040 0.0374
a range +43400 +43500 2026 2003 0.0212
a range +43400 +43500 2040 2019 0.0374
a range +43600 +43700 2006 2032 0.0378
a range +43600 +43700 2008 2019 0.0204
a range +43600 +43700 2019 2008 0.0204
a range +43600 +43700 2032 2006 0.0378
a range +43700 +43900 2005 2031 0.0367
a range +43700 +43900 2031 2005 0.0367
a range +44200 +44300 2005 2018 0.0193
a range +44200 +44300 2010 2030 0.0432
a range +44200 +44300 2018 2005 0.0193
a range +44200 +44300 2020 2045 0.0212
a range +44200 +44300 2030 2010 0.0432
a range +44200 +44300 2045 2020 0.0212
a range +44400 +44500 2006 2019 0.0219
a range +44400 +44500 2011 2024 0.0193
a range +44400 +44500 2019 2006 0.0219
a range +44400 +44500 2024 2011 0.0193
a range +44400 +44500 2035 2039 0.043
a range +44400 +44500 2039 2035 0.043
a range +44500 +44600 2033 2047 0.0227
a range +44500 +44600 2047 2033 0.0227
a range +44900 +45000 1003 2015 1103.8678
a range +44900 +45000 2015 1003 1103.8678
a range +45700 +45800 2012 2044 0.0436
a range +45700 +45800 2044 2012 0.0436
a range +45800 +45900 2009 2042 0.0432
a range +45800 +45900 2042 2009 0.0432
a range +46500 +46600 2008 2040 0.0432
a range +46500 +46600 2040 2008 0.0432
a range +46600 +46700 2018 2032 0.0289
a range +46600 +46700 2032 2018 0.0289
a range +46700 +46800 2022 2023 0.0126
a range +46700 +46800 2023 2022 0.0126
a range +47100 +47200 2001 2034 0.0374
a range +47100 +47200 2004 2037 0.0434
a range +47100 +47200 2034 2001 0.0374
a range +47100 +47200 2037 2004 0.0434
a range +47400 +47500 2013 2039 0.0311
a range +47400 +47500 2039 2013 0.0311
a range +47500 +47600 2010 2020 0.0232
a range +47500 +47600 2020 2010 0.0232
a range +47600 +47700 2001 2026 0.0321
a range +47600 +47700 2026 2001 0.0321
a range +47800 +47900 2001 2033 0.0432
a range +47800 +47900 2028 2041 0.0142
a range +47800 +47900 2033 2001 0.0432
a range +47800 +47900 2041 2028 0.0142
a range +48200 +48300 2036 2040 0.043
a range +48200 +48300 2040 2036 0.043
a range +48300 +48400 2006 2028 0.0283
a range +48300 +48400 2028 2006 0.0283
a range +48400 +48500 2035 2047 0.0122
a range +48400 +48500 2047 2035 0.0122
a range +48600 +48700 2010 2032 0.0205
a range +48600 +48700 2019 2045 0.0311
a range +48600 +48700 2032 2010 0.0205
a range +48600 +48700 2045 2019 0.0311
a range +48800 +48900 2007 2028 0.0374
a range +48800 +48900 2028 2007 0.0374
a range +48900 +49000 2010 2030 0.0432
a range +48900 +49000 2030 2010 0.0432
a range +49500 +49600 2011 2027 0.0433
a range +49500 +49600 2027 2011 0.0433
a range +49600 +49700 2004 2042 0.0431
a range +49600 +49700 2042 2004 0.0431
a range +49700 +49800 2009 2042 0.043
a range +49700 +49800 2019 2034 0.0334
a range +49700 +49800 2034 2019 0.0334
a range +49700 +49800 2042 2009 0.043
a range +50300 +50400 2026 2035 0.0343
a range +50300 +50400 2035 2026 0.0343
a range +50600 +50700 2019 2034 0.0334
a range +50600 +50700 2034 2019 0.0334
a range +50700 +50800 2026 2030 0.0421
a range +50700 +50800 2030 2026 0.0421
a range +50800 +50900 2016 2032 0.043
a range +50800 +50900 2032 2016 0.043
a range +50900 +51100 2021 2029 0.043
a range +50900 +51100 2029 2021 0.043
a range +51200 +51300 2025 2034 0.0343
a range +51200 +51300 2034 2025 0.0343
a range +51900 +52000 2021 2031 0.0265
a range +51900 +52000 2031 2021 0.0265
a range +52300 +52400 2007 2031 0.0337
a range +52300 +52400 2031 2007 0.0337
a range +52500 +52600 2006 2033 0.0393
a range +52500 +52600 2033 2006 0.0393
a range +52600 +52700 2015 2038 0.0212
a range +52600 +52700 2026 2047 0.0367
a range +52600 +52700 2038 2015 0.0212
a range +52600 +52700 2047 2026 0.0367
a range +52700 +52900 2002 2027 0.0212
a range +52700 +52900 2027 2002 0.0212
a range +52700 +52900 2029 2040 0.0142
a range +52700 +52900 2038 9003 1104.7626
a range +52700 +52900 2040 2029 0.0142
a range +52700 +52900 9003 2038 1104.7626
a range +53000 +53100 2009 2021 0.0061
a range +53000 +53100 2021 2009 0.0061
a range +53000 +53100 2033 2048 0.0327
a range +53000 +53100 2035 2046 0.0142
a range +53000 +53100 2046 2035 0.0142
a range +53000 +53100 2048 2033 0.0327
a range +53100 +53300 1002 2006 1104.1971
a range +53100 +53300 2006 1002 1104.1971
a range +53100 +53300 2031 2045 0.0265
a range +53100 +53300 2045 2031 0.0265
a range +53500 +53600 2035 2044 0.0318
a range +53500 +53600 2044 2035 0.0318
a range +53700 +53800 2009 2025 0.0431
a range +53700 +53800 2011 2029 0.0433
a range +53700 +53800 2025 2009 0.0431
a range +53700 +53800 2029 2011 0.0433
a range +54300 +54400 2028 2039 0.0117
a range +54300 +54400 2039 2028 0.0117
a range +54400 +54500 2003 2041 0.0431
a range +54400 +54500 2041 2003 0.0431
a range +55300 +55400 2001 2042 0.0436
a range +55300 +55400 2042 2001 0.0436
a range +55900 +56000 2018 2029 0.0193
a range +55900 +56000 2029 2018 0.0193
a range +56000 +56200 2009 2011 0.0243
a range +56000 +56200 2011 2009 0.0243
a range +56400 +56500 2032 2036 0.0421
a range +56400 +56500 2036 2032 0.0421
a range +56900 +57000 1001 2006 1104.5154
a range +56900 +57000 2006 1001 1104.5154
a range +57100 +57200 2015 2038 0.0212
a range +57100 +57200 2038 2015 0.0212
a range +57200 +57300 2004 2025 0.031
a range +57200 +57300 2013 2037 0.0337
a range +57200 +57300 2025 2004 0.031
a range +57200 +57300 2037 2013 0.0337
a range +57300 +57400 2035 2044 0.0318
a range +57300 +57400 2044 2035 0.0318
a range +57500 +57600 2009 2035 0.0184
a range +57500 +57600 2035 2009 0.0184
a range +57800 +58000 2012 2025 0.0354
a range +57800 +58000 2025 2012 0.0354
a range +57800 +58000 2030 2042 0.0176
a range +57800 +58000 2042 2030 0.0176
a range +58000 +58100 2005 2026 0.0244
a range +58000 +58100 2026 2005 0.0244
a range +58300 +58400 2007 2030 0.0354
a range +58300 +58400 2030 2007 0.0354
a range +58400 +58500 2019 2044 0.0321
a range +58400 +58500 2030 2040 0.0255
a range +58400 +58500 2033 2043 0.0265
a range +58400 +58500 2040 2030 0.0255
a range +58400 +58500 2043 2033 0.0265
a range +58400 +58500 2044 2019 0.0321
a range +58600 +58700 2035 9001 1104.0768
a range +58600 +58700 9001 2035 1104.0768
a range +58800 +58900 2001 2041 0.043
a range +58800 +58900 2010 2029 0.0432
a range +58800 +58900 2017 2046 0.0432
a range +58800 +58900 2029 2010 0.0432
a range +58800 +58900 2041 2001 0.043
a range +58800 +58900 2046 2017 0.0432
a range +58900 +59000 1001 2028 1104.5262
a range +58900 +59000 2009 2029 0.0432
a range +58900 +59000 2028 1001 1104.5262
a range +58900 +59000 2029 2009 0.0432
a range +59200 +59300 1003 2047 1104.8138
a range +59200 +59300 2011 9001 1105.0509
a range +59200 +59300 2035 2036 0.0126
a range +59200 +59300 2036 2035 0.0126
a range +59200 +59300 2047 1003 1104.8138
a range +59200 +59300 9001 2011 1105.0509
a range +59300 +59400 2016 2027 0.0117
a range +59300 +59400 2027 2016 0.0117
a range +59400 +59500 2009 2041 0.0433
a range +59400 +59500 2041 2009 0.0433
a range +59500 +59600 2010 2046 0.043
a range +59500 +59600 2018 2034 0.043
a range +59500 +59600 2034 2018 0.043
a range +59500 +59600 2046 2010 0.043
a range +59600 +59700 2007 2042 0.0433
a range +59600 +59700 2026 2036 0.0243
a range +59600 +59700 2036 2026 0.0243
a range +59600 +59700 2042 2007 0.0433
a range +59700 +59800 2008 2012 0.0421
a range +59700 +59800 2012 2008 0.0421
a range +60000 +60200 1002 2008 1104.2075
a range +60000 +60200 2008 1002 1104.2075
a range +60000 +60200 2020 2032 0.014
a range +60000 +60200 2032 2020 0.014
a range +60200 +60300 2008 2041 0.043
a range +60200 +60300 2041 2008 0.043
a range +60900 +61000 2021 2031 0.0265
a range +60900 +61000 2031 2021 0.0265
a range +61200 +61300 2044 2045 0.0126
a range +61200 +61300 2045 2044 0.0126
a range +61400 +61500 1002 2013 1104.2012
a range +61400 +61500 2013 1002 1104.2012
a range +61600 +61700 2026 2040 0.0232
a range +61600 +61700 2032 2048 0.043
a range +61600 +61700 2040 2026 0.0232
a range +61600 +61700 2048 2032 0.043
a range +61700 +61800 2012 2033 0.0285
a range +61700 +61800 2033 2012 0.0285
a range +61800 +61900 2033 2048 0.0327
a range +61800 +61900 2048 2033 0.0327
a range +62100 +62200 2007 2016 0.0353
a range +62100 +62200 2009 2034 0.0092
a range +62100 +62200 2016 2007 0.0353
a range +62100 +62200 2034 2009 0.0092
a range +62200 +62300 2028 2043 0.0353
a range +62200 +62300 2029 2042 0.0193
a range +62200 +62300 2031 2046 0.0334
a range +62200 +62300 2042 2029 0.0193
a range +62200 +62300 2043 2028 0.0353
a range +62200 +62300 2046 2031 0.0334
a range +62600 +62700 2019 2042 0.0354
a range +62600 +62700 2042 2019 0.0354
a range +62700 +62800 2023 2048 0.0298
a range +62700 +62800 2048 2023 0.0298
a range +62900 +63000 2009 2033 0.0112
a range +62900 +63000 2033 2009 0.0112
a range +63000 +63100 1002 1003 0.1025
a range +63000 +63100 1003 1002 0.1025
a range +63000 +63100 2005 2026 0.0244
a range +63000 +63100 2008 2029 0.042
a range +63000 +63100 2026 2005 0.0244
a range +63000 +63100 2029 2008 0.042
a range +63100 +63200 2011 2024 0.0193
a range +63100 +63200 2024 2011 0.0193
a range +63200 +63300 2016 9001 1104.4717
a range +63200 +63300 2022 2044 0.0205
a range +63200 +63300 2044 2022 0.0205
a range +63200 +63300 9001 2016 1104.4717
a range +63300 +63400 2008 2031 0.0321
a range +63300 +63400 2031 2008 0.0321
a range +63500 +63600 2034 2043 0.0334
a range +63500 +63600 2043 2034 0.0334
a range +63600 +63700 2006 2026 0.0431
a range +63600 +63700 2026 2006 0.0431
a range +63700 +63900 1001 2035 1104.4847
a range +63700 +63900 2035 1001 1104.4847
a range +63900 +64000 2004 2008 0.0421
a range +63900 +64000 2008 2004 0.0421
a range +64000 +64100 1001 2032 1104.2517
a range +64000 +64100 2032 1001 1104.2517
a range +64300 +64400 1002 1003 0.1025
a range +64300 +64400 1003 1002 0.1025
a range +64800 +64900 2007 2044 0.0432
a range +64800 +64900 2044 2007 0.0432
a range +64900 +65000 2010 2040 0.043
a range +64900 +65000 2040 2010 0.043
a range +65300 +65400 2030 2039 0.0327
a range +65300 +65400 2034 2035 0.0126
a range +65300 +65400 2035 2034 0.0126
a range +65300 +65400 2039 2030 0.0327
a range +65400 +65500 1003 2027 1104.5513
a range +65400 +65500 2027 1003 1104.5513
a range +65400 +65500 2032 2034 0.0243
a range +65400 +65500 2034 2032 0.0243
a range +65500 +65600 1003 2026 1104.6381
a range +65500 +65600 2005 2007 0.0243
a range +65500 +65600 2007 2005 0.0243
a range +65500 +65600 2026 1003 1104.6381
a range +65600 +65700 1003 2025 1104.7227
a range +65600 +65700 2025 1003 1104.7227
a range +65600 +65700 2035 2039 0.043
a range +65600 +65700 2039 2035 0.043
a range +65900 +66000 2006 2014 0.043
a range +65900 +66000 2014 2006 0.043
a range +66100 +66200 2011 2020 0.0318
a range +66100 +66200 2020 2011 0.0318
a range +66200 +66300 1002 2040 1105.1112
a range +66200 +66300 2025 2027 0.0243
a range +66200 +66300 2027 2025 0.0243
a range +66200 +66300 2040 1002 1105.1112
a range +66300 +66400 2009 2025 0.043
a range +66300 +66400 2025 2009 0.043
a range +66400 +66500 2006 2039 0.0433
a range +66400 +66500 2039 2006 0.0433
a range +66900 +67000 2013 2038 0.0321
a range +66900 +67000 2038 2013 0.0321
a range +67200 +67300 1002 2012 1105.1017
a range +67200 +67300 2012 1002 1105.1017
a range +67300 +67400 2009 2034 0.0092
a range +67300 +67400 2034 2009 0.0092
a range +67800 +67900 2032 2043 0.0204
a range +67800 +67900 2043 2032 0.0204
a range +67900 +68000 2019 2045 0.0311
a range +67900 +68000 2045 2019 0.0311
a range +68700 +68800 1002 2039 1105.107
a range +68700 +68800 2039 1002 1105.107
a range +69200 +69300 1002 2036 1104.6939
a range +69200 +69300 1003 2039 1104.8064
a range +69200 +69300 2036 1002 1104.6939
a range +69200 +69300 2039 1003 1104.8064
a range +69300 +69400 2019 2029 0.0285
a range +69300 +69400 2029 2019 0.0285
a range +69900 +70000 1001 2024 1104.4874
a range +69900 +70000 1002 2027 1104.5218
a range +69900 +70000 2024 1001 1104.4874
a range +69900 +70000 2027 1002 1104.5218
a range +70200 +70300 2013 2042 0.0433
a range +70200 +70300 2042 2013 0.0433
a range +70300 +70400 2038 2039 0.0126
a range +70300 +70400 2039 2038 0.0126
a range +70400 +70600 2005 2042 0.0433
a range +70400 +70600 2042 2005 0.0433
a range +70600 +70700 2028 2048 0.043
a range +70600 +70700 2048 2028 0.043
a range +70800 +70900 2026 2041 0.0318
a range +70800 +70900 2041 2026 0.0318
a range +71000 +71200 1003 2034 1104.8182
a range +71000 +71200 2011 2022 0.0142
a range +71000 +71200 2018 2030 0.0176
a range +71000 +71200 2022 2011 0.0142
a range +71000 +71200 2023 2048 0.0298
a range +71000 +71200 2030 2018 0.0176
a range +71000 +71200 2032 2046 0.0232
a range +71000 +71200 2034 1003 1104.8182
a range +71000 +71200 2046 2032 0.0232
a range +71000 +71200 2048 2023 0.0298
a range +71500 +71600 2019 2040 0.0374
a range +71500 +71600 2040 2019 0.0374
a range +71600 +71700 2017 2041 0.0225
a range +71600 +71700 2041 2017 0.0225
a range +71800 +71900 2029 2042 0.0193
a range +71800 +71900 2042 2029 0.0193
a range +72000 +72100 2012 2025 0.0354
a range +72000 +72100 2025 2012 0.0354
a range +72000 +72100 2032 2042 0.0289
a range +72000 +72100 2042 2032 0.0289
a range +72100 +72200 2032 2041 0.0367
a range +72100 +72200 2041 2032 0.0367
a range +72200 +72300 1001 1003 0.1025
a range +72200 +72300 1003 1001 0.1025
a range +72400 +72500 2002 2032 0.043
a range +72400 +72500 2003 2031 0.0433
a range +72400 +72500 2031 2003 0.0433
a range +72400 +72500 2032 2002 0.043
a range +72500 +72600 2013 2038 0.0321
a range +72500 +72600 2023 2044 0.0244
a range +72500 +72600 2038 2013 0.0321
a range +72500 +72600 2044 2023 0.0244
a range +73300 +73400 1001 2005 1105.0364
a range +73300 +73400 2005 1001 1105.0364
a range +73300 +73400 2019 2030 0.0219
a range +73300 +73400 2021 2036 0.0327
a range +73300 +73400 2030 2019 0.0219
a range +73300 +73400 2036 2021 0.0327
a range +73400 +73500 2010 2041 0.0432
a range +73400 +73500 2041 2010 0.0432
a range +73500 +73600 1003 2047 1104.8138
a range +73500 +73600 2047 1003 1104.8138
a range +73700 +73800 2007 2043 0.0433
a range +73700 +73800 2043 2007 0.0433
a range +73800 +73900 1003 2045 1104.8068
a range +73800 +73900 2003 9003 1104.7583
a range +73800 +73900 2045 1003 1104.8068
a range +73800 +73900 9003 2003 1104.7583
a range +74200 +74300 2001 2009 0.0421
a range +74200 +74300 2009 2001 0.0421
a range +74200 +74300 2017 2026 0.0318
a range +74200 +74300 2026 2017 0.0318
a range +74300 +74400 2013 2021 0.0421
a range +74300 +74400 2016 2024 0.0421
a range +74300 +74400 2021 2013 0.0421
a range +74300 +74400 2024 2016 0.0421
a range +74400 +74500 1003 2009 1104.8069
a range +74400 +74500 2003 2041 0.0433
a range +74400 +74500 2009 1003 1104.8069
a range +74400 +74500 2041 2003 0.0433
a range +74600 +74700 2035 2036 0.0126
a range +74600 +74700 2036 2035 0.0126
a range +74700 +74800 2005 2015 0.0227
a range +74700 +74800 2015 2005 0.0227
a range +74700 +74800 2037 2039 0.0243
a range +74700 +74800 2039 2037 0.0243
a range +74800 +74900 2011 2025 0.0367
a range +74800 +74900 2025 2011 0.0367
a range +74900 +75000 2021 2023 0.0243
a range +74900 +75000 2023 2021 0.0243
a range +75000 +75100 2016 2026 0.0232
a range +75000 +75100 2026 2016 0.0232
a range +75100 +75300 2002 2036 0.0378
a range +75100 +75300 2036 2002 0.0378
a range +75300 +75400 2021 2044 0.0212
a range +75300 +75400 2044 2021 0.0212
a range +76000 +76200 2031 2044 0.0204
a range +76000 +76200 2035 2046 0.0142
a range +76000 +76200 2044 2031 0.0204
a range +76000 +76200 2046 2035 0.0142
a range +76300 +76400 2003 2027 0.0112
a range +76300 +76400 2027 2003 0.0112
a range +76300 +76400 2028 2042 0.0255
a range +76300 +76400 2042 2028 0.0255
a range +76500 +76600 2006 2034 0.0432
a range +76500 +76600 2034 2006 0.0432
a range +76600 +76700 2012 2027 0.0393
a range +76600 +76700 2027 2012 0.0393
a range +76900 +77000 2009 2025 0.0433
a range +76900 +77000 2025 2009 0.0433
a range +77100 +77200 2011 2035 0.0225
a range +77100 +77200 2035 2011 0.0225
a range +77500 +77600 2003 2016 0.0117
a range +77500 +77600 2016 2003 0.0117
a range +77600 +77800 2019 2033 0.0265
a range +77600 +77800 2033 2019 0.0265
a range +77800 +77900 2016 2024 0.0421
a range +77800 +77900 2024 2016 0.0421
a range +78100 +78200 2010 2042 0.0434
a range +78100 +78200 2042 2010 0.0434
a range +78300 +78400 2011 2047 0.0431
a range +78300 +78400 2021 2032 0.0156
a range +78300 +78400 2022 2034 0.0035
a range +78300 +78400 2032 2021 0.0156
a range +78300 +78400 2034 2022 0.0035
a range +78300 +78400 2047 2011 0.0431
a range +78600 +78700 2007 2037 0.0434
a range +78600 +78700 2023 2035 0.0122
a range +78600 +78700 2035 2023 0.0122
a range +78600 +78700 2037 2007 0.0434
a range +79000 +79100 2024 2032 0.043
a range +79000 +79100 2032 2024 0.043
a range +79100 +79200 2035 2036 0.0126
a range +79100 +79200 2036 2035 0.0126
a range +79500 +79600 2019 2028 0.0353
a range +79500 +79600 2023 2032 0.0318
a range +79500 +79600 2028 2019 0.0353
a range +79500 +79600 2032 2023 0.0318
a range +80100 +80200 2029 2041 0.0122
a range +80100 +80200 2033 2047 0.0227
a range +80100 +80200 2041 2029 0.0122
a range +80100 +80200 2047 2033 0.0227
a range +80200 +80300 2004 2017 0.0142
a range +80200 +80300 2017 2004 0.0142
a range +80400 +80500 2033 2042 0.0359
a range +80400 +80500 2042 2033 0.0359
a range +80600 +80700 2004 2018 0.0255
a range +80600 +80700 2018 2004 0.0255
a range +80600 +80700 2024 9001 1105.0361
a range +80600 +80700 2033 2043 0.0265
a range +80600 +80700 2043 2033 0.0265
a range +80600 +80700 9001 2024 1105.0361
a range +80700 +80800 2017 2041 0.0225
a range +80700 +80800 2041 2017 0.0225
a range +81000 +81200 2024 2041 0.0433
a range +81000 +81200 2041 2024 0.0433
a range +81300 +81400 2008 2034 0.0205
a range +81300 +81400 2034 2008 0.0205
a range +81400 +81600 2012 2029 0.0433
a range +81400 +81600 2029 2012 0.0433
a range +81800 +81900 2003 2034 0.0431
a range +81800 +81900 2011 2029 0.0434
a range +81800 +81900 2029 2011 0.0434
a range +81800 +81900 2034 2003 0.0431
a range +82000 +82100 2011 2036 0.0298
a range +82000 +82100 2036 2011 0.0298
a range +82100 +82200 2013 2022 0.0343
a range +82100 +82200 2022 2013 0.0343
a range +82200 +82300 1002 2043 1105.1191
a range +82200 +82300 2019 2035 0.043
a range +82200 +82300 2020 2034 0.0232
a range +82200 +82300 2034 2020 0.0232
a range +82200 +82300 2035 2019 0.043
a range +82200 +82300 2043 1002 1105.1191
a range +82600 +82700 2020 2035 0.0318
a range +82600 +82700 2035 2020 0.0318
a range +82800 +82900 2020 2033 0.0156
a range +82800 +82900 2033 2020 0.0156
a range +83000 +83100 2010 2040 0.0433
a range +83000 +83100 2040 2010 0.0433
a range +83500 +83600 2001 2042 0.0182
a range +83500 +83600 2042 2001 0.0182
a range +83800 +83900 2034 2036 0.0243
a range +83800 +83900 2036 2034 0.0243
a range +84200 +84300 2003 2015 0.0061
a range +84200 +84300 2015 2003 0.0061
a range +84300 +84400 1003 2011 1105.0473
a range +84300 +84400 2011 1003 1105.0473
a range +84300 +84400 2013 2017 0.0421
a range +84300 +84400 2017 2013 0.0421
a range +84300 +84400 2033 2047 0.0227
a range +84300 +84400 2047 2033 0.0227
a range +84500 +84600 2001 2036 0.0354
a range +84500 +84600 2022 9002 1105.0607
a range +84500 +84600 2036 2001 0.0354
a range +84500 +84600 9002 2022 1105.0607
a range +84700 +84800 1002 2016 1105.112
a range +84700 +84800 2016 1002 1105.112
a range +84900 +85000 2006 2036 0.0361
a range +84900 +85000 2036 2006 0.0361
a range +85100 +85200 2011 2022 0.0142
a range +85100 +85200 2022 2011 0.0142
a range +85200 +85300 1001 2035 1105.0155
a range +85200 +85300 2035 1001 1105.0155
a range +85300 +85400 2009 2022 0.0117
a range +85300 +85400 2022 2009 0.0117
a range +85500 +85600 2036 2048 0.0176
a range +85500 +85600 2048 2036 0.0176
a range +85600 +85700 2010 2030 0.0395
a range +85600 +85700 2030 2010 0.0395
a range +85800 +85900 1002 2020 1105.1301
a range +85800 +85900 2020 1002 1105.1301
a range +85900 +86000 2015 2038 0.0212
a range +85900 +86000 2038 2015 0.0212
