a contact +100 +200 2002 9002 1000
a contact +100 +200 2022 2041 1000
a contact +100 +200 2023 2040 1000
a contact +100 +200 2040 2023 1000
a contact +100 +200 2041 2022 1000
a contact +100 +200 9002 2002 1000
a contact +200 +300 2022 2040 1000
a contact +200 +300 2029 2032 1000
a contact +200 +300 2032 2029 1000
a contact +200 +300 2040 2022 1000
a contact +300 +400 1003 2056 1000
a contact +300 +400 2004 9001 1000
a contact +300 +400 2022 2039 1000
a contact +300 +400 2023 2038 1000
a contact +300 +400 2030 2032 1000
a contact +300 +400 2032 2030 1000
a contact +300 +400 2038 2023 1000
a contact +300 +400 2039 2022 1000
a contact +300 +400 2056 1003 1000
a contact +300 +400 9001 2004 1000
a contact +400 +500 2024 2040 1000
a contact +400 +500 2040 2024 1000
a contact +500 +600 2031 2032 1000
a contact +500 +600 2032 2031 1000
a contact +700 +800 2014 2048 1000
a contact +700 +800 2048 2014 1000
a contact +1000 +1100 2023 2035 1000
a contact +1000 +1100 2035 2023 1000
a contact +1100 +1200 1002 2004 1000
a contact +1100 +1200 2004 1002 1000
a contact +1200 +1300 1002 2003 1000
a contact +1200 +1300 2003 1002 1000
a contact +1300 +1500 1004 2023 1000
a contact +1300 +1500 2023 1004 1000
a contact +1800 +1900 2019 2030 1000
a contact +1800 +1900 2030 2019 1000
a contact +2400 +2500 1004 2050 1000
a contact +2400 +2500 2024 2043 1000
a contact +2400 +2500 2043 2024 1000
a contact +2400 +2500 2050 1004 1000
a contact +3200 +3300 2019 2051 1000
a contact +3200 +3300 2051 2019 1000
a contact +3600 +3700 2001 2044 1000
a contact +3600 +3700 2029 2053 1000
a contact +3600 +3700 2044 2001 1000
a contact +3600 +3700 2053 2029 1000
a contact +4400 +4500 1004 2020 1000
a contact +4400 +4500 2020 1004 1000
a contact +4500 +4600 1004 2041 1000
a contact +4500 +4600 2041 1004 1000
a contact +4600 +4800 2024 2033 1000
a contact +4600 +4800 2033 2024 1000
a contact +4800 +4900 2006 2036 1000
a contact +4800 +4900 2036 2006 1000
a contact +4900 +5100 2003 2034 1000
a contact +4900 +5100 2034 2003 1000
a contact +5200 +5300 2003 2038 1000
a contact +5200 +5300 2038 2003 1000
a contact +5500 +5600 1002 2033 1000
a contact +5500 +5600 2009 2022 1000
a contact +5500 +5600 2022 2009 1000
a contact +5500 +5600 2033 1002 1000
a contact +5500 +5600 2044 2055 1000
a contact +5500 +5600 2055 2044 1000
a contact +5600 +5700 2041 2051 1000
a contact +5600 +5700 2051 2041 1000
a contact +5700 +5800 2002 2038 1000
a contact +5700 +5800 2029 2032 1000
a contact +5700 +5800 2032 2029 1000
a contact +5700 +5800 2038 2002 1000
a contact +5800 +5900 2019 2036 1000
a contact +5800 +5900 2036 2019 1000
a contact +5800 +5900 2044 9001 1000
a contact +5800 +5900 9001 2044 1000
a contact +5900 +6000 2052 2053 1000
a contact +5900 +6000 2053 2052 1000
a contact +6000 +6100 1003 2028 1000
a contact +6000 +6100 2028 1003 1000
a contact +6100 +6200 2052 2054 1000
a contact +6100 +6200 2054 2052 1000
a contact +6200 +6300 2002 2004 1000
a contact +6200 +6300 2004 2002 1000
a contact +6200 +6300 2023 2041 1000
a contact +6200 +6300 2041 2023 1000
a contact +6300 +6400 2005 2007 1000
a contact +6300 +6400 2007 2005 1000
a contact +6400 +6600 2019 2035 1000
a contact +6400 +6600 2035 2019 1000
a contact +7000 +7100 2019 2050 1000
a contact +7000 +7100 2050 2019 1000
a contact +7100 +7200 2001 2037 1000
a contact +7100 +7200 2037 2001 1000
a contact +7300 +7400 2018 2044 1000
a contact +7300 +7400 2044 2018 1000
a contact +7400 +7500 2002 9002 1000
a contact +7400 +7500 9002 2002 1000
a contact +7500 +7600 1002 2019 1000
a contact +7500 +7600 2019 1002 1000
a contact +7600 +7800 2036 2037 1000
a contact +7600 +7800 2037 2036 1000
a contact +7800 +7900 2036 2054 1000
a contact +7800 +7900 2054 2036 1000
a contact +8100 +8300 1004 9003 1000
a contact +8200 +8300 2011 2052 1000
a contact +8200 +8300 2052 2011 1000
a contact +8100 +8300 9003 1004 1000
a contact +8600 +8700 1003 9003 1000
a contact +8600 +8700 9003 1003 1000
a contact +8800 +8900 2030 9002 1000
a contact +8800 +8900 9002 2030 1000
a contact +9000 +9100 2024 2056 1000
a contact +9000 +9100 2056 2024 1000
a contact +9400 +9500 1002 2011 1000
a contact +9400 +9500 2011 1002 1000
a contact +9800 +9900 1002 2024 1000
a contact +9800 +9900 2010 2026 1000
a contact +9800 +9900 2024 1002 1000
a contact +9800 +9900 2026 2010 1000
a contact +9800 +9900 2037 2047 1000
a contact +9800 +9900 2047 2037 1000
a contact +9900 +10000 2009 2020 1000
a contact +9900 +10000 2020 2009 1000
a contact +10000 +10200 2003 2035 1000
a contact +10000 +10200 2004 2019 1000
a contact +10000 +10200 2019 2004 1000
a contact +10000 +10200 2035 2003 1000
a contact +10200 +10300 2003 2027 1000
a contact +10200 +10300 2027 2003 1000
a contact +10500 +10600 2003 2031 1000
a contact +10500 +10600 2031 2003 1000
a contact +10600 +10700 2012 2022 1000
a contact +10600 +10700 2022 2012 1000
a contact +10700 +10800 2014 2019 1000
a contact +10700 +10800 2019 2014 1000
a contact +10800 +10900 2047 9002 1000
a contact +10800 +10900 9002 2047 1000
a contact +10900 +11000 1004 2041 1000
a contact +10900 +11000 2041 1004 1000
a contact +11000 +11100 1003 2042 1000
a contact +11000 +11100 2010 2013 1000
a contact +11000 +11100 2013 2010 1000
a contact +11000 +11100 2016 2019 1000
a contact +11000 +11100 2019 2016 1000
a contact +11000 +11100 2042 1003 1000
a contact +11100 +11200 1002 2042 1000
a contact +11100 +11200 2017 2035 1000
a contact +11100 +11200 2023 2026 1000
a contact +11100 +11200 2026 2023 1000
a contact +11100 +11200 2035 2017 1000
a contact +11100 +11200 2042 1002 1000
a contact +11200 +11300 2053 2056 1000
a contact +11200 +11300 2056 2053 1000
a contact +11400 +11500 2024 2041 1000
a contact +11400 +11500 2041 2024 1000
a contact +11700 +11800 2031 2033 1000
a contact +11700 +11800 2033 2031 1000
a contact +11900 +12000 2026 2047 1000
a contact +11900 +12000 2047 2026 1000
a contact +12000 +12100 2027 2038 1000
a contact +12000 +12100 2038 2027 1000
a contact +12300 +12400 2015 2039 1000
a contact +12300 +12400 2019 2043 1000
a contact +12300 +12400 2039 2015 1000
a contact +12300 +12400 2043 2019 1000
a contact +13100 +13200 1004 2002 1000
a contact +13100 +13200 2002 1004 1000
a contact +13100 +13200 2009 2048 1000
a contact +13100 +13200 2028 2055 1000
a contact +13100 +13200 2048 2009 1000
a contact +13100 +13200 2055 2028 1000
a contact +13300 +13400 2009 2047 1000
a contact +13300 +13400 2047 2009 1000
a contact +13500 +13600 2013 2038 1000
a contact +13500 +13600 2038 2013 1000
a contact +13600 +13700 2029 2053 1000
a contact +13600 +13700 2053 2029 1000
a contact +13700 +13800 1002 2026 1000
a contact +13700 +13800 2026 1002 1000
a contact +13700 +13800 2041 2055 1000
a contact +13700 +13800 2055 2041 1000
a contact +13900 +14000 2024 2048 1000
a contact +13900 +14000 2041 2056 1000
a contact +13900 +14000 2048 2024 1000
a contact +13900 +14000 2056 2041 1000
a contact +14000 +14100 2010 2026 1000
a contact +14000 +14100 2026 2010 1000
a contact +14200 +14300 2002 2041 1000
a contact +14200 +14300 2041 2002 1000
a contact +14300 +14400 2006 2030 1000
a contact +14300 +14400 2030 2006 1000
a contact +14400 +14500 2038 2049 1000
a contact +14400 +14500 2049 2038 1000
a contact +14700 +14800 2006 2033 1000
a contact +14700 +14800 2033 2006 1000
a contact +15600 +15700 2016 2018 1000
a contact +15600 +15700 2018 2016 1000
a contact +15600 +15700 2021 2036 1000
a contact +15600 +15700 2036 2021 1000
a contact +15700 +15800 2004 2023 1000
a contact +15700 +15800 2009 2010 1000
a contact +15700 +15800 2010 2009 1000
a contact +15700 +15800 2023 2004 1000
a contact +15900 +16000 2023 2037 1000
a contact +15900 +16000 2037 2023 1000
a contact +15900 +16000 2051 2053 1000
a contact +15900 +16000 2053 2051 1000
a contact +16000 +16100 1003 2040 1000
a contact +16000 +16100 2010 2011 1000
a contact +16000 +16100 2011 2010 1000
a contact +16000 +16100 2040 1003 1000
a contact +16200 +16300 2015 2017 1000
a contact +16200 +16300 2017 2015 1000
a contact +16700 +16800 1001 2054 1000
a contact +16700 +16800 1003 2053 1000
a contact +16700 +16800 2053 1003 1000
a contact +16700 +16800 2054 1001 1000
a contact +16800 +16900 2026 2038 1000
a contact +16800 +16900 2027 2040 1000
a contact +16800 +16900 2038 2026 1000
a contact +16800 +16900 2040 2027 1000
a contact +17000 +17100 2014 2046 1000
a contact +17000 +17100 2046 2014 1000
a contact +17100 +17200 1003 2055 1000
a contact +17100 +17200 2009 9002 1000
a contact +17100 +17200 2011 2049 1000
a contact +17100 +17200 2049 2011 1000
a contact +17100 +17200 2055 1003 1000
a contact +17100 +17200 9002 2009 1000
a contact +17400 +17500 2015 2045 1000
a contact +17400 +17500 2045 2015 1000
a contact +18100 +18200 2037 2053 1000
a contact +18100 +18200 2053 2037 1000
a contact +18500 +18600 2018 2035 1000
a contact +18500 +18600 2035 2018 1000
a contact +18600 +18700 2008 2054 1000
a contact +18600 +18700 2054 2008 1000
a contact +18700 +18800 2009 2054 1000
a contact +18700 +18800 2054 2009 1000
a contact +19200 +19300 2005 2043 1000
a contact +19200 +19300 2043 2005 1000
a contact +19700 +19800 2003 2038 1000
a contact +19700 +19800 2038 2003 1000
a contact +19900 +20000 2033 2056 1000
a contact +19900 +20000 2056 2033 1000
a contact +20100 +20200 2024 2055 1000
a contact +20100 +20200 2055 2024 1000
a contact +20500 +20600 2024 9002 1000
a contact +20500 +20600 9002 2024 1000
a contact +20800 +20900 2020 2030 1000
a contact +20800 +20900 2030 2020 1000
a contact +21100 +21200 2003 2045 1000
a contact +21100 +21200 2045 2003 1000
a contact +21100 +21200 2050 2052 1000
a contact +21100 +21200 2052 2050 1000
a contact +21300 +21400 2002 9002 1000
a contact +21300 +21400 2028 2030 1000
a contact +21300 +21400 2030 2028 1000
a contact +21300 +21400 9002 2002 1000
a contact +21800 +21900 2022 2039 1000
a contact +21800 +21900 2039 2022 1000
a contact +22800 +22900 1003 2025 1000
a contact +22800 +22900 2025 1003 1000
a contact +23000 +23100 2017 2027 1000
a contact +23000 +23100 2027 2017 1000
a contact +23100 +23200 2035 2052 1000
a contact +23100 +23200 2052 2035 1000
a contact +23300 +23400 1003 2055 1000
a contact +23300 +23400 2013 2041 1000
a contact +23300 +23400 2041 2013 1000
a contact +23300 +23400 2055 1003 1000
a contact +23800 +23900 2016 2043 1000
a contact +23800 +23900 2043 2016 1000
a contact +23900 +24100 2005 2029 1000
a contact +23900 +24100 2029 2005 1000
a contact +24500 +24600 1003 2035 1000
a contact +24500 +24600 2035 1003 1000
a contact +24700 +24800 2002 2052 1000
a contact +24700 +24800 2011 2035 1000
a contact +24700 +24800 2035 2011 1000
a contact +24700 +24800 2052 2002 1000
a contact +25100 +25300 2010 2035 1000
a contact +25100 +25300 2035 2010 1000
a contact +25400 +25500 2012 2036 1000
a contact +25400 +25500 2014 2038 1000
a contact +25400 +25500 2036 2012 1000
a contact +25400 +25500 2038 2014 1000
a contact +25800 +25900 2003 2032 1000
a contact +25800 +25900 2032 2003 1000
a contact +25900 +26000 1003 2042 1000
a contact +25900 +26000 2006 2035 1000
a contact +25900 +26000 2035 2006 1000
a contact +25900 +26000 2042 1003 1000
a contact +26000 +26100 1004 2031 1000
a contact +26000 +26100 2002 2032 1000
a contact +26000 +26100 2031 1004 1000
a contact +26000 +26100 2032 2002 1000
a contact +26100 +26200 2001 2044 1000
a contact +26100 +26200 2044 2001 1000
a contact +26200 +26300 1002 2031 1000
a contact +26200 +26300 2028 2051 1000
a contact +26200 +26300 2031 1002 1000
a contact +26200 +26300 2051 2028 1000
a contact +26900 +27000 2018 9002 1000
a contact +26900 +27000 9002 2018 1000
a contact +27000 +27100 2020 2023 1000
a contact +27000 +27100 2023 2020 1000
a contact +27100 +27200 2018 2056 1000
a contact +27100 +27200 2056 2018 1000
a contact +27300 +27400 2002 2047 1000
a contact +27300 +27400 2047 2002 1000
a contact +27400 +27500 2003 2049 1000
a contact +27400 +27500 2022 2046 1000
a contact +27400 +27500 2046 2022 1000
a contact +27400 +27500 2049 2003 1000
a contact +27700 +27800 2030 2040 1000
a contact +27700 +27800 2040 2030 1000
a contact +28000 +28100 2021 2034 1000
a contact +28000 +28100 2034 2021 1000
a contact +28200 +28300 2024 2034 1000
a contact +28200 +28300 2026 2037 1000
a contact +28200 +28300 2034 2024 1000
a contact +28200 +28300 2037 2026 1000
a contact +28500 +28600 2035 2045 1000
a contact +28500 +28600 2045 2035 1000
a contact +28600 +28700 1001 2009 1000
a contact +28600 +28700 2009 1001 1000
a contact +28700 +28800 2008 2026 1000
a contact +28700 +28800 2026 2008 1000
a contact +28800 +28900 2041 2042 1000
a contact +28800 +28900 2042 2041 1000
a contact +29000 +29100 2033 2048 1000
a contact +29000 +29100 2048 2033 1000
a contact +29500 +29600 1003 2032 1000
a contact +29500 +29600 2032 1003 1000
a contact +29800 +29900 2009 2025 1000
a contact +29800 +29900 2025 2009 1000
a contact +29900 +30000 2015 2031 1000
a contact +29900 +30000 2031 2015 1000
a contact +29900 +30000 2036 2053 1000
a contact +29900 +30000 2053 2036 1000
a contact +30100 +30200 2005 2033 1000
a contact +30100 +30200 2012 2024 1000
a contact +30100 +30200 2024 2012 1000
a contact +30100 +30200 2033 2005 1000
a contact +30100 +30200 2043 9002 1000
a contact +30100 +30200 9002 2043 1000
a contact +30500 +30600 2022 2053 1000
a contact +30500 +30600 2053 2022 1000
a contact +30700 +30800 1001 2003 1000
a contact +30700 +30800 2003 1001 1000
a contact +30700 +30800 2005 2041 1000
a contact +30700 +30800 2041 2005 1000
a contact +30800 +30900 1003 2037 1000
a contact +30800 +30900 2024 9003 1000
a contact +30800 +30900 2037 1003 1000
a contact +30800 +30900 9003 2024 1000
a contact +31100 +31200 2028 2030 1000
a contact +31100 +31200 2030 2028 1000
a contact +31200 +31300 2006 2052 1000
a contact +31200 +31300 2009 2049 1000
a contact +31200 +31300 2013 2053 1000
a contact +31200 +31300 2028 2031 1000
a contact +31200 +31300 2031 2028 1000
a contact +31200 +31300 2049 2009 1000
a contact +31200 +31300 2052 2006 1000
a contact +31200 +31300 2053 2013 1000
a contact +31300 +31400 2014 2052 1000
a contact +31300 +31400 2052 2014 1000
a contact +31400 +31500 2013 2014 1000
a contact +31400 +31500 2014 2013 1000
a contact +31500 +31600 2008 2011 1000
a contact +31500 +31600 2011 2008 1000
a contact +31600 +31700 2024 2038 1000
a contact +31600 +31700 2038 2024 1000
a contact +31800 +31900 2052 2055 1000
a contact +31800 +31900 2055 2052 1000
a contact +31900 +32000 2009 2011 1000
a contact +31900 +32000 2011 2009 1000
a contact +31900 +32000 2023 2024 1000
a contact +31900 +32000 2024 2023 1000
a contact +31900 +32000 2050 2052 1000
a contact +31900 +32000 2052 2050 1000
a contact +32200 +32300 2007 2008 1000
a contact +32200 +32300 2008 2007 1000
a contact +32200 +32300 2020 2030 1000
a contact +32200 +32300 2030 2020 1000
a contact +32200 +32300 2048 2049 1000
a contact +32200 +32300 2049 2048 1000
a contact +32300 +32400 2008 2009 1000
a contact +32300 +32400 2009 2008 1000
a contact +32300 +32400 2018 9003 1000
a contact +32300 +32400 9003 2018 1000
a contact +32400 +32500 2020 2031 1000
a contact +32400 +32500 2031 2020 1000
a contact +32500 +32600 1002 2049 1000
a contact +32500 +32600 2013 2038 1000
a contact +32500 +32600 2027 2029 1000
a contact +32500 +32600 2029 2027 1000
a contact +32500 +32600 2038 2013 1000
a contact +32500 +32600 2049 1002 1000
a contact +32600 +32700 1002 2054 1000
a contact +32600 +32700 2029 2032 1000
a contact +32600 +32700 2032 2029 1000
a contact +32600 +32700 2054 1002 1000
a contact +32800 +32900 2025 2035 1000
a contact +32800 +32900 2035 2025 1000
a contact +33700 +33800 1002 2011 1000
a contact +33700 +33800 2011 1002 1000
a contact +33800 +33900 2034 2050 1000
a contact +33800 +33900 2050 2034 1000
a contact +33900 +34000 2025 2055 1000
a contact +33900 +34000 2055 2025 1000
a contact +34100 +34200 2005 2030 1000
a contact +34100 +34200 2030 2005 1000
a contact +34100 +34200 2035 2048 1000
a contact +34100 +34200 2039 2052 1000
a contact +34100 +34200 2048 2035 1000
a contact +34100 +34200 2052 2039 1000
a contact +34300 +34400 2009 2021 1000
a contact +34300 +34400 2021 2009 1000
a contact +34400 +34500 2004 2041 1000
a contact +34400 +34500 2041 2004 1000
a contact +34700 +34800 1004 2020 1000
a contact +34700 +34800 2020 1004 1000
a contact +34900 +35000 2011 2038 1000
a contact +34900 +35000 2038 2011 1000
a contact +35400 +35500 2004 2036 1000
a contact +35400 +35500 2036 2004 1000
a contact +35500 +35600 2004 2030 1000
a contact +35500 +35600 2030 2004 1000
a contact +35600 +35700 2004 2031 1000
a contact +35600 +35700 2031 2004 1000
a contact +36700 +36800 2004 2048 1000
a contact +36700 +36800 2023 2038 1000
a contact +36700 +36800 2038 2023 1000
a contact +36700 +36800 2048 2004 1000
a contact +37100 +37200 2007 2056 1000
a contact +37100 +37200 2020 2033 1000
a contact +37100 +37200 2033 2020 1000
a contact +37100 +37200 2048 2050 1000
a contact +37100 +37200 2050 2048 1000
a contact +37100 +37200 2056 2007 1000
a contact +37300 +37400 2008 2009 1000
a contact +37300 +37400 2009 2008 1000
a contact +37400 +37500 2023 2037 1000
a contact +37400 +37500 2037 2023 1000
a contact +37500 +37600 1002 2023 1000
a contact +37500 +37600 2023 1002 1000
a contact +37600 +37700 2027 2039 1000
a contact +37600 +37700 2039 2027 1000
a contact +37700 +37800 1003 9002 1000
a contact +37700 +37800 9002 1003 1000
a contact +37800 +37900 2007 2048 1000
a contact +37800 +37900 2048 2007 1000
a contact +37900 +38000 1003 2006 1000
a contact +37900 +38000 2006 1003 1000
a contact +37900 +38000 2031 2041 1000
a contact +37900 +38000 2041 2031 1000
a contact +38000 +38100 2038 2041 1000
a contact +38000 +38100 2041 2038 1000
a contact +38400 +38500 2001 2045 1000
a contact +38400 +38500 2045 2001 1000
a contact +38600 +38700 2005 2031 1000
a contact +38600 +38700 2006 2033 1000
a contact +38600 +38700 2031 2005 1000
a contact +38600 +38700 2033 2006 1000
a contact +38700 +38800 1004 2051 1000
a contact +38700 +38800 2051 1004 1000
a contact +38800 +38900 2031 2056 1000
a contact +38800 +38900 2056 2031 1000
a contact +38900 +39000 2012 2021 1000
a contact +38900 +39000 2021 2012 1000
a contact +38900 +39000 2039 2054 1000
a contact +38900 +39000 2054 2039 1000
a contact +39000 +39100 2013 2030 1000
a contact +39000 +39100 2030 2013 1000
a contact +39100 +39200 2039 2053 1000
a contact +39100 +39200 2053 2039 1000
a contact +39200 +39300 2006 2037 1000
a contact +39200 +39300 2035 2048 1000
a contact +39200 +39300 2037 2006 1000
a contact +39200 +39300 2048 2035 1000
a contact +39400 +39500 2010 2028 1000
a contact +39400 +39500 2028 2010 1000
a contact +39400 +39500 2036 2049 1000
a contact +39400 +39500 2049 2036 1000
a contact +39600 +39700 2009 2039 1000
a contact +39600 +39700 2039 2009 1000
a contact +39700 +39800 2005 2028 1000
a contact +39700 +39800 2028 2005 1000
a contact +40100 +40200 2013 2031 1000
a contact +40100 +40200 2031 2013 1000
a contact +40200 +40300 1001 2052 1000
a contact +40200 +40300 2011 2028 1000
a contact +40200 +40300 2026 2050 1000
a contact +40200 +40300 2028 2011 1000
a contact +40200 +40300 2050 2026 1000
a contact +40200 +40300 2052 1001 1000
a contact +40300 +40400 2008 9002 1000
a contact +40300 +40400 9002 2008 1000
a contact +40500 +40600 2005 2042 1000
a contact +40500 +40600 2042 2005 1000
a contact +40600 +40700 2011 2038 1000
a contact +40600 +40700 2038 2011 1000
a contact +41000 +41100 2019 2052 1000
a contact +41000 +41100 2052 2019 1000
a contact +41500 +41600 2015 2018 1000
a contact +41500 +41600 2018 2015 1000
a contact +41600 +41700 2014 2056 1000
a contact +41600 +41700 2056 2014 1000
a contact +41700 +41900 2031 2032 1000
a contact +41700 +41900 2032 2031 1000
a contact +41900 +42000 2021 2039 1000
a contact +41900 +42000 2039 2021 1000
a contact +42000 +42100 2010 2047 1000
a contact +42000 +42100 2021 2036 1000
a contact +42000 +42100 2022 2037 1000
a contact +42000 +42100 2036 2021 1000
a contact +42000 +42100 2037 2022 1000
a contact +42000 +42100 2047 2010 1000
a contact +42200 +42300 2009 2049 1000
a contact +42200 +42300 2049 2009 1000
a contact +42500 +42600 2005 2051 1000
a contact +42500 +42600 2051 2005 1000
a contact +42900 +43000 2011 2012 1000
a contact +42900 +43000 2012 2011 1000
a contact +42900 +43000 2017 2052 1000
a contact +42900 +43000 2052 2017 1000
a contact +43000 +43100 2006 2047 1000
a contact +43000 +43100 2047 2006 1000
a contact +43100 +43200 2022 2024 1000
a contact +43100 +43200 2024 2022 1000
a contact +43100 +43200 2037 2038 1000
a contact +43100 +43200 2038 2037 1000
a contact +43200 +43300 2017 9003 1000
a contact +43200 +43300 2035 2038 1000
a contact +43200 +43300 2038 2035 1000
a contact +43200 +43300 9003 2017 1000
a contact +43900 +44000 1002 2037 1000
a contact +43900 +44000 2037 1002 1000
a contact +44300 +44400 2002 2050 1000
a contact +44300 +44400 2050 2002 1000
a contact +44400 +44600 2042 2054 1000
a contact +44400 +44600 2054 2042 1000
a contact +44600 +44700 2007 2035 1000
a contact +44600 +44700 2035 2007 1000
a contact +44800 +44900 2014 2025 1000
a contact +44800 +44900 2025 2014 1000
a contact +44800 +44900 2026 2054 1000
a contact +44800 +44900 2054 2026 1000
a contact +44900 +45000 2001 2041 1000
a contact +44900 +45000 2029 2047 1000
a contact +44900 +45000 2039 2050 1000
a contact +44900 +45000 2041 2001 1000
a contact +44900 +45000 2047 2029 1000
a contact +44900 +45000 2050 2039 1000
a contact +45300 +45400 2042 2056 1000
a contact +45300 +45400 2056 2042 1000
a contact +45600 +45700 2009 2040 1000
a contact +45600 +45700 2023 2052 1000
a contact +45600 +45700 2040 2009 1000
a contact +45600 +45700 2052 2023 1000
a contact +45700 +45800 1004 2039 1000
a contact +45700 +45800 2010 2038 1000
a contact +45700 +45800 2038 2010 1000
a contact +45700 +45800 2039 1004 1000
a contact +46000 +46100 2003 2038 1000
a contact +46000 +46100 2038 2003 1000
a contact +46200 +46300 2003 2042 1000
a contact +46200 +46300 2042 2003 1000
a contact +46400 +46500 1001 9001 1000
a contact +46400 +46500 2004 2015 1000
a contact +46400 +46500 2015 2004 1000
a contact +46400 +46500 2024 2047 1000
a contact +46400 +46500 2047 2024 1000
a contact +46400 +46500 9001 1001 1000
a contact +47100 +47300 2024 2041 1000
a contact +47100 +47300 2041 2024 1000
a contact +47600 +47700 2018 2036 1000
a contact +47600 +47700 2036 2018 1000
a contact +48000 +48200 2029 2040 1000
a contact +48000 +48200 2040 2029 1000
a contact +48300 +48400 2010 2045 1000
a contact +48300 +48400 2045 2010 1000
a contact +48900 +49000 2022 2036 1000
a contact +48900 +49000 2036 2022 1000
a contact +49100 +49200 2028 2030 1000
a contact +49100 +49200 2030 2028 1000
a contact +49500 +49700 2039 2048 1000
a contact +49500 +49700 2048 2039 1000
a contact +50800 +50900 2016 2049 1000
a contact +50800 +50900 2036 2050 1000
a contact +50800 +50900 2049 2016 1000
a contact +50800 +50900 2050 2036 1000
a contact +50900 +51000 2032 2048 1000
a contact +50900 +51000 2048 2032 1000
a contact +51400 +51500 2046 9003 1000
a contact +51400 +51500 9003 2046 1000
a contact +51500 +51600 2024 2050 1000
a contact +51500 +51600 2050 2024 1000
a contact +51600 +51700 1003 2041 1000
a contact +51600 +51700 2041 1003 1000
a contact +51700 +51800 2003 2039 1000
a contact +51700 +51800 2039 2003 1000
a contact +51800 +51900 2037 2049 1000
a contact +51800 +51900 2049 2037 1000
a contact +52100 +52200 1003 2042 1000
a contact +52100 +52200 2042 1003 1000
a contact +52400 +52500 2019 2020 1000
a contact +52400 +52500 2020 2019 1000
a contact +52400 +52500 2054 9001 1000
a contact +52400 +52500 9001 2054 1000
a contact +52500 +52600 2014 2054 1000
a contact +52500 +52600 2054 2014 1000
a contact +52800 +52900 2031 2042 1000
a contact +52800 +52900 2042 2031 1000
a contact +53100 +53200 1003 2030 1000
a contact +53100 +53200 2030 1003 1000
a contact +53200 +53300 1004 9002 1000
a contact +53200 +53300 2021 2032 1000
a contact +53200 +53300 2032 2021 1000
a contact +53200 +53300 9002 1004 1000
a contact +53400 +53500 2032 2042 1000
a contact +53400 +53500 2042 2032 1000
a contact +53500 +53600 1001 2028 1000
a contact +53500 +53600 2028 1001 1000
a contact +53700 +53800 2051 2052 1000
a contact +53700 +53800 2052 2051 1000
a contact +54000 +54100 2024 2039 1000
a contact +54000 +54100 2039 2024 1000
a contact +54200 +54300 1003 2049 1000
a contact +54200 +54300 2049 1003 1000
a contact +54600 +54700 2041 2055 1000
a contact +54600 +54700 2055 2041 1000
a contact +54700 +54800 2016 2045 1000
a contact +54700 +54800 2020 2049 1000
a contact +54700 +54800 2045 2016 1000
a contact +54700 +54800 2049 2020 1000
a contact +54900 +55000 2020 2050 1000
a contact +54900 +55000 2024 2054 1000
a contact +54900 +55000 2050 2020 1000
a contact +54900 +55000 2054 2024 1000
a contact +55200 +55300 2005 2020 1000
a contact +55200 +55300 2020 2005 1000
a contact +55800 +55900 2019 2051 1000
a contact +55800 +55900 2051 2019 1000
a contact +56000 +56100 2023 2047 1000
a contact +56000 +56100 2047 2023 1000
a contact +56100 +56200 1004 2045 1000
a contact +56100 +56200 2012 2028 1000
a contact +56100 +56200 2028 2012 1000
a contact +56100 +56200 2045 1004 1000
a contact +56200 +56300 2003 9003 1000
a contact +56200 +56300 9003 2003 1000
a contact +56500 +56600 2032 2047 1000
a contact +56500 +56600 2047 2032 1000
a contact +56800 +56900 2015 2041 1000
a contact +56800 +56900 2041 2015 1000
a contact +56900 +57000 2006 2042 1000
a contact +56900 +57000 2016 2040 1000
a contact +56900 +57000 2040 2016 1000
a contact +56900 +57000 2042 2006 1000
a contact +57000 +57100 2014 2032 1000
a contact +57000 +57100 2032 2014 1000
a contact +57100 +57200 1002 2024 1000
a contact +57100 +57200 2014 2033 1000
a contact +57100 +57200 2024 1002 1000
a contact +57100 +57200 2033 2014 1000
a contact +57200 +57300 2014 2050 1000
a contact +57200 +57300 2050 2014 1000
a contact +57300 +57400 1003 2037 1000
a contact +57300 +57400 2037 1003 1000
a contact +57500 +57600 2004 2014 1000
a contact +57500 +57600 2013 2049 1000
a contact +57500 +57600 2014 2004 1000
a contact +57500 +57600 2049 2013 1000
a contact +57600 +57700 2026 2035 1000
a contact +57600 +57700 2035 2026 1000
a contact +57900 +58000 2023 2039 1000
a contact +57900 +58000 2039 2023 1000
a contact +58100 +58200 2010 2053 1000
a contact +58100 +58200 2025 2028 1000
a contact +58100 +58200 2028 2025 1000
a contact +58100 +58200 2053 2010 1000
a contact +58200 +58300 2008 2052 1000
a contact +58200 +58300 2052 2008 1000
a contact +58700 +58800 1003 9002 1000
a contact +58700 +58800 2039 2040 1000
a contact +58700 +58800 2040 2039 1000
a contact +58700 +58800 9002 1003 1000
a contact +59300 +59400 2006 2053 1000
a contact +59300 +59400 2053 2006 1000
a contact +59700 +59800 2042 9003 1000
a contact +59700 +59800 9003 2042 1000
a contact +59800 +59900 2017 2043 1000
a contact +59800 +59900 2029 2055 1000
a contact +59800 +59900 2043 2017 1000
a contact +59800 +59900 2055 2029 1000
a contact +59900 +60000 2015 2050 1000
a contact +59900 +60000 2050 2015 1000
a contact +60200 +60300 2012 2027 1000
a contact +60200 +60300 2027 2012 1000
a contact +60200 +60300 2034 2052 1000
a contact +60200 +60300 2052 2034 1000
a contact +60600 +60700 2004 2027 1000
a contact +60600 +60700 2027 2004 1000
a contact +60700 +60800 2019 2051 1000
a contact +60700 +60800 2051 2019 1000
a contact +60800 +60900 2005 2037 1000
a contact +60800 +60900 2037 2005 1000
a contact +61500 +61600 2034 2049 1000
a contact +61500 +61600 2049 2034 1000
a contact +61600 +61700 2018 2037 1000
a contact +61600 +61700 2037 2018 1000
a contact +62500 +62700 1004 2044 1000
a contact +62500 +62700 2044 1004 1000
a contact +62800 +63000 2007 2022 1000
a contact +62800 +63000 2022 2007 1000
a contact +63300 +63400 2023 2039 1000
a contact +63300 +63400 2039 2023 1000
a contact +64500 +64600 2025 2028 1000
a contact +64500 +64600 2028 2025 1000
a contact +64900 +65000 2010 2012 1000
a contact +64900 +65000 2012 2010 1000
a contact +65200 +65300 1001 2022 1000
a contact +65200 +65300 2022 1001 1000
a contact +65300 +65400 2024 2037 1000
a contact +65300 +65400 2037 2024 1000
a contact +65400 +65500 2018 2031 1000
a contact +65400 +65500 2031 2018 1000
a contact +65700 +65800 2042 2052 1000
a contact +65700 +65800 2052 2042 1000
a contact +65800 +65900 1001 2006 1000
a contact +65800 +65900 2001 2026 1000
a contact +65800 +65900 2006 1001 1000
a contact +65800 +65900 2026 2001 1000
a contact +66200 +66300 2014 2041 1000
a contact +66200 +66300 2041 2014 1000
a contact +66300 +66400 1002 1003 1000
a contact +66300 +66400 1003 1002 1000
a contact +66300 +66400 2024 2049 1000
a contact +66300 +66400 2049 2024 1000
a contact +66500 +66600 2010 2040 1000
a contact +66500 +66600 2016 2053 1000
a contact +66500 +66600 2040 2010 1000
a contact +66500 +66600 2053 2016 1000
a contact +66600 +66700 2010 9003 1000
a contact +66600 +66700 9003 2010 1000
a contact +67000 +67100 2021 2055 1000
a contact +67000 +67100 2055 2021 1000
a contact +67200 +67300 2001 2041 1000
a contact +67200 +67300 2013 2029 1000
a contact +67200 +67300 2026 2049 1000
a contact +67200 +67300 2029 2013 1000
a contact +67200 +67300 2041 2001 1000
a contact +67200 +67300 2049 2026 1000
a contact +67500 +67600 2003 2056 1000
a contact +67500 +67600 2056 2003 1000
a contact +68600 +68700 1003 2056 1000
a contact +68600 +68700 2018 2019 1000
a contact +68600 +68700 2019 2018 1000
a contact +68600 +68700 2056 1003 1000
a contact +69000 +69100 2008 2044 1000
a contact +69000 +69100 2028 2038 1000
a contact +69000 +69100 2038 2028 1000
a contact +69000 +69100 2044 2008 1000
a contact +69400 +69500 2008 2051 1000
a contact +69400 +69500 2051 2008 1000
a contact +69700 +69900 2027 2041 1000
a contact +69700 +69900 2041 2027 1000
a contact +69900 +70000 2019 2038 1000
a contact +69900 +70000 2038 2019 1000
a contact +70600 +70800 2023 2025 1000
a contact +70600 +70800 2025 2023 1000
a contact +71100 +71200 2021 2034 1000
a contact +71100 +71200 2034 2021 1000
a contact +71100 +71200 2050 2051 1000
a contact +71100 +71200 2051 2050 1000
a contact +71200 +71300 1003 2042 1000
a contact +71200 +71300 2042 1003 1000
a contact +71200 +71300 2051 2053 1000
a contact +71200 +71300 2053 2051 1000
a contact +71300 +71400 2022 2032 1000
a contact +71300 +71400 2032 2022 1000
a contact +71400 +71500 2008 2010 1000
a contact +71400 +71500 2010 2008 1000
a contact +71600 +71700 2029 2047 1000
a contact +71600 +71700 2047 2029 1000
a contact +71700 +71800 2007 2008 1000
a contact +71700 +71800 2008 2007 1000
a contact +72000 +72100 2002 2039 1000
a contact +72000 +72100 2039 2002 1000
a contact +72100 +72200 2034 2049 1000
a contact +72100 +72200 2049 2034 1000
a contact +72300 +72400 2008 2021 1000
a contact +72300 +72400 2021 2008 1000
a contact +72400 +72500 2008 2032 1000
a contact +72400 +72500 2032 2008 1000
a contact +72500 +72600 2039 2053 1000
a contact +72500 +72600 2053 2039 1000
a contact +72600 +72700 2007 2040 1000
a contact +72600 +72700 2040 2007 1000
a contact +72800 +72900 2003 2029 1000
a contact +72800 +72900 2029 2003 1000
a contact +72900 +73000 2002 2029 1000
a contact +72900 +73000 2029 2002 1000
a contact +73000 +73100 2042 2055 1000
a contact +73000 +73100 2055 2042 1000
a contact +73100 +73200 1003 2030 1000
a contact +73100 +73200 2030 1003 1000
a contact +73400 +73500 2045 9003 1000
a contact +73400 +73500 9003 2045 1000
a contact +73600 +73700 2004 2034 1000
a contact +73600 +73700 2034 2004 1000
a contact +74200 +74300 1003 2056 1000
a contact +74200 +74300 2056 1003 1000
a contact +74600 +74700 2015 2048 1000
a contact +74600 +74700 2048 2015 1000
a contact +74700 +74800 2023 2024 1000
a contact +74700 +74800 2024 2023 1000
a contact +74900 +75000 1003 2051 1000
a contact +74900 +75000 2015 2017 1000
a contact +74900 +75000 2017 2015 1000
a contact +74900 +75000 2034 2046 1000
a contact +74900 +75000 2046 2034 1000
a contact +74900 +75000 2051 1003 1000
a contact +75000 +75100 2023 2040 1000
a contact +75000 +75100 2040 2023 1000
a contact +75100 +75200 2005 2051 1000
a contact +75100 +75200 2051 2005 1000
a contact +75300 +75400 2026 2045 1000
a contact +75300 +75400 2045 2026 1000
a contact +75600 +75700 2025 2039 1000
a contact +75600 +75700 2039 2025 1000
a contact +75700 +75800 2027 2039 1000
a contact +75700 +75800 2039 2027 1000
a contact +75800 +75900 1003 2044 1000
a contact +75800 +75900 2008 2010 1000
a contact +75800 +75900 2010 2008 1000
a contact +75800 +75900 2044 1003 1000
a contact +75900 +76000 1003 2045 1000
a contact +75900 +76000 2027 2038 1000
a contact +75900 +76000 2038 2027 1000
a contact +75900 +76000 2045 1003 1000
a contact +76000 +76100 2010 2013 1000
a contact +76000 +76100 2013 2010 1000
a contact +76100 +76200 2010 2011 1000
a contact +76100 +76200 2011 2010 1000
a contact +76200 +76300 2050 2053 1000
a contact +76200 +76300 2053 2050 1000
a contact +76300 +76400 1003 2041 1000
a contact +76300 +76400 2041 1003 1000
a contact +76500 +76600 2002 2044 1000
a contact +76500 +76600 2044 2002 1000
a contact +76600 +76700 1001 2011 1000
a contact +76600 +76700 2011 1001 1000
a contact +76700 +76800 2006 2054 1000
a contact +76700 +76800 2054 2006 1000
a contact +76800 +76900 2013 2047 1000
a contact +76800 +76900 2047 2013 1000
a contact +76900 +77000 2018 2029 1000
a contact +76900 +77000 2029 2018 1000
a contact +77100 +77200 1003 2037 1000
a contact +77100 +77200 2037 1003 1000
a contact +77600 +77700 2010 2024 1000
a contact +77600 +77700 2024 2010 1000
a contact +77800 +77900 2017 2044 1000
a contact +77800 +77900 2044 2017 1000
a contact +78300 +78400 2040 2054 1000
a contact +78300 +78400 2054 2040 1000
a contact +78400 +78500 2001 2035 1000
a contact +78400 +78500 2009 2033 1000
a contact +78400 +78500 2022 2053 1000
a contact +78400 +78500 2033 2009 1000
a contact +78400 +78500 2035 2001 1000
a contact +78400 +78500 2053 2022 1000
a contact +78600 +78700 1004 9003 1000
a contact +78600 +78700 9003 1004 1000
a contact +78800 +78900 2010 2037 1000
a contact +78800 +78900 2037 2010 1000
a contact +79500 +79600 2006 2051 1000
a contact +79500 +79600 2051 2006 1000
a contact +79600 +79700 2010 2054 1000
a contact +79600 +79700 2054 2010 1000
a contact +79800 +79900 2054 2055 1000
a contact +79800 +79900 2055 2054 1000
a contact +80000 +80100 2019 2022 1000
a contact +80000 +80100 2022 2019 1000
a contact +80100 +80200 2009 2050 1000
a contact +80100 +80200 2024 2042 1000
a contact +80100 +80200 2042 2024 1000
a contact +80100 +80200 2050 2009 1000
a contact +80200 +80300 2013 2055 1000
a contact +80200 +80300 2055 2013 1000
a contact +80400 +80500 2011 2051 1000
a contact +80400 +80500 2051 2011 1000
a contact +80600 +80700 2012 2050 1000
a contact +80600 +80700 2050 2012 1000
a contact +80900 +81000 2006 2056 1000
a contact +80900 +81000 2056 2006 1000
a contact +81100 +81200 2006 2007 1000
a contact +81100 +81200 2007 2006 1000
a contact +81100 +81200 2021 2035 1000
a contact +81100 +81200 2023 2033 1000
a contact +81100 +81200 2033 2023 1000
a contact +81100 +81200 2035 2021 1000
a contact +81500 +81600 2007 2009 1000
a contact +81500 +81600 2009 2007 1000
a contact +81500 +81600 2030 2042 1000
a contact +81500 +81600 2042 2030 1000
a contact +81600 +81700 2002 2005 1000
a contact +81600 +81700 2005 2002 1000
a contact +81700 +81800 2040 2041 1000
a contact +81700 +81800 2041 2040 1000
a contact +81800 +81900 2002 2051 1000
a contact +81800 +81900 2009 2010 1000
a contact +81800 +81900 2010 2009 1000
a contact +81800 +81900 2051 2002 1000
a contact +81900 +82000 2008 2010 1000
a contact +81900 +82000 2010 2008 1000
a contact +82200 +82300 2020 2050 1000
a contact +82200 +82300 2040 2052 1000
a contact +82200 +82300 2050 2020 1000
a contact +82200 +82300 2052 2040 1000
a contact +82500 +82600 2004 2039 1000
a contact +82500 +82600 2039 2004 1000
a contact +82700 +82800 2039 2054 1000
a contact +82700 +82800 2054 2039 1000
a contact +83300 +83400 2012 2024 1000
a contact +83300 +83400 2024 2012 1000
a contact +83500 +83600 2035 2049 1000
a contact +83500 +83600 2038 2048 1000
a contact +83500 +83600 2048 2038 1000
a contact +83500 +83600 2049 2035 1000
a contact +83600 +83700 1001 2026 1000
a contact +83600 +83700 2026 1001 1000
a contact +83700 +83800 2010 2020 1000
a contact +83700 +83800 2020 2010 1000
a contact +84000 +84100 2010 2037 1000
a contact +84000 +84100 2022 2056 1000
a contact +84000 +84100 2037 2010 1000
a contact +84000 +84100 2056 2022 1000
a contact +84300 +84400 1002 2038 1000
a contact +84300 +84400 2009 2033 1000
a contact +84300 +84400 2033 2009 1000
a contact +84300 +84400 2038 1002 1000
a contact +84400 +84500 2010 2034 1000
a contact +84400 +84500 2014 2038 1000
a contact +84400 +84500 2022 2055 1000
a contact +84400 +84500 2034 2010 1000
a contact +84400 +84500 2038 2014 1000
a contact +84400 +84500 2041 2053 1000
a contact +84400 +84500 2053 2041 1000
a contact +84400 +84500 2055 2022 1000
a contact +84900 +85000 2009 2035 1000
a contact +84900 +85000 2035 2009 1000
a contact +85400 +85600 2009 2046 1000
a contact +85400 +85600 2046 2009 1000
a contact +85800 +85900 2028 2031 1000
a contact +85800 +85900 2031 2028 1000
a contact +86000 +86100 2010 2045 1000
a contact +86000 +86100 2045 2010 1000
a contact +86200 +86300 1002 2011 1000
a contact +86200 +86300 2011 1002 1000
a contact +86300 +86400 2014 2047 1000
a contact +86300 +86400 2047 2014 1000

a range +100 +200 2002 9002 1103.3717
a range +100 +200 2022 2041 0.0431
a range +100 +200 2023 2040 0.0284
a range +100 +200 2040 2023 0.0284
a range +100 +200 2041 2022 0.0431
a range +100 +200 9002 2002 1103.3717
a range +200 +300 2022 2040 0.0361
a range +200 +300 2029 2032 0.0303
a range +200 +300 2032 2029 0.0303
a range +200 +300 2040 2022 0.0361
a range +300 +400 1003 2056 1102.231
a range +300 +400 2004 9001 1102.3442
a range +300 +400 2022 2039 0.0305
a range +300 +400 2023 2038 0.0157
a range +300 +400 2030 2032 0.0211
a range +300 +400 2032 2030 0.0211
a range +300 +400 2038 2023 0.0157
a range +300 +400 2039 2022 0.0305
a range +300 +400 2056 1003 1102.231
a range +300 +400 9001 2004 1102.3442
a range +400 +500 2024 2040 0.0195
a range +400 +500 2040 2024 0.0195
a range +500 +600 2031 2032 0.0108
a range +500 +600 2032 2031 0.0108
a range +700 +800 2014 2048 0.0432
a range +700 +800 2048 2014 0.0432
a range +1000 +1100 2023 2035 0.0267
a range +1000 +1100 2035 2023 0.0267
a range +1100 +1200 1002 2004 1102.4719
a range +1100 +1200 2004 1002 1102.4719
a range +1200 +1300 1002 2003 1102.4731
a range +1200 +1300 2003 1002 1102.4731
a range +1300 +1500 1004 2023 1102.02
a range +1300 +1500 2023 1004 1102.02
a range +1800 +1900 2019 2030 0.0284
a range +1800 +1900 2030 2019 0.0284
a range +2400 +2500 1004 2050 1102.0104
a range +2400 +2500 2024 2043 0.043
a range +2400 +2500 2043 2024 0.043
a range +2400 +2500 2050 1004 1102.0104
a range +3200 +3300 2019 2051 0.0431
a range +3200 +3300 2051 2019 0.0431
a range +3600 +3700 2001 2044 0.0433
a range +3600 +3700 2029 2053 0.0378
a range +3600 +3700 2044 2001 0.0433
a range +3600 +3700 2053 2029 0.0378
a range +4400 +4500 1004 2020 1101.9924
a range +4400 +4500 2020 1004 1101.9924
a range +4500 +4600 1004 2041 1102.0285
a range +4500 +4600 2041 1004 1102.0285
a range +4600 +4800 2024 2033 0.043
a range +4600 +4800 2033 2024 0.043
a range +4800 +4900 2006 2036 0.0364
a range +4800 +4900 2036 2006 0.0364
a range +4900 +5100 2003 2034 0.0224
a range +4900 +5100 2034 2003 0.0224
a range +5200 +5300 2003 2038 0.0431
a range +5200 +5300 2038 2003 0.0431
a range +5500 +5600 1002 2033 1102.3203
a range +5500 +5600 2009 2022 0.0197
a range +5500 +5600 2022 2009 0.0197
a range +5500 +5600 2033 1002 1102.3203
a range +5500 +5600 2044 2055 0.0303
a range +5500 +5600 2055 2044 0.0303
a range +5600 +5700 2041 2051 0.0351
a range +5600 +5700 2051 2041 0.0351
a range +5700 +5800 2002 2038 0.043
a range +5700 +5800 2029 2032 0.0303
a range +5700 +5800 2032 2029 0.0303
a range +5700 +5800 2038 2002 0.043
a range +5800 +5900 2019 2036 0.0325
a range +5800 +5900 2036 2019 0.0325
a range +5800 +5900 2044 9001 1102.3376
a range +5800 +5900 9001 2044 1102.3376
a range +5900 +6000 2052 2053 0.0108
a range +5900 +6000 2053 2052 0.0108
a range +6000 +6100 1003 2028 1102.2161
a range +6000 +6100 2028 1003 1102.2161
a range +6100 +6200 2052 2054 0.0211
a range +6100 +6200 2054 2052 0.0211
a range +6200 +6300 2002 2004 0.0211
a range +6200 +6300 2004 2002 0.0211
a range +6200 +6300 2023 2041 0.0351
a range +6200 +6300 2041 2023 0.0351
a range +6300 +6400 2005 2007 0.0211
a range +6300 +6400 2007 2005 0.0211
a range +6400 +6600 2019 2035 0.024
a range +6400 +6600 2035 2019 0.024
a range +7000 +7100 2019 2050 0.0372
a range +7000 +7100 2050 2019 0.0372
a range +7100 +7200 2001 2037 0.0432
a range +7100 +7200 2037 2001 0.0432
a range +7300 +7400 2018 2044 0.0218
a range +7300 +7400 2044 2018 0.0218
a range +7400 +7500 2002 9002 1103.3717
a range +7400 +7500 9002 2002 1103.3717
a range +7500 +7600 1002 2019 1102.2935
a range +7500 +7600 2019 1002 1102.2935
a range +7600 +7800 2036 2037 0.0108
a range +7600 +7800 2037 2036 0.0108
a range +7800 +7900 2036 2054 0.0361
a range +7800 +7900 2054 2036 0.0361
a range +8100 +8300 1004 9003 0.0593
a range +8200 +8300 2011 2052 0.0432
a range +8200 +8300 2052 2011 0.0432
a range +8100 +8300 9003 1004 0.0593
a range +8600 +8700 1003 9003 0.0592
a range +8600 +8700 9003 1003 0.0592
a range +8800 +8900 2030 9002 1102.4393
a range +8800 +8900 9002 2030 1102.4393
a range +9000 +9100 2024 2056 0.0431
a range +9000 +9100 2056 2024 0.0431
a range +9400 +9500 1002 2011 1102.4532
a range +9400 +9500 2011 1002 1102.4532
a range +9800 +9900 1002 2024 1102.4396
a range +9800 +9900 2010 2026 0.0195
a range +9800 +9900 2024 1002 1102.4396
a range +9800 +9900 2026 2010 0.0195
a range +9800 +9900 2037 2047 0.0394
a range +9800 +9900 2047 2037 0.0394
a range +9900 +10000 2009 2020 0.0336
a range +9900 +10000 2020 2009 0.0336
a range +10000 +10200 2003 2035 0.0431
a range +10000 +10200 2004 2019 0.0106
a range +10000 +10200 2019 2004 0.0106
a range +10000 +10200 2035 2003 0.0431
a range +10200 +10300 2003 2027 0.0395
a range +10200 +10300 2027 2003 0.0395
a range +10500 +10600 2003 2031 0.016
a range +10500 +10600 2031 2003 0.016
a range +10600 +10700 2012 2022 0.0361
a range +10600 +10700 2022 2012 0.0361
a range +10700 +10800 2014 2019 0.0431
a range +10700 +10800 2019 2014 0.0431
a range +10800 +10900 2047 9002 1103.3641
a range +10800 +10900 9002 2047 1103.3641
a range +10900 +11000 1004 2041 1102.573
a range +10900 +11000 2041 1004 1102.573
a range +11000 +11100 1003 2042 1102.2172
a range +11000 +11100 2010 2013 0.0303
a range +11000 +11100 2013 2010 0.0303
a range +11000 +11100 2016 2019 0.0303
a range +11000 +11100 2019 2016 0.0303
a range +11000 +11100 2042 1003 1102.2172
a range +11100 +11200 1002 2042 1102.4683
a range +11100 +11200 2017 2035 0.0359
a range +11100 +11200 2023 2026 0.0303
a range +11100 +11200 2026 2023 0.0303
a range +11100 +11200 2035 2017 0.0359
a range +11100 +11200 2042 1002 1102.4683
a range +11200 +11300 2053 2056 0.0303
a range +11200 +11300 2056 2053 0.0303
a range +11400 +11500 2024 2041 0.0282
a range +11400 +11500 2041 2024 0.0282
a range +11700 +11800 2031 2033 0.0211
a range +11700 +11800 2033 2031 0.0211
a range +11900 +12000 2026 2047 0.0434
a range +11900 +12000 2047 2026 0.0434
a range +12000 +12100 2027 2038 0.0282
a range +12000 +12100 2038 2027 0.0282
a range +12300 +12400 2015 2039 0.0378
a range +12300 +12400 2019 2043 0.0431
a range +12300 +12400 2039 2015 0.0378
a range +12300 +12400 2043 2019 0.0431
a range +13100 +13200 1004 2002 1102.9085
a range +13100 +13200 2002 1004 1102.9085
a range +13100 +13200 2009 2048 0.0434
a range +13100 +13200 2028 2055 0.0314
a range +13100 +13200 2048 2009 0.0434
a range +13100 +13200 2055 2028 0.0314
a range +13300 +13400 2009 2047 0.0433
a range +13300 +13400 2047 2009 0.0433
a range +13500 +13600 2013 2038 0.0224
a range +13500 +13600 2038 2013 0.0224
a range +13600 +13700 2029 2053 0.0378
a range +13600 +13700 2053 2029 0.0378
a range +13700 +13800 1002 2026 1102.449
a range +13700 +13800 2026 1002 1102.449
a range +13700 +13800 2041 2055 0.0141
a range +13700 +13800 2055 2041 0.0141
a range +13900 +14000 2024 2048 0.043
a range +13900 +14000 2041 2056 0.0192
a range +13900 +14000 2048 2024 0.043
a range +13900 +14000 2056 2041 0.0192
a range +14000 +14100 2010 2026 0.0195
a range +14000 +14100 2026 2010 0.0195
a range +14200 +14300 2002 2041 0.0404
a range +14200 +14300 2041 2002 0.0404
a range +14300 +14400 2006 2030 0.0431
a range +14300 +14400 2030 2006 0.0431
a range +14400 +14500 2038 2049 0.0327
a range +14400 +14500 2049 2038 0.0327
a range +14700 +14800 2006 2033 0.0219
a range +14700 +14800 2033 2006 0.0219
a range +15600 +15700 2016 2018 0.0211
a range +15600 +15700 2018 2016 0.0211
a range +15600 +15700 2021 2036 0.0211
a range +15600 +15700 2036 2021 0.0211
a range +15700 +15800 2004 2023 0.043
a range +15700 +15800 2009 2010 0.0108
a range +15700 +15800 2010 2009 0.0108
a range +15700 +15800 2023 2004 0.043
a range +15900 +16000 2023 2037 0.0149
a range +15900 +16000 2037 2023 0.0149
a range +15900 +16000 2051 2053 0.0211
a range +15900 +16000 2053 2051 0.0211
a range +16000 +16100 1003 2040 1102.6079
a range +16000 +16100 2010 2011 0.0108
a range +16000 +16100 2011 2010 0.0108
a range +16000 +16100 2040 1003 1102.6079
a range +16200 +16300 2015 2017 0.0211
a range +16200 +16300 2017 2015 0.0211
a range +16700 +16800 1001 2054 1102.6982
a range +16700 +16800 1003 2053 1103.138
a range +16700 +16800 2053 1003 1103.138
a range +16700 +16800 2054 1001 1102.6982
a range +16800 +16900 2026 2038 0.0195
a range +16800 +16900 2027 2040 0.0149
a range +16800 +16900 2038 2026 0.0195
a range +16800 +16900 2040 2027 0.0149
a range +17000 +17100 2014 2046 0.0433
a range +17000 +17100 2046 2014 0.0433
a range +17100 +17200 1003 2055 1103.1417
a range +17100 +17200 2009 9002 1103.3723
a range +17100 +17200 2011 2049 0.0433
a range +17100 +17200 2049 2011 0.0433
a range +17100 +17200 2055 1003 1103.1417
a range +17100 +17200 9002 2009 1103.3723
a range +17400 +17500 2015 2045 0.0313
a range +17400 +17500 2045 2015 0.0313
a range +18100 +18200 2037 2053 0.0213
a range +18100 +18200 2053 2037 0.0213
a range +18500 +18600 2018 2035 0.0301
a range +18500 +18600 2035 2018 0.0301
a range +18600 +18700 2008 2054 0.0434
a range +18600 +18700 2054 2008 0.0434
a range +18700 +18800 2009 2054 0.0435
a range +18700 +18800 2054 2009 0.0435
a range +19200 +19300 2005 2043 0.0434
a range +19200 +19300 2043 2005 0.0434
a range +19700 +19800 2003 2038 0.0434
a range +19700 +19800 2038 2003 0.0434
a range +19900 +20000 2033 2056 0.043
a range +19900 +20000 2056 2033 0.043
a range +20100 +20200 2024 2055 0.0224
a range +20100 +20200 2055 2024 0.0224
a range +20500 +20600 2024 9002 1102.7356
a range +20500 +20600 9002 2024 1102.7356
a range +20800 +20900 2020 2030 0.0351
a range +20800 +20900 2030 2020 0.0351
a range +21100 +21200 2003 2045 0.043
a range +21100 +21200 2045 2003 0.043
a range +21100 +21200 2050 2052 0.0211
a range +21100 +21200 2052 2050 0.0211
a range +21300 +21400 2002 9002 1103.3717
a range +21300 +21400 2028 2030 0.0267
a range +21300 +21400 2030 2028 0.0267
a range +21300 +21400 9002 2002 1103.3717
a range +21800 +21900 2022 2039 0.0305
a range +21800 +21900 2039 2022 0.0305
a range +22800 +22900 1003 2025 1102.6363
a range +22800 +22900 2025 1003 1102.6363
a range +23000 +23100 2017 2027 0.038
a range +23000 +23100 2027 2017 0.038
a range +23100 +23200 2035 2052 0.0327
a range +23100 +23200 2052 2035 0.0327
a range +23300 +23400 1003 2055 1103.1417
a range +23300 +23400 2013 2041 0.0261
a range +23300 +23400 2041 2013 0.0261
a range +23300 +23400 2055 1003 1103.1417
a range +23800 +23900 2016 2043 0.0323
a range +23800 +23900 2043 2016 0.0323
a range +23900 +24100 2005 2029 0.0431
a range +23900 +24100 2029 2005 0.0431
a range +24500 +24600 1003 2035 1102.9177
a range +24500 +24600 2035 1003 1102.9177
a range +24700 +24800 2002 2052 0.0436
a range +24700 +24800 2011 2035 0.043
a range +24700 +24800 2035 2011 0.043
a range +24700 +24800 2052 2002 0.0436
a range +25100 +25300 2010 2035 0.038
a range +25100 +25300 2035 2010 0.038
a range +25400 +25500 2012 2036 0.0431
a range +25400 +25500 2014 2038 0.043
a range +25400 +25500 2036 2012 0.0431
a range +25400 +25500 2038 2014 0.043
a range +25800 +25900 2003 2032 0.0116
a range +25800 +25900 2032 2003 0.0116
a range +25900 +26000 1003 2042 1103.1435
a range +25900 +26000 2006 2035 0.0314
a range +25900 +26000 2035 2006 0.0314
a range +25900 +26000 2042 1003 1103.1435
a range +26000 +26100 1004 2031 1102.9036
a range +26000 +26100 2002 2032 0.0218
a range +26000 +26100 2031 1004 1102.9036
a range +26000 +26100 2032 2002 0.0218
a range +26100 +26200 2001 2044 0.0431
a range +26100 +26200 2044 2001 0.0431
a range +26200 +26300 1002 2031 1103.1186
a range +26200 +26300 2028 2051 0.0433
a range +26200 +26300 2031 1002 1103.1186
a range +26200 +26300 2051 2028 0.0433
a range +26900 +27000 2018 9002 1103.0557
a range +26900 +27000 9002 2018 1103.0557
a range +27000 +27100 2020 2023 0.0303
a range +27000 +27100 2023 2020 0.0303
a range +27100 +27200 2018 2056 0.043
a range +27100 +27200 2056 2018 0.043
a range +27300 +27400 2002 2047 0.0433
a range +27300 +27400 2047 2002 0.0433
a range +27400 +27500 2003 2049 0.0432
a range +27400 +27500 2022 2046 0.0431
a range +27400 +27500 2046 2022 0.0431
a range +27400 +27500 2049 2003 0.0432
a range +27700 +27800 2030 2040 0.038
a range +27700 +27800 2040 2030 0.038
a range +28000 +28100 2021 2034 0.0192
a range +28000 +28100 2034 2021 0.0192
a range +28200 +28300 2024 2034 0.0395
a range +28200 +28300 2026 2037 0.0284
a range +28200 +28300 2034 2024 0.0395
a range +28200 +28300 2037 2026 0.0284
a range +28500 +28600 2035 2045 0.0359
a range +28500 +28600 2045 2035 0.0359
a range +28600 +28700 1001 2009 1103.6074
a range +28600 +28700 2009 1001 1103.6074
a range +28700 +28800 2008 2026 0.0361
a range +28700 +28800 2026 2008 0.0361
a range +28800 +28900 2041 2042 0.0108
a range +28800 +28900 2042 2041 0.0108
a range +29000 +29100 2033 2048 0.0149
a range +29000 +29100 2048 2033 0.0149
a range +29500 +29600 1003 2032 1103.1312
a range +29500 +29600 2032 1003 1103.1312
a range +29800 +29900 2009 2025 0.0213
a range +29800 +29900 2025 2009 0.0213
a range +29900 +30000 2015 2031 0.0245
a range +29900 +30000 2031 2015 0.0245
a range +29900 +30000 2036 2053 0.0305
a range +29900 +30000 2053 2036 0.0305
a range +30100 +30200 2005 2033 0.0138
a range +30100 +30200 2012 2024 0.0195
a range +30100 +30200 2024 2012 0.0195
a range +30100 +30200 2033 2005 0.0138
a range +30100 +30200 2043 9002 1103.3753
a range +30100 +30200 9002 2043 1103.3753
a range +30500 +30600 2022 2053 0.0309
a range +30500 +30600 2053 2022 0.0309
a range +30700 +30800 1001 2003 1103.5919
a range +30700 +30800 2003 1001 1103.5919
a range +30700 +30800 2005 2041 0.0432
a range +30700 +30800 2041 2005 0.0432
a range +30800 +30900 1003 2037 1103.1306
a range +30800 +30900 2024 9003 1103.4612
a range +30800 +30900 2037 1003 1103.1306
a range +30800 +30900 9003 2024 1103.4612
a range +31100 +31200 2028 2030 0.0267
a range +31100 +31200 2030 2028 0.0267
a range +31200 +31300 2006 2052 0.0433
a range +31200 +31300 2009 2049 0.0432
a range +31200 +31300 2013 2053 0.0431
a range +31200 +31300 2028 2031 0.0327
a range +31200 +31300 2031 2028 0.0327
a range +31200 +31300 2049 2009 0.0432
a range +31200 +31300 2052 2006 0.0433
a range +31200 +31300 2053 2013 0.0431
a range +31300 +31400 2014 2052 0.0432
a range +31300 +31400 2052 2014 0.0432
a range +31400 +31500 2013 2014 0.0108
a range +31400 +31500 2014 2013 0.0108
a range +31500 +31600 2008 2011 0.0303
a range +31500 +31600 2011 2008 0.0303
a range +31600 +31700 2024 2038 0.0086
a range +31600 +31700 2038 2024 0.0086
a range +31800 +31900 2052 2055 0.0303
a range +31800 +31900 2055 2052 0.0303
a range +31900 +32000 2009 2011 0.0211
a range +31900 +32000 2011 2009 0.0211
a range +31900 +32000 2023 2024 0.0108
a range +31900 +32000 2024 2023 0.0108
a range +31900 +32000 2050 2052 0.0211
a range +31900 +32000 2052 2050 0.0211
a range +32200 +32300 2007 2008 0.0108
a range +32200 +32300 2008 2007 0.0108
a range +32200 +32300 2020 2030 0.0351
a range +32200 +32300 2030 2020 0.0351
a range +32200 +32300 2048 2049 0.0108
a range +32200 +32300 2049 2048 0.0108
a range +32300 +32400 2008 2009 0.0108
a range +32300 +32400 2009 2008 0.0108
a range +32300 +32400 2018 9003 1103.0607
a range +32300 +32400 9003 2018 1103.0607
a range +32400 +32500 2020 2031 0.0282
a range +32400 +32500 2031 2020 0.0282
a range +32500 +32600 1002 2049 1103.366
a range +32500 +32600 2013 2038 0.0224
a range +32500 +32600 2027 2029 0.0265
a range +32500 +32600 2029 2027 0.0265
a range +32500 +32600 2038 2013 0.0224
a range +32500 +32600 2049 1002 1103.366
a range +32600 +32700 1002 2054 1103.3802
a range +32600 +32700 2029 2032 0.0303
a range +32600 +32700 2032 2029 0.0303
a range +32600 +32700 2054 1002 1103.3802
a range +32800 +32900 2025 2035 0.0381
a range +32800 +32900 2035 2025 0.0381
a range +33700 +33800 1002 2011 1103.3787
a range +33700 +33800 2011 1002 1103.3787
a range +33800 +33900 2034 2050 0.0265
a range +33800 +33900 2050 2034 0.0265
a range +33900 +34000 2025 2055 0.0203
a range +33900 +34000 2055 2025 0.0203
a range +34100 +34200 2005 2030 0.0231
a range +34100 +34200 2030 2005 0.0231
a range +34100 +34200 2035 2048 0.0192
a range +34100 +34200 2039 2052 0.0111
a range +34100 +34200 2048 2035 0.0192
a range +34100 +34200 2052 2039 0.0111
a range +34300 +34400 2009 2021 0.0267
a range +34300 +34400 2021 2009 0.0267
a range +34400 +34500 2004 2041 0.0431
a range +34400 +34500 2041 2004 0.0431
a range +34700 +34800 1004 2020 1103.7091
a range +34700 +34800 2020 1004 1103.7091
a range +34900 +35000 2011 2038 0.0116
a range +34900 +35000 2038 2011 0.0116
a range +35400 +35500 2004 2036 0.0431
a range +35400 +35500 2036 2004 0.0431
a range +35500 +35600 2004 2030 0.0218
a range +35500 +35600 2030 2004 0.0218
a range +35600 +35700 2004 2031 0.0116
a range +35600 +35700 2031 2004 0.0116
a range +36700 +36800 2004 2048 0.043
a range +36700 +36800 2023 2038 0.0157
a range +36700 +36800 2038 2023 0.0157
a range +36700 +36800 2048 2004 0.043
a range +37100 +37200 2007 2056 0.0432
a range +37100 +37200 2020 2033 0.0149
a range +37100 +37200 2033 2020 0.0149
a range +37100 +37200 2048 2050 0.0211
a range +37100 +37200 2050 2048 0.0211
a range +37100 +37200 2056 2007 0.0432
a range +37300 +37400 2008 2009 0.0108
a range +37300 +37400 2009 2008 0.0108
a range +37400 +37500 2023 2037 0.0149
a range +37400 +37500 2037 2023 0.0149
a range +37500 +37600 1002 2023 1103.3649
a range +37500 +37600 2023 1002 1103.3649
a range +37600 +37700 2027 2039 0.0209
a range +37600 +37700 2039 2027 0.0209
a range +37700 +37800 1003 9002 0.0592
a range +37700 +37800 9002 1003 0.0592
a range +37800 +37900 2007 2048 0.043
a range +37800 +37900 2048 2007 0.043
a range +37900 +38000 1003 2006 1104.0433
a range +37900 +38000 2006 1003 1104.0433
a range +37900 +38000 2031 2041 0.038
a range +37900 +38000 2041 2031 0.038
a range +38000 +38100 2038 2041 0.0303
a range +38000 +38100 2041 2038 0.0303
a range +38400 +38500 2001 2045 0.0433
a range +38400 +38500 2045 2001 0.0433
a range +38600 +38700 2005 2031 0.0149
a range +38600 +38700 2006 2033 0.0219
a range +38600 +38700 2031 2005 0.0149
a range +38600 +38700 2033 2006 0.0219
a range +38700 +38800 1004 2051 1103.8217
a range +38700 +38800 2051 1004 1103.8217
a range +38800 +38900 2031 2056 0.0327
a range +38800 +38900 2056 2031 0.0327
a range +38900 +39000 2012 2021 0.043
a range +38900 +39000 2021 2012 0.043
a range +38900 +39000 2039 2054 0.0106
a range +38900 +39000 2054 2039 0.0106
a range +39000 +39100 2013 2030 0.0404
a range +39000 +39100 2030 2013 0.0404
a range +39100 +39200 2039 2053 0.0006
a range +39100 +39200 2053 2039 0.0006
a range +39200 +39300 2006 2037 0.0404
a range +39200 +39300 2035 2048 0.0192
a range +39200 +39300 2037 2006 0.0404
a range +39200 +39300 2048 2035 0.0192
a range +39400 +39500 2010 2028 0.0359
a range +39400 +39500 2028 2010 0.0359
a range +39400 +39500 2036 2049 0.0211
a range +39400 +39500 2049 2036 0.0211
a range +39600 +39700 2009 2039 0.0218
a range +39600 +39700 2039 2009 0.0218
a range +39700 +39800 2005 2028 0.043
a range +39700 +39800 2028 2005 0.043
a range +40100 +40200 2013 2031 0.043
a range +40100 +40200 2031 2013 0.043
a range +40200 +40300 1001 2052 1103.6087
a range +40200 +40300 2011 2028 0.0301
a range +40200 +40300 2026 2050 0.043
a range +40200 +40300 2028 2011 0.0301
a range +40200 +40300 2050 2026 0.043
a range +40200 +40300 2052 1001 1103.6087
a range +40300 +40400 2008 9002 1103.3677
a range +40300 +40400 9002 2008 1103.3677
a range +40500 +40600 2005 2042 0.0432
a range +40500 +40600 2042 2005 0.0432
a range +40600 +40700 2011 2038 0.0116
a range +40600 +40700 2038 2011 0.0116
a range +41000 +41100 2019 2052 0.0432
a range +41000 +41100 2052 2019 0.0432
a range +41500 +41600 2015 2018 0.0303
a range +41500 +41600 2018 2015 0.0303
a range +41600 +41700 2014 2056 0.043
a range +41600 +41700 2056 2014 0.043
a range +41700 +41900 2031 2032 0.0108
a range +41700 +41900 2032 2031 0.0108
a range +41900 +42000 2021 2039 0.0381
a range +41900 +42000 2039 2021 0.0381
a range +42000 +42100 2010 2047 0.0435
a range +42000 +42100 2021 2036 0.0211
a range +42000 +42100 2022 2037 0.0197
a range +42000 +42100 2036 2021 0.0211
a range +42000 +42100 2037 2022 0.0197
a range +42000 +42100 2047 2010 0.0435
a range +42200 +42300 2009 2049 0.0431
a range +42200 +42300 2049 2009 0.0431
a range +42500 +42600 2005 2051 0.0434
a range +42500 +42600 2051 2005 0.0434
a range +42900 +43000 2011 2012 0.0108
a range +42900 +43000 2012 2011 0.0108
a range +42900 +43000 2017 2052 0.043
a range +42900 +43000 2052 2017 0.043
a range +43000 +43100 2006 2047 0.0431
a range +43000 +43100 2047 2006 0.0431
a range +43100 +43200 2022 2024 0.0211
a range +43100 +43200 2024 2022 0.0211
a range +43100 +43200 2037 2038 0.0108
a range +43100 +43200 2038 2037 0.0108
a range +43200 +43300 2017 9003 1103.8234
a range +43200 +43300 2035 2038 0.0303
a range +43200 +43300 2038 2035 0.0303
a range +43200 +43300 9003 2017 1103.8234
a range +43900 +44000 1002 2037 1103.5749
a range +43900 +44000 2037 1002 1103.5749
a range +44300 +44400 2002 2050 0.0436
a range +44300 +44400 2050 2002 0.0436
a range +44400 +44600 2042 2054 0.024
a range +44400 +44600 2054 2042 0.024
a range +44600 +44700 2007 2035 0.0332
a range +44600 +44700 2035 2007 0.0332
a range +44800 +44900 2014 2025 0.0301
a range +44800 +44900 2025 2014 0.0301
a range +44800 +44900 2026 2054 0.0138
a range +44800 +44900 2054 2026 0.0138
a range +44900 +45000 2001 2041 0.0364
a range +44900 +45000 2029 2047 0.0361
a range +44900 +45000 2039 2050 0.0305
a range +44900 +45000 2041 2001 0.0364
a range +44900 +45000 2047 2029 0.0361
a range +44900 +45000 2050 2039 0.0305
a range +45300 +45400 2042 2056 0.018
a range +45300 +45400 2056 2042 0.018
a range +45600 +45700 2009 2040 0.0231
a range +45600 +45700 2023 2052 0.0236
a range +45600 +45700 2040 2009 0.0231
a range +45600 +45700 2052 2023 0.0236
a range +45700 +45800 1004 2039 1103.8036
a range +45700 +45800 2010 2038 0.016
a range +45700 +45800 2038 2010 0.016
a range +45700 +45800 2039 1004 1103.8036
a range +46000 +46100 2003 2038 0.043
a range +46000 +46100 2038 2003 0.043
a range +46200 +46300 2003 2042 0.038
a range +46200 +46300 2042 2003 0.038
a range +46400 +46500 1001 9001 0.0593
a range +46400 +46500 2004 2015 0.0305
a range +46400 +46500 2015 2004 0.0305
a range +46400 +46500 2024 2047 0.0432
a range +46400 +46500 2047 2024 0.0432
a range +46400 +46500 9001 1001 0.0593
a range +47100 +47300 2024 2041 0.0282
a range +47100 +47300 2041 2024 0.0282
a range +47600 +47700 2018 2036 0.0378
a range +47600 +47700 2036 2018 0.0378
a range +48000 +48200 2029 2040 0.0303
a range +48000 +48200 2040 2029 0.0303
a range +48300 +48400 2010 2045 0.0433
a range +48300 +48400 2045 2010 0.0433
a range +48900 +49000 2022 2036 0.0182
a range +48900 +49000 2036 2022 0.0182
a range +49100 +49200 2028 2030 0.0267
a range +49100 +49200 2030 2028 0.0267
a range +49500 +49700 2039 2048 0.043
a range +49500 +49700 2048 2039 0.043
a range +50800 +50900 2016 2049 0.0431
a range +50800 +50900 2036 2050 0.0182
a range +50800 +50900 2049 2016 0.0431
a range +50800 +50900 2050 2036 0.0182
a range +50900 +51000 2032 2048 0.0209
a range +50900 +51000 2048 2032 0.0209
a range +51400 +51500 2046 9003 1104.7561
a range +51400 +51500 9003 2046 1104.7561
a range +51500 +51600 2024 2050 0.0313
a range +51500 +51600 2050 2024 0.0313
a range +51600 +51700 1003 2041 1104.0702
a range +51600 +51700 2041 1003 1104.0702
a range +51700 +51800 2003 2039 0.043
a range +51700 +51800 2039 2003 0.043
a range +51800 +51900 2037 2049 0.0267
a range +51800 +51900 2049 2037 0.0267
a range +52100 +52200 1003 2042 1104.0691
a range +52100 +52200 2042 1003 1104.0691
a range +52400 +52500 2019 2020 0.0108
a range +52400 +52500 2020 2019 0.0108
a range +52400 +52500 2054 9001 1105.0545
a range +52400 +52500 9001 2054 1105.0545
a range +52500 +52600 2014 2054 0.0434
a range +52500 +52600 2054 2014 0.0434
a range +52800 +52900 2031 2042 0.0303
a range +52800 +52900 2042 2031 0.0303
a range +53100 +53200 1003 2030 1103.9367
a range +53100 +53200 2030 1003 1103.9367
a range +53200 +53300 1004 9002 0.0591
a range +53200 +53300 2021 2032 0.0301
a range +53200 +53300 2032 2021 0.0301
a range +53200 +53300 9002 1004 0.0591
a range +53400 +53500 2032 2042 0.038
a range +53400 +53500 2042 2032 0.038
a range +53500 +53600 1001 2028 1103.9436
a range +53500 +53600 2028 1001 1103.9436
a range +53700 +53800 2051 2052 0.0108
a range +53700 +53800 2052 2051 0.0108
a range +54000 +54100 2024 2039 0.0111
a range +54000 +54100 2039 2024 0.0111
a range +54200 +54300 1003 2049 1104.0439
a range +54200 +54300 2049 1003 1104.0439
a range +54600 +54700 2041 2055 0.0141
a range +54600 +54700 2055 2041 0.0141
a range +54700 +54800 2016 2045 0.0236
a range +54700 +54800 2020 2049 0.0314
a range +54700 +54800 2045 2016 0.0236
a range +54700 +54800 2049 2020 0.0314
a range +54900 +55000 2020 2050 0.0364
a range +54900 +55000 2024 2054 0.0149
a range +54900 +55000 2050 2020 0.0364
a range +54900 +55000 2054 2024 0.0149
a range +55200 +55300 2005 2020 0.0149
a range +55200 +55300 2020 2005 0.0149
a range +55800 +55900 2019 2051 0.0431
a range +55800 +55900 2051 2019 0.0431
a range +56000 +56100 2023 2047 0.0431
a range +56000 +56100 2047 2023 0.0431
a range +56100 +56200 1004 2045 1104.7395
a range +56100 +56200 2012 2028 0.024
a range +56100 +56200 2028 2012 0.024
a range +56100 +56200 2045 1004 1104.7395
a range +56200 +56300 2003 9003 1104.7599
a range +56200 +56300 9003 2003 1104.7599
a range +56500 +56600 2032 2047 0.0106
a range +56500 +56600 2047 2032 0.0106
a range +56800 +56900 2015 2041 0.0265
a range +56800 +56900 2041 2015 0.0265
a range +56900 +57000 2006 2042 0.0431
a range +56900 +57000 2016 2040 0.0394
a range +56900 +57000 2040 2016 0.0394
a range +56900 +57000 2042 2006 0.0431
a range +57000 +57100 2014 2032 0.043
a range +57000 +57100 2032 2014 0.043
a range +57100 +57200 1002 2024 1104.2502
a range +57100 +57200 2014 2033 0.043
a range +57100 +57200 2024 1002 1104.2502
a range +57100 +57200 2033 2014 0.043
a range +57200 +57300 2014 2050 0.0431
a range +57200 +57300 2050 2014 0.0431
a range +57300 +57400 1003 2037 1104.036
a range +57300 +57400 2037 1003 1104.036
a range +57500 +57600 2004 2014 0.038
a range +57500 +57600 2013 2049 0.0435
a range +57500 +57600 2014 2004 0.038
a range +57500 +57600 2049 2013 0.0435
a range +57600 +57700 2026 2035 0.043
a range +57600 +57700 2035 2026 0.043
a range +57900 +58000 2023 2039 0.0213
a range +57900 +58000 2039 2023 0.0213
a range +58100 +58200 2010 2053 0.043
a range +58100 +58200 2025 2028 0.0303
a range +58100 +58200 2028 2025 0.0303
a range +58100 +58200 2053 2010 0.043
a range +58200 +58300 2008 2052 0.043
a range +58200 +58300 2052 2008 0.043
a range +58700 +58800 1003 9002 0.0595
a range +58700 +58800 2039 2040 0.0108
a range +58700 +58800 2040 2039 0.0108
a range +58700 +58800 9002 1003 0.0595
a range +59300 +59400 2006 2053 0.0434
a range +59300 +59400 2053 2006 0.0434
a range +59700 +59800 2042 9003 1104.7407
a range +59700 +59800 9003 2042 1104.7407
a range +59800 +59900 2017 2043 0.0313
a range +59800 +59900 2029 2055 0.0265
a range +59800 +59900 2043 2017 0.0313
a range +59800 +59900 2055 2029 0.0265
a range +59900 +60000 2015 2050 0.0434
a range +59900 +60000 2050 2015 0.0434
a range +60200 +60300 2012 2027 0.0149
a range +60200 +60300 2027 2012 0.0149
a range +60200 +60300 2034 2052 0.0395
a range +60200 +60300 2052 2034 0.0395
a range +60600 +60700 2004 2027 0.043
a range +60600 +60700 2027 2004 0.043
a range +60700 +60800 2019 2051 0.043
a range +60700 +60800 2051 2019 0.043
a range +60800 +60900 2005 2037 0.043
a range +60800 +60900 2037 2005 0.043
a range +61500 +61600 2034 2049 0.0192
a range +61500 +61600 2049 2034 0.0192
a range +61600 +61700 2018 2037 0.043
a range +61600 +61700 2037 2018 0.043
a range +62500 +62700 1004 2044 1104.7415
a range +62500 +62700 2044 1004 1104.7415
a range +62800 +63000 2007 2022 0.0211
a range +62800 +63000 2022 2007 0.0211
a range +63300 +63400 2023 2039 0.0213
a range +63300 +63400 2039 2023 0.0213
a range +64500 +64600 2025 2028 0.0303
a range +64500 +64600 2028 2025 0.0303
a range +64900 +65000 2010 2012 0.0211
a range +64900 +65000 2012 2010 0.0211
a range +65200 +65300 1001 2022 1104.3114
a range +65200 +65300 2022 1001 1104.3114
a range +65300 +65400 2024 2037 0.0157
a range +65300 +65400 2037 2024 0.0157
a range +65400 +65500 2018 2031 0.0111
a range +65400 +65500 2031 2018 0.0111
a range +65700 +65800 2042 2052 0.0359
a range +65700 +65800 2052 2042 0.0359
a range +65800 +65900 1001 2006 1104.5168
a range +65800 +65900 2001 2026 0.0325
a range +65800 +65900 2006 1001 1104.5168
a range +65800 +65900 2026 2001 0.0325
a range +66200 +66300 2014 2041 0.0314
a range +66200 +66300 2041 2014 0.0314
a range +66300 +66400 1002 1003 0.0837
a range +66300 +66400 1003 1002 0.0837
a range +66300 +66400 2024 2049 0.038
a range +66300 +66400 2049 2024 0.038
a range +66500 +66600 2010 2040 0.0149
a range +66500 +66600 2016 2053 0.0432
a range +66500 +66600 2040 2010 0.0149
a range +66500 +66600 2053 2016 0.0432
a range +66600 +66700 2010 9003 1104.758
a range +66600 +66700 9003 2010 1104.758
a range +67000 +67100 2021 2055 0.0434
a range +67000 +67100 2055 2021 0.0434
a range +67200 +67300 2001 2041 0.0364
a range +67200 +67300 2013 2029 0.0364
a range +67200 +67300 2026 2049 0.0433
a range +67200 +67300 2029 2013 0.0364
a range +67200 +67300 2041 2001 0.0364
a range +67200 +67300 2049 2026 0.0433
a range +67500 +67600 2003 2056 0.0433
a range +67500 +67600 2056 2003 0.0433
a range +68600 +68700 1003 2056 1104.958
a range +68600 +68700 2018 2019 0.0108
a range +68600 +68700 2019 2018 0.0108
a range +68600 +68700 2056 1003 1104.958
a range +69000 +69100 2008 2044 0.0432
a range +69000 +69100 2028 2038 0.0359
a range +69000 +69100 2038 2028 0.0359
a range +69000 +69100 2044 2008 0.0432
a range +69400 +69500 2008 2051 0.0434
a range +69400 +69500 2051 2008 0.0434
a range +69700 +69900 2027 2041 0.0141
a range +69700 +69900 2041 2027 0.0141
a range +69900 +70000 2019 2038 0.043
a range +69900 +70000 2038 2019 0.043
a range +70600 +70800 2023 2025 0.0211
a range +70600 +70800 2025 2023 0.0211
a range +71100 +71200 2021 2034 0.0192
a range +71100 +71200 2034 2021 0.0192
a range +71100 +71200 2050 2051 0.0108
a range +71100 +71200 2051 2050 0.0108
a range +71200 +71300 1003 2042 1104.7336
a range +71200 +71300 2042 1003 1104.7336
a range +71200 +71300 2051 2053 0.0211
a range +71200 +71300 2053 2051 0.0211
a range +71300 +71400 2022 2032 0.0378
a range +71300 +71400 2032 2022 0.0378
a range +71400 +71500 2008 2010 0.0211
a range +71400 +71500 2010 2008 0.0211
a range +71600 +71700 2029 2047 0.0361
a range +71600 +71700 2047 2029 0.0361
a range +71700 +71800 2007 2008 0.0108
a range +71700 +71800 2008 2007 0.0108
a range +72000 +72100 2002 2039 0.0431
a range +72000 +72100 2039 2002 0.0431
a range +72100 +72200 2034 2049 0.0192
a range +72100 +72200 2049 2034 0.0192
a range +72300 +72400 2008 2021 0.0211
a range +72300 +72400 2021 2008 0.0211
a range +72400 +72500 2008 2032 0.0431
a range +72400 +72500 2032 2008 0.0431
a range +72500 +72600 2039 2053 0.0006
a range +72500 +72600 2053 2039 0.0006
a range +72600 +72700 2007 2040 0.0433
a range +72600 +72700 2040 2007 0.0433
a range +72800 +72900 2003 2029 0.0313
a range +72800 +72900 2029 2003 0.0313
a range +72900 +73000 2002 2029 0.0323
a range +72900 +73000 2029 2002 0.0323
a range +73000 +73100 2042 2055 0.0192
a range +73000 +73100 2055 2042 0.0192
a range +73100 +73200 1003 2030 1104.5918
a range +73100 +73200 2030 1003 1104.5918
a range +73400 +73500 2045 9003 1104.7597
a range +73400 +73500 9003 2045 1104.7597
a range +73600 +73700 2004 2034 0.0203
a range +73600 +73700 2034 2004 0.0203
a range +74200 +74300 1003 2056 1104.958
a range +74200 +74300 2056 1003 1104.958
a range +74600 +74700 2015 2048 0.0433
a range +74600 +74700 2048 2015 0.0433
a range +74700 +74800 2023 2024 0.0108
a range +74700 +74800 2024 2023 0.0108
a range +74900 +75000 1003 2051 1104.962
a range +74900 +75000 2015 2017 0.0211
a range +74900 +75000 2017 2015 0.0211
a range +74900 +75000 2034 2046 0.0209
a range +74900 +75000 2046 2034 0.0209
a range +74900 +75000 2051 1003 1104.962
a range +75000 +75100 2023 2040 0.0284
a range +75000 +75100 2040 2023 0.0284
a range +75100 +75200 2005 2051 0.0435
a range +75100 +75200 2051 2005 0.0435
a range +75300 +75400 2026 2045 0.0433
a range +75300 +75400 2045 2026 0.0433
a range +75600 +75700 2025 2039 0.0006
a range +75600 +75700 2039 2025 0.0006
a range +75700 +75800 2027 2039 0.0209
a range +75700 +75800 2039 2027 0.0209
a range +75800 +75900 1003 2044 1104.9512
a range +75800 +75900 2008 2010 0.0211
a range +75800 +75900 2010 2008 0.0211
a range +75800 +75900 2044 1003 1104.9512
a range +75900 +76000 1003 2045 1104.949
a range +75900 +76000 2027 2038 0.0282
a range +75900 +76000 2038 2027 0.0282
a range +75900 +76000 2045 1003 1104.949
a range +76000 +76100 2010 2013 0.0303
a range +76000 +76100 2013 2010 0.0303
a range +76100 +76200 2010 2011 0.0108
a range +76100 +76200 2011 2010 0.0108
a range +76200 +76300 2050 2053 0.0303
a range +76200 +76300 2053 2050 0.0303
a range +76300 +76400 1003 2041 1104.8094
a range +76300 +76400 2041 1003 1104.8094
a range +76500 +76600 2002 2044 0.0433
a range +76500 +76600 2044 2002 0.0433
a range +76600 +76700 1001 2011 1105.0303
a range +76600 +76700 2011 1001 1105.0303
a range +76700 +76800 2006 2054 0.0435
a range +76700 +76800 2054 2006 0.0435
a range +76800 +76900 2013 2047 0.0435
a range +76800 +76900 2047 2013 0.0435
a range +76900 +77000 2018 2029 0.0305
a range +76900 +77000 2029 2018 0.0305
a range +77100 +77200 1003 2037 1104.9713
a range +77100 +77200 2037 1003 1104.9713
a range +77600 +77700 2010 2024 0.0086
a range +77600 +77700 2024 2010 0.0086
a range +77800 +77900 2017 2044 0.0236
a range +77800 +77900 2044 2017 0.0236
a range +78300 +78400 2040 2054 0.0075
a range +78300 +78400 2054 2040 0.0075
a range +78400 +78500 2001 2035 0.043
a range +78400 +78500 2009 2033 0.0427
a range +78400 +78500 2022 2053 0.0309
a range +78400 +78500 2033 2009 0.0427
a range +78400 +78500 2035 2001 0.043
a range +78400 +78500 2053 2022 0.0309
a range +78600 +78700 1004 9003 0.0594
a range +78600 +78700 9003 1004 0.0594
a range +78800 +78900 2010 2037 0.0236
a range +78800 +78900 2037 2010 0.0236
a range +79500 +79600 2006 2051 0.0434
a range +79500 +79600 2051 2006 0.0434
a range +79600 +79700 2010 2054 0.0432
a range +79600 +79700 2054 2010 0.0432
a range +79800 +79900 2054 2055 0.0108
a range +79800 +79900 2055 2054 0.0108
a range +80000 +80100 2019 2022 0.0303
a range +80000 +80100 2022 2019 0.0303
a range +80100 +80200 2009 2050 0.0432
a range +80100 +80200 2024 2042 0.0359
a range +80100 +80200 2042 2024 0.0359
a range +80100 +80200 2050 2009 0.0432
a range +80200 +80300 2013 2055 0.0341
a range +80200 +80300 2055 2013 0.0341
a range +80400 +80500 2011 2051 0.043
a range +80400 +80500 2051 2011 0.043
a range +80600 +80700 2012 2050 0.043
a range +80600 +80700 2050 2012 0.043
a range +80900 +81000 2006 2056 0.0431
a range +80900 +81000 2056 2006 0.0431
a range +81100 +81200 2006 2007 0.0108
a range +81100 +81200 2007 2006 0.0108
a range +81100 +81200 2021 2035 0.018
a range +81100 +81200 2023 2033 0.0394
a range +81100 +81200 2033 2023 0.0394
a range +81100 +81200 2035 2021 0.018
a range +81500 +81600 2007 2009 0.0211
a range +81500 +81600 2009 2007 0.0211
a range +81500 +81600 2030 2042 0.0211
a range +81500 +81600 2042 2030 0.0211
a range +81600 +81700 2002 2005 0.0303
a range +81600 +81700 2005 2002 0.0303
a range +81700 +81800 2040 2041 0.0108
a range +81700 +81800 2041 2040 0.0108
a range +81800 +81900 2002 2051 0.0326
a range +81800 +81900 2009 2010 0.0108
a range +81800 +81900 2010 2009 0.0108
a range +81800 +81900 2051 2002 0.0326
a range +81900 +82000 2008 2010 0.0211
a range +81900 +82000 2010 2008 0.0211
a range +82200 +82300 2020 2050 0.0364
a range +82200 +82300 2040 2052 0.0195
a range +82200 +82300 2050 2020 0.0364
a range +82200 +82300 2052 2040 0.0195
a range +82500 +82600 2004 2039 0.0432
a range +82500 +82600 2039 2004 0.0432
a range +82700 +82800 2039 2054 0.0106
a range +82700 +82800 2054 2039 0.0106
a range +83300 +83400 2012 2024 0.0195
a range +83300 +83400 2024 2012 0.0195
a range +83500 +83600 2035 2049 0.018
a range +83500 +83600 2038 2048 0.0395
a range +83500 +83600 2048 2038 0.0395
a range +83500 +83600 2049 2035 0.018
a range +83600 +83700 1001 2026 1105.0207
a range +83600 +83700 2026 1001 1105.0207
a range +83700 +83800 2010 2020 0.0395
a range +83700 +83800 2020 2010 0.0395
a range +84000 +84100 2010 2037 0.0236
a range +84000 +84100 2022 2056 0.0335
a range +84000 +84100 2037 2010 0.0236
a range +84000 +84100 2056 2022 0.0335
a range +84300 +84400 1002 2038 1105.1238
a range +84300 +84400 2009 2033 0.0427
a range +84300 +84400 2033 2009 0.0427
a range +84300 +84400 2038 1002 1105.1238
a range +84400 +84500 2010 2034 0.043
a range +84400 +84500 2014 2038 0.0302
a range +84400 +84500 2022 2055 0.0322
a range +84400 +84500 2034 2010 0.043
a range +84400 +84500 2038 2014 0.0302
a range +84400 +84500 2041 2053 0.0209
a range +84400 +84500 2053 2041 0.0209
a range +84400 +84500 2055 2022 0.0322
a range +84900 +85000 2009 2035 0.0369
a range +84900 +85000 2035 2009 0.0369
a range +85400 +85600 2009 2046 0.0431
a range +85400 +85600 2046 2009 0.0431
a range +85800 +85900 2028 2031 0.0327
a range +85800 +85900 2031 2028 0.0327
a range +86000 +86100 2010 2045 0.0432
a range +86000 +86100 2045 2010 0.0432
a range +86200 +86300 1002 2011 1105.1139
a range +86200 +86300 2011 1002 1105.1139
a range +86300 +86400 2014 2047 0.0336
a range +86300 +86400 2047 2014 0.0336
