a contact +0 +600 1002 2037 10000
a contact +0 +600 1002 2054 10000
a contact +0 +600 1002 2026 10000
a contact +0 +600 1003 2008 10000
a contact +0 +600 1003 2035 10000
a contact +0 +600 1003 2004 10000
a contact +0 +600 1004 9001 100000
a contact +0 +600 1004 2041 10000
a contact +0 +600 1004 2056 10000
a contact +0 +600 1005 2021 10000
a contact +0 +600 1005 2030 10000
a contact +0 +600 1005 2034 10000
a contact +0 +600 1006 9002 100000
a contact +0 +600 1006 2051 10000
a contact +0 +600 1006 2047 10000
a contact +0 +600 1007 2036 10000
a contact +0 +600 1007 2039 10000
a contact +0 +600 1007 2024 10000
a contact +0 +600 2004 1003 10000
a contact +0 +600 2008 1003 10000
a contact +0 +600 2021 1005 10000
a contact +0 +600 2024 1007 10000
a contact +0 +600 2026 1002 10000
a contact +0 +600 2030 1005 10000
a contact +0 +600 2034 1005 10000
a contact +0 +600 2035 1003 10000
a contact +0 +600 2036 1007 10000
a contact +0 +600 2037 1002 10000
a contact +0 +600 2039 1007 10000
a contact +0 +600 2041 1004 10000
a contact +0 +600 2047 1006 10000
a contact +0 +600 2051 1006 10000
a contact +0 +600 2054 1002 10000
a contact +0 +600 2056 1004 10000
a contact +0 +600 9001 1004 100000
a contact +0 +600 9002 1006 100000
a contact +0 +2400 1001 9003 100000
a contact +0 +2400 9003 1001 100000
a contact +4200 +4800 1004 2055 10000
a contact +4200 +4800 2055 1004 10000
a contact +3600 +5400 1007 9003 100000
a contact +3600 +5400 9003 1007 100000
a contact +3600 +6000 1002 2038 10000
a contact +3600 +6000 2038 1002 10000
a contact +6000 +6600 1003 2012 10000
a contact +6000 +6600 1004 2054 10000
a contact +6000 +6600 1005 2043 10000
a contact +6000 +6600 2012 1003 10000
a contact +6000 +6600 2043 1005 10000
a contact +6000 +6600 2054 1004 10000
a contact +8400 +9000 1003 2009 10000
a contact +6600 +9000 1006 9003 100000
a contact +8400 +9000 2009 1003 10000
a contact +6600 +9000 9003 1006 100000
a contact +9000 +9600 1001 2029 10000
a contact +9000 +9600 1007 2045 10000
a contact +9000 +9600 2029 1001 10000
a contact +9000 +9600 2045 1007 10000
a contact +10200 +12600 1005 9003 100000
a contact +10200 +12600 9003 1005 100000
a contact +14400 +15000 1003 2016 10000
a contact +13200 +15000 1004 9003 100000
a contact +14400 +15000 2016 1003 10000
a contact +13200 +15000 9003 1004 100000
a contact +15600 +16800 1002 2014 10000
a contact +15600 +16800 2014 1002 10000
a contact +16800 +17400 1003 9003 100000
a contact +16800 +17400 9003 1003 100000
a contact +18600 +19200 1002 2053 10000
a contact +18600 +19200 1003 9003 100000
a contact +18600 +19200 1003 9001 100000
a contact +18600 +19200 2053 1002 10000
a contact +18600 +19200 9001 1003 100000
a contact +18600 +19200 9003 1003 100000
a contact +21600 +22200 1006 2032 10000
a contact +21600 +22200 2032 1006 10000
a contact +22200 +22800 1002 9001 100000
a contact +22200 +22800 1002 9003 100000
a contact +22200 +22800 1006 2045 10000
a contact +22200 +22800 2045 1006 10000
a contact +22200 +22800 9001 1002 100000
a contact +22200 +22800 9003 1002 100000
a contact +23400 +25800 1001 9003 100000
a contact +23400 +25800 9003 1001 100000
a contact +23400 +26400 1001 9001 100000
a contact +25800 +26400 1002 2004 10000
a contact +25800 +26400 2004 1002 10000
a contact +23400 +26400 9001 1001 100000
a contact +27000 +27600 1002 2041 10000
a contact +27000 +27600 2041 1002 10000
a contact +27600 +28800 1007 9003 100000
a contact +27600 +28800 9003 1007 100000
a contact +27000 +29400 1007 9001 100000
a contact +27000 +29400 9001 1007 100000
a contact +30000 +31800 1006 9001 100000
a contact +30000 +31800 9001 1006 100000
a contact +33600 +34200 1002 2010 10000
a contact +33600 +34200 2010 1002 10000
a contact +35400 +36000 1002 2011 10000
a contact +35400 +36000 2011 1002 10000
a contact +35400 +36600 1002 2035 10000
a contact +33600 +36600 1005 9001 100000
a contact +35400 +36600 2035 1002 10000
a contact +33600 +36600 9001 1005 100000
a contact +39000 +39600 1004 9001 100000
a contact +39000 +39600 9001 1004 100000
a contact +39600 +40200 1002 2010 10000
a contact +39600 +40200 2010 1002 10000
a contact +40800 +42000 1003 9001 100000
a contact +40800 +42000 9001 1003 100000
a contact +42600 +43200 1001 2039 10000
a contact +42600 +43200 1003 9001 100000
a contact +42600 +43200 2039 1001 10000
a contact +42600 +43200 9001 1003 100000
a contact +44400 +45000 1001 2014 10000
a contact +44400 +45000 1005 2011 10000
a contact +44400 +45000 2011 1005 10000
a contact +44400 +45000 2014 1001 10000
a contact +45000 +46200 1002 9001 100000
a contact +45000 +46200 1002 9002 100000
a contact +45000 +46200 9001 1002 100000
a contact +45000 +46200 9002 1002 100000
a contact +46200 +46800 1005 2017 10000
a contact +46200 +46800 2017 1005 10000
a contact +47400 +48600 1001 9001 100000
a contact +48000 +48600 1001 9002 100000
a contact +48000 +48600 1002 2054 10000
a contact +48000 +48600 2054 1002 10000
a contact +47400 +48600 9001 1001 100000
a contact +48000 +48600 9002 1001 100000
a contact +48000 +49200 1002 2013 10000
a contact +48000 +49200 2013 1002 10000
a contact +49200 +49800 1001 9002 100000
a contact +49200 +49800 1004 9003 100000
a contact +49200 +49800 9002 1001 100000
a contact +49200 +49800 9003 1004 100000
a contact +51600 +53400 1007 9002 100000
a contact +51600 +53400 9002 1007 100000
a contact +53400 +54600 1002 2018 10000
a contact +53400 +54600 2018 1002 10000
a contact +55200 +55800 1002 2036 10000
a contact +55200 +55800 2036 1002 10000
a contact +55800 +56400 1003 2016 10000
a contact +54600 +56400 1006 9002 100000
a contact +55800 +56400 2016 1003 10000
a contact +54600 +56400 9002 1006 100000
a contact +56400 +57000 1002 2013 10000
a contact +56400 +57000 2013 1002 10000
a contact +58200 +58800 1002 2023 10000
a contact +58200 +58800 2023 1002 10000
a contact +58800 +59400 1002 9003 100000
a contact +58800 +59400 9003 1002 100000
a contact +59400 +60000 1004 2012 10000
a contact +57600 +60000 1005 9002 100000
a contact +59400 +60000 2012 1004 10000
a contact +57600 +60000 9002 1005 100000
a contact +60000 +61200 1002 9001 100000
a contact +60600 +61200 1004 9002 100000
a contact +60000 +61200 9001 1002 100000
a contact +60600 +61200 9002 1004 100000
a contact +62400 +63600 1006 9003 100000
a contact +62400 +63600 9003 1006 100000
a contact +64200 +65400 1003 9002 100000
a contact +64200 +65400 9002 1003 100000
a contact +64800 +66000 1006 2040 10000
a contact +64800 +66000 2040 1006 10000
a contact +66000 +66600 1002 2006 10000
a contact +66000 +66600 2006 1002 10000
a contact +67800 +70200 1002 9002 100000
a contact +67800 +70200 9002 1002 100000
a contact +70800 +71400 1001 9002 100000
a contact +70800 +71400 1004 2036 10000
a contact +70800 +71400 1005 9001 100000
a contact +70800 +71400 2036 1004 10000
a contact +70800 +71400 9001 1005 100000
a contact +70800 +71400 9002 1001 100000
a contact +71400 +72000 1007 2011 10000
a contact +71400 +72000 2011 1007 10000
a contact +73800 +74400 1003 9001 100000
a contact +73800 +74400 9001 1003 100000
a contact +74400 +76200 1007 9002 100000
a contact +74400 +76200 9002 1007 100000
a contact +77400 +78000 1006 9002 100000
a contact +77400 +78000 9002 1006 100000
a contact +78600 +79200 1002 2016 10000
a contact +78600 +79200 2016 1002 10000
a contact +79200 +79800 1006 9003 100000
a contact +79200 +79800 9003 1006 100000
a contact +79800 +81000 1005 9002 100000
a contact +79800 +81000 9002 1005 100000
a contact +81000 +82200 1002 2012 10000
a contact +81600 +82200 1004 2024 10000
a contact +81000 +82200 2012 1002 10000
a contact +81600 +82200 2024 1004 10000
a contact +82200 +82800 1001 2028 10000
a contact +82200 +82800 1002 2032 10000
a contact +82200 +82800 2028 1001 10000
a contact +82200 +82800 2032 1002 10000
a contact +81600 +83400 1005 9003 100000
a contact +81600 +83400 9003 1005 100000
a contact +83400 +84000 1003 9002 100000
a contact +83400 +84000 9002 1003 100000
a contact +84000 +84600 1002 2006 10000
a contact +84000 +84600 2006 1002 10000
a contact +84600 +85800 1004 9003 100000
a contact +84600 +85800 9003 1004 100000

a range +0 +600 1002 2037 0
a range +0 +600 1002 2054 0
a range +0 +600 1002 2026 0
a range +0 +600 1003 2008 0
a range +0 +600 1003 2035 0
a range +0 +600 1003 2004 0
a range +0 +600 1004 9001 0
a range +0 +600 1004 2041 0
a range +0 +600 1004 2056 0
a range +0 +600 1005 2021 0
a range +0 +600 1005 2030 0
a range +0 +600 1005 2034 0
a range +0 +600 1006 9002 0
a range +0 +600 1006 2051 0
a range +0 +600 1006 2047 0
a range +0 +600 1007 2036 0
a range +0 +600 1007 2039 0
a range +0 +600 1007 2024 0
a range +0 +600 2004 1003 0
a range +0 +600 2008 1003 0
a range +0 +600 2021 1005 0
a range +0 +600 2024 1007 0
a range +0 +600 2026 1002 0
a range +0 +600 2030 1005 0
a range +0 +600 2034 1005 0
a range +0 +600 2035 1003 0
a range +0 +600 2036 1007 0
a range +0 +600 2037 1002 0
a range +0 +600 2039 1007 0
a range +0 +600 2041 1004 0
a range +0 +600 2047 1006 0
a range +0 +600 2051 1006 0
a range +0 +600 2054 1002 0
a range +0 +600 2056 1004 0
a range +0 +600 9001 1004 0
a range +0 +600 9002 1006 0
a range +0 +2400 1001 9003 0
a range +0 +2400 9003 1001 0
a range +4200 +4800 1004 2055 0
a range +4200 +4800 2055 1004 0
a range +3600 +5400 1007 9003 0
a range +3600 +5400 9003 1007 0
a range +3600 +6000 1002 2038 0
a range +3600 +6000 2038 1002 0
a range +6000 +6600 1003 2012 0
a range +6000 +6600 1004 2054 0
a range +6000 +6600 1005 2043 0
a range +6000 +6600 2012 1003 0
a range +6000 +6600 2043 1005 0
a range +6000 +6600 2054 1004 0
a range +8400 +9000 1003 2009 0
a range +6600 +9000 1006 9003 0
a range +8400 +9000 2009 1003 0
a range +6600 +9000 9003 1006 0
a range +9000 +9600 1001 2029 0
a range +9000 +9600 1007 2045 0
a range +9000 +9600 2029 1001 0
a range +9000 +9600 2045 1007 0
a range +10200 +12600 1005 9003 0
a range +10200 +12600 9003 1005 0
a range +14400 +15000 1003 2016 0
a range +13200 +15000 1004 9003 0
a range +14400 +15000 2016 1003 0
a range +13200 +15000 9003 1004 0
a range +15600 +16800 1002 2014 0
a range +15600 +16800 2014 1002 0
a range +16800 +17400 1003 9003 0
a range +16800 +17400 9003 1003 0
a range +18600 +19200 1002 2053 0
a range +18600 +19200 1003 9003 0
a range +18600 +19200 1003 9001 0
a range +18600 +19200 2053 1002 0
a range +18600 +19200 9001 1003 0
a range +18600 +19200 9003 1003 0
a range +21600 +22200 1006 2032 0
a range +21600 +22200 2032 1006 0
a range +22200 +22800 1002 9001 0
a range +22200 +22800 1002 9003 0
a range +22200 +22800 1006 2045 0
a range +22200 +22800 2045 1006 0
a range +22200 +22800 9001 1002 0
a range +22200 +22800 9003 1002 0
a range +23400 +25800 1001 9003 0
a range +23400 +25800 9003 1001 0
a range +23400 +26400 1001 9001 0
a range +25800 +26400 1002 2004 0
a range +25800 +26400 2004 1002 0
a range +23400 +26400 9001 1001 0
a range +27000 +27600 1002 2041 0
a range +27000 +27600 2041 1002 0
a range +27600 +28800 1007 9003 0
a range +27600 +28800 9003 1007 0
a range +27000 +29400 1007 9001 0
a range +27000 +29400 9001 1007 0
a range +30000 +31800 1006 9001 0
a range +30000 +31800 9001 1006 0
a range +33600 +34200 1002 2010 0
a range +33600 +34200 2010 1002 0
a range +35400 +36000 1002 2011 0
a range +35400 +36000 2011 1002 0
a range +35400 +36600 1002 2035 0
a range +33600 +36600 1005 9001 0
a range +35400 +36600 2035 1002 0
a range +33600 +36600 9001 1005 0
a range +39000 +39600 1004 9001 0
a range +39000 +39600 9001 1004 0
a range +39600 +40200 1002 2010 0
a range +39600 +40200 2010 1002 0
a range +40800 +42000 1003 9001 0
a range +40800 +42000 9001 1003 0
a range +42600 +43200 1001 2039 0
a range +42600 +43200 1003 9001 0
a range +42600 +43200 2039 1001 0
a range +42600 +43200 9001 1003 0
a range +44400 +45000 1001 2014 0
a range +44400 +45000 1005 2011 0
a range +44400 +45000 2011 1005 0
a range +44400 +45000 2014 1001 0
a range +45000 +46200 1002 9001 0
a range +45000 +46200 1002 9002 0
a range +45000 +46200 9001 1002 0
a range +45000 +46200 9002 1002 0
a range +46200 +46800 1005 2017 0
a range +46200 +46800 2017 1005 0
a range +47400 +48600 1001 9001 0
a range +48000 +48600 1001 9002 0
a range +48000 +48600 1002 2054 0
a range +48000 +48600 2054 1002 0
a range +47400 +48600 9001 1001 0
a range +48000 +48600 9002 1001 0
a range +48000 +49200 1002 2013 0
a range +48000 +49200 2013 1002 0
a range +49200 +49800 1001 9002 0
a range +49200 +49800 1004 9003 0
a range +49200 +49800 9002 1001 0
a range +49200 +49800 9003 1004 0
a range +51600 +53400 1007 9002 0
a range +51600 +53400 9002 1007 0
a range +53400 +54600 1002 2018 0
a range +53400 +54600 2018 1002 0
a range +55200 +55800 1002 2036 0
a range +55200 +55800 2036 1002 0
a range +55800 +56400 1003 2016 0
a range +54600 +56400 1006 9002 0
a range +55800 +56400 2016 1003 0
a range +54600 +56400 9002 1006 0
a range +56400 +57000 1002 2013 0
a range +56400 +57000 2013 1002 0
a range +58200 +58800 1002 2023 0
a range +58200 +58800 2023 1002 0
a range +58800 +59400 1002 9003 0
a range +58800 +59400 9003 1002 0
a range +59400 +60000 1004 2012 0
a range +57600 +60000 1005 9002 0
a range +59400 +60000 2012 1004 0
a range +57600 +60000 9002 1005 0
a range +60000 +61200 1002 9001 0
a range +60600 +61200 1004 9002 0
a range +60000 +61200 9001 1002 0
a range +60600 +61200 9002 1004 0
a range +62400 +63600 1006 9003 0
a range +62400 +63600 9003 1006 0
a range +64200 +65400 1003 9002 0
a range +64200 +65400 9002 1003 0
a range +64800 +66000 1006 2040 0
a range +64800 +66000 2040 1006 0
a range +66000 +66600 1002 2006 0
a range +66000 +66600 2006 1002 0
a range +67800 +70200 1002 9002 0
a range +67800 +70200 9002 1002 0
a range +70800 +71400 1001 9002 0
a range +70800 +71400 1004 2036 0
a range +70800 +71400 1005 9001 0
a range +70800 +71400 2036 1004 0
a range +70800 +71400 9001 1005 0
a range +70800 +71400 9002 1001 0
a range +71400 +72000 1007 2011 0
a range +71400 +72000 2011 1007 0
a range +73800 +74400 1003 9001 0
a range +73800 +74400 9001 1003 0
a range +74400 +76200 1007 9002 0
a range +74400 +76200 9002 1007 0
a range +77400 +78000 1006 9002 0
a range +77400 +78000 9002 1006 0
a range +78600 +79200 1002 2016 0
a range +78600 +79200 2016 1002 0
a range +79200 +79800 1006 9003 0
a range +79200 +79800 9003 1006 0
a range +79800 +81000 1005 9002 0
a range +79800 +81000 9002 1005 0
a range +81000 +82200 1002 2012 0
a range +81600 +82200 1004 2024 0
a range +81000 +82200 2012 1002 0
a range +81600 +82200 2024 1004 0
a range +82200 +82800 1001 2028 0
a range +82200 +82800 1002 2032 0
a range +82200 +82800 2028 1001 0
a range +82200 +82800 2032 1002 0
a range +81600 +83400 1005 9003 0
a range +81600 +83400 9003 1005 0
a range +83400 +84000 1003 9002 0
a range +83400 +84000 9002 1003 0
a range +84000 +84600 1002 2006 0
a range +84000 +84600 2006 1002 0
a range +84600 +85800 1004 9003 0
a range +84600 +85800 9003 1004 0
