a contact +0 +600 1002 2028 10000
a contact +0 +600 1002 2002 10000
a contact +0 +600 1003 2026 10000
a contact +0 +600 1003 2033 10000
a contact +0 +600 1004 9002 100000
a contact +0 +600 1004 2029 10000
a contact +0 +600 1004 2016 10000
a contact +0 +600 1005 2001 10000
a contact +0 +600 1005 2031 10000
a contact +0 +600 1005 2034 10000
a contact +0 +600 2001 1005 10000
a contact +0 +600 2002 1002 10000
a contact +0 +600 2016 1004 10000
a contact +0 +600 2026 1003 10000
a contact +0 +600 2028 1002 10000
a contact +0 +600 2029 1004 10000
a contact +0 +600 2031 1005 10000
a contact +0 +600 2033 1003 10000
a contact +0 +600 2034 1005 10000
a contact +0 +600 9002 1004 100000
a contact +0 +1200 1002 2025 10000
a contact +0 +1200 1003 9001 100000
a contact +0 +1200 2025 1002 10000
a contact +0 +1200 9001 1003 100000
a contact +0 +2400 1001 9003 100000
a contact +0 +2400 9003 1001 100000
a contact +3000 +3600 1005 2001 10000
a contact +3000 +3600 2001 1005 10000
a contact +3600 +4200 1003 2008 10000
a contact +3600 +4200 2008 1003 10000
a contact +4200 +5400 1005 9003 100000
a contact +4200 +5400 9003 1005 100000
a contact +6000 +6600 1005 9003 100000
a contact +6000 +6600 9003 1005 100000
a contact +7200 +7800 1001 2008 10000
a contact +7200 +7800 1003 2012 10000
a contact +7200 +7800 2008 1001 10000
a contact +7200 +7800 2012 1003 10000
a contact +9600 +10200 1005 2022 10000
a contact +9600 +10200 2022 1005 10000
a contact +10200 +12000 1004 9003 100000
a contact +10200 +12000 9003 1004 100000
a contact +12000 +12600 1005 9001 100000
a contact +12000 +12600 9001 1005 100000
a contact +12600 +13200 1002 2037 10000
a contact +12600 +13200 2037 1002 10000
a contact +13200 +13800 1001 2002 10000
a contact +13200 +13800 1005 2012 10000
a contact +13200 +13800 2002 1001 10000
a contact +13200 +13800 2012 1005 10000
a contact +13800 +15600 1003 9003 100000
a contact +13800 +15600 9003 1003 100000
a contact +16200 +16800 1003 9001 100000
a contact +16200 +16800 1003 9003 100000
a contact +16200 +16800 9001 1003 100000
a contact +16200 +16800 9003 1003 100000
a contact +19200 +20400 1005 9002 100000
a contact +19200 +20400 9002 1005 100000
a contact +21600 +22200 1002 9001 100000
a contact +21600 +22200 9001 1002 100000
a contact +22200 +23400 1004 2009 10000
a contact +22200 +23400 2009 1004 10000
a contact +23400 +24000 1001 9001 100000
a contact +23400 +24000 1003 2015 10000
a contact +23400 +24000 2015 1003 10000
a contact +23400 +24000 9001 1001 100000
a contact +24600 +25200 1001 9003 100000
a contact +24600 +25200 1001 9001 100000
a contact +24600 +25200 9001 1001 100000
a contact +24600 +25200 9003 1001 100000
a contact +25800 +26400 1001 9001 100000
a contact +25800 +26400 9001 1001 100000
a contact +27000 +27600 1004 9003 100000
a contact +27000 +27600 9003 1004 100000
a contact +28800 +29400 1005 9003 100000
a contact +28800 +29400 9003 1005 100000
a contact +28800 +30000 1005 9001 100000
a contact +28800 +30000 9001 1005 100000
a contact +30000 +30600 1004 2031 10000
a contact +30000 +30600 2031 1004 10000
a contact +31800 +32400 1003 9003 100000
a contact +31800 +32400 1004 9001 100000
a contact +31800 +32400 9001 1004 100000
a contact +31800 +32400 9003 1003 100000
a contact +33600 +35400 1004 9001 100000
a contact +33600 +35400 9001 1004 100000
a contact +37200 +37800 1004 2013 10000
a contact +37200 +37800 2013 1004 10000
a contact +38400 +39600 1003 9001 100000
a contact +38400 +39600 9001 1003 100000
a contact +42600 +45000 1002 9001 100000
a contact +44400 +45000 1002 9002 100000
a contact +42600 +45000 9001 1002 100000
a contact +44400 +45000 9002 1002 100000
a contact +48000 +48600 1001 9001 100000
a contact +48000 +48600 1001 9002 100000
a contact +48000 +48600 9001 1001 100000
a contact +48000 +48600 9002 1001 100000
a contact +49200 +49800 1001 9002 100000
a contact +49200 +49800 9002 1001 100000
a contact +51600 +52200 1004 2034 10000
a contact +51600 +52200 2034 1004 10000
a contact +52200 +52800 1001 2020 10000
a contact +52200 +52800 1005 9001 100000
a contact +52200 +52800 1005 9002 100000
a contact +52200 +52800 2020 1001 10000
a contact +52200 +52800 9001 1005 100000
a contact +52200 +52800 9002 1005 100000
a contact +52200 +53400 1002 2022 10000
a contact +52200 +53400 1002 2006 10000
a contact +52200 +53400 2006 1002 10000
a contact +52200 +53400 2022 1002 10000
a contact +53400 +54000 1004 2031 10000
a contact +53400 +54000 2031 1004 10000
a contact +54000 +54600 1004 2024 10000
a contact +53400 +54600 1005 9002 100000
a contact +54000 +54600 2024 1004 10000
a contact +53400 +54600 9002 1005 100000
a contact +56400 +57000 1002 2001 10000
a contact +53400 +57000 1003 2030 10000
a contact +56400 +57000 2001 1002 10000
a contact +53400 +57000 2030 1003 10000
a contact +56400 +58800 1003 2024 10000
a contact +56400 +58800 2024 1003 10000
a contact +58200 +59400 1002 2026 10000
a contact +58800 +59400 1003 2022 10000
a contact +57000 +59400 1004 9002 100000
a contact +58800 +59400 2022 1003 10000
a contact +58200 +59400 2026 1002 10000
a contact +57000 +59400 9002 1004 100000
a contact +61800 +62400 1002 2004 10000
a contact +61800 +62400 1004 2001 10000
a contact +61800 +62400 2001 1004 10000
a contact +61800 +62400 2004 1002 10000
a contact +61800 +63600 1003 9002 100000
a contact +61800 +63600 9002 1003 100000
a contact +63600 +64200 1005 2004 10000
a contact +63600 +64200 2004 1005 10000
a contact +64800 +65400 1001 2033 10000
a contact +64800 +65400 2033 1001 10000
a contact +66000 +66600 1002 9002 100000
a contact +66000 +66600 9002 1002 100000
a contact +67800 +68400 1002 9002 100000
a contact +67800 +68400 9002 1002 100000
a contact +71400 +72600 1001 9002 100000
a contact +71400 +72600 9002 1001 100000
a contact +74400 +75000 1005 2028 10000
a contact +74400 +75000 2028 1005 10000
a contact +75600 +76200 1005 9002 100000
a contact +75600 +76200 9002 1005 100000
a contact +75600 +76800 1001 9003 100000
a contact +75600 +76800 9003 1001 100000
a contact +77400 +78000 1005 9003 100000
a contact +77400 +78000 9003 1005 100000
a contact +80400 +81000 1005 9003 100000
a contact +80400 +81000 9003 1005 100000
a contact +81000 +81600 1001 2028 10000
a contact +81000 +81600 2028 1001 10000
a contact +85200 +86400 1003 9003 100000
a contact +85200 +86400 9003 1003 100000

a range +0 +600 1002 2028 0
a range +0 +600 1002 2002 0
a range +0 +600 1003 2026 0
a range +0 +600 1003 2033 0
a range +0 +600 1004 9002 0
a range +0 +600 1004 2029 0
a range +0 +600 1004 2016 0
a range +0 +600 1005 2001 0
a range +0 +600 1005 2031 0
a range +0 +600 1005 2034 0
a range +0 +600 2001 1005 0
a range +0 +600 2002 1002 0
a range +0 +600 2016 1004 0
a range +0 +600 2026 1003 0
a range +0 +600 2028 1002 0
a range +0 +600 2029 1004 0
a range +0 +600 2031 1005 0
a range +0 +600 2033 1003 0
a range +0 +600 2034 1005 0
a range +0 +600 9002 1004 0
a range +0 +1200 1002 2025 0
a range +0 +1200 1003 9001 0
a range +0 +1200 2025 1002 0
a range +0 +1200 9001 1003 0
a range +0 +2400 1001 9003 0
a range +0 +2400 9003 1001 0
a range +3000 +3600 1005 2001 0
a range +3000 +3600 2001 1005 0
a range +3600 +4200 1003 2008 0
a range +3600 +4200 2008 1003 0
a range +4200 +5400 1005 9003 0
a range +4200 +5400 9003 1005 0
a range +6000 +6600 1005 9003 0
a range +6000 +6600 9003 1005 0
a range +7200 +7800 1001 2008 0
a range +7200 +7800 1003 2012 0
a range +7200 +7800 2008 1001 0
a range +7200 +7800 2012 1003 0
a range +9600 +10200 1005 2022 0
a range +9600 +10200 2022 1005 0
a range +10200 +12000 1004 9003 0
a range +10200 +12000 9003 1004 0
a range +12000 +12600 1005 9001 0
a range +12000 +12600 9001 1005 0
a range +12600 +13200 1002 2037 0
a range +12600 +13200 2037 1002 0
a range +13200 +13800 1001 2002 0
a range +13200 +13800 1005 2012 0
a range +13200 +13800 2002 1001 0
a range +13200 +13800 2012 1005 0
a range +13800 +15600 1003 9003 0
a range +13800 +15600 9003 1003 0
a range +16200 +16800 1003 9001 0
a range +16200 +16800 1003 9003 0
a range +16200 +16800 9001 1003 0
a range +16200 +16800 9003 1003 0
a range +19200 +20400 1005 9002 0
a range +19200 +20400 9002 1005 0
a range +21600 +22200 1002 9001 0
a range +21600 +22200 9001 1002 0
a range +22200 +23400 1004 2009 0
a range +22200 +23400 2009 1004 0
a range +23400 +24000 1001 9001 0
a range +23400 +24000 1003 2015 0
a range +23400 +24000 2015 1003 0
a range +23400 +24000 9001 1001 0
a range +24600 +25200 1001 9003 0
a range +24600 +25200 1001 9001 0
a range +24600 +25200 9001 1001 0
a range +24600 +25200 9003 1001 0
a range +25800 +26400 1001 9001 0
a range +25800 +26400 9001 1001 0
a range +27000 +27600 1004 9003 0
a range +27000 +27600 9003 1004 0
a range +28800 +29400 1005 9003 0
a range +28800 +29400 9003 1005 0
a range +28800 +30000 1005 9001 0
a range +28800 +30000 9001 1005 0
a range +30000 +30600 1004 2031 0
a range +30000 +30600 2031 1004 0
a range +31800 +32400 1003 9003 0
a range +31800 +32400 1004 9001 0
a range +31800 +32400 9001 1004 0
a range +31800 +32400 9003 1003 0
a range +33600 +35400 1004 9001 0
a range +33600 +35400 9001 1004 0
a range +37200 +37800 1004 2013 0
a range +37200 +37800 2013 1004 0
a range +38400 +39600 1003 9001 0
a range +38400 +39600 9001 1003 0
a range +42600 +45000 1002 9001 0
a range +44400 +45000 1002 9002 0
a range +42600 +45000 9001 1002 0
a range +44400 +45000 9002 1002 0
a range +48000 +48600 1001 9001 0
a range +48000 +48600 1001 9002 0
a range +48000 +48600 9001 1001 0
a range +48000 +48600 9002 1001 0
a range +49200 +49800 1001 9002 0
a range +49200 +49800 9002 1001 0
a range +51600 +52200 1004 2034 0
a range +51600 +52200 2034 1004 0
a range +52200 +52800 1001 2020 0
a range +52200 +52800 1005 9001 0
a range +52200 +52800 1005 9002 0
a range +52200 +52800 2020 1001 0
a range +52200 +52800 9001 1005 0
a range +52200 +52800 9002 1005 0
a range +52200 +53400 1002 2022 0
a range +52200 +53400 1002 2006 0
a range +52200 +53400 2006 1002 0
a range +52200 +53400 2022 1002 0
a range +53400 +54000 1004 2031 0
a range +53400 +54000 2031 1004 0
a range +54000 +54600 1004 2024 0
a range +53400 +54600 1005 9002 0
a range +54000 +54600 2024 1004 0
a range +53400 +54600 9002 1005 0
a range +56400 +57000 1002 2001 0
a range +53400 +57000 1003 2030 0
a range +56400 +57000 2001 1002 0
a range +53400 +57000 2030 1003 0
a range +56400 +58800 1003 2024 0
a range +56400 +58800 2024 1003 0
a range +58200 +59400 1002 2026 0
a range +58800 +59400 1003 2022 0
a range +57000 +59400 1004 9002 0
a range +58800 +59400 2022 1003 0
a range +58200 +59400 2026 1002 0
a range +57000 +59400 9002 1004 0
a range +61800 +62400 1002 2004 0
a range +61800 +62400 1004 2001 0
a range +61800 +62400 2001 1004 0
a range +61800 +62400 2004 1002 0
a range +61800 +63600 1003 9002 0
a range +61800 +63600 9002 1003 0
a range +63600 +64200 1005 2004 0
a range +63600 +64200 2004 1005 0
a range +64800 +65400 1001 2033 0
a range +64800 +65400 2033 1001 0
a range +66000 +66600 1002 9002 0
a range +66000 +66600 9002 1002 0
a range +67800 +68400 1002 9002 0
a range +67800 +68400 9002 1002 0
a range +71400 +72600 1001 9002 0
a range +71400 +72600 9002 1001 0
a range +74400 +75000 1005 2028 0
a range +74400 +75000 2028 1005 0
a range +75600 +76200 1005 9002 0
a range +75600 +76200 9002 1005 0
a range +75600 +76800 1001 9003 0
a range +75600 +76800 9003 1001 0
a range +77400 +78000 1005 9003 0
a range +77400 +78000 9003 1005 0
a range +80400 +81000 1005 9003 0
a range +80400 +81000 9003 1005 0
a range +81000 +81600 1001 2028 0
a range +81000 +81600 2028 1001 0
a range +85200 +86400 1003 9003 0
a range +85200 +86400 9003 1003 0
