a contact +0 +600 1002 2012 10000
a contact +0 +600 1002 2002 10000
a contact +0 +600 1002 2023 10000
a contact +0 +600 1003 2026 10000
a contact +0 +600 1003 2018 10000
a contact +0 +600 1003 2016 10000
a contact +0 +600 1004 2001 10000
a contact +0 +600 1004 2003 10000
a contact +0 +600 1004 2025 10000
a contact +0 +600 2001 1004 10000
a contact +0 +600 2002 1002 10000
a contact +0 +600 2003 1004 10000
a contact +0 +600 2012 1002 10000
a contact +0 +600 2016 1003 10000
a contact +0 +600 2018 1003 10000
a contact +0 +600 2023 1002 10000
a contact +0 +600 2025 1004 10000
a contact +0 +600 2026 1003 10000
a contact +0 +1200 1001 9003 100000
a contact +0 +1200 9003 1001 100000
a contact +1200 +1800 1004 9002 100000
a contact +1200 +1800 9002 1004 100000
a contact +1800 +2400 1001 9003 100000
a contact +1800 +2400 9003 1001 100000
a contact +6600 +8400 1004 9003 100000
a contact +6600 +8400 9003 1004 100000
a contact +8400 +9000 1002 2012 10000
a contact +8400 +9000 2012 1002 10000
a contact +9600 +10200 1001 2014 10000
a contact +9600 +10200 2014 1001 10000
a contact +10800 +11400 1003 2008 10000
a contact +10800 +11400 2008 1003 10000
a contact +12600 +13200 1003 9003 100000
a contact +12600 +13200 9003 1003 100000
a contact +13200 +14400 1002 2015 10000
a contact +13200 +14400 2015 1002 10000
a contact +18600 +19200 1002 9003 100000
a contact +18600 +19200 9003 1002 100000
a contact +18600 +19800 1002 9001 100000
a contact +18600 +19800 9001 1002 100000
a contact +22200 +22800 1002 2026 10000
a contact +22200 +22800 2026 1002 10000
a contact +24000 +24600 1001 9001 100000
a contact +24000 +24600 9001 1001 100000
a contact +24000 +25200 1001 9003 100000
a contact +24000 +25200 9003 1001 100000
a contact +25200 +25800 1002 2001 10000
a contact +25200 +25800 2001 1002 10000
a contact +25800 +26400 1001 9001 100000
a contact +25800 +26400 1003 2005 10000
a contact +25800 +26400 2005 1003 10000
a contact +25800 +26400 9001 1001 100000
a contact +27600 +28200 1003 2009 10000
a contact +27600 +28200 2009 1003 10000
a contact +30000 +30600 1003 2001 10000
a contact +30000 +30600 1004 9003 100000
a contact +30000 +30600 2001 1003 10000
a contact +30000 +30600 9003 1004 100000
a contact +30000 +32400 1004 9001 100000
a contact +30000 +32400 9001 1004 100000
a contact +36000 +37800 1003 9001 100000
a contact +36000 +37800 9001 1003 100000
a contact +39600 +40200 1004 2007 10000
a contact +39600 +40200 2007 1004 10000
a contact +40200 +40800 1001 9003 100000
a contact +40200 +40800 9003 1001 100000
a contact +42600 +43800 1002 9001 100000
a contact +43200 +43800 1002 9002 100000
a contact +42600 +43800 9001 1002 100000
a contact +43200 +43800 9002 1002 100000
a contact +45600 +46200 1002 2002 10000
a contact +45600 +46200 2002 1002 10000
a contact +48000 +49200 1001 9001 100000
a contact +48000 +49200 9001 1001 100000
a contact +48000 +49800 1001 9002 100000
a contact +49200 +49800 1002 2003 10000
a contact +49200 +49800 2003 1002 10000
a contact +48000 +49800 9002 1001 100000
a contact +54000 +55800 1004 9002 100000
a contact +54000 +55800 9002 1004 100000
a contact +58800 +59400 1004 2009 10000
a contact +58800 +59400 2009 1004 10000
a contact +61200 +61800 1001 2001 10000
a contact +59400 +61800 1003 9002 100000
a contact +61200 +61800 2001 1001 10000
a contact +59400 +61800 9002 1003 100000
a contact +62400 +63000 1002 9002 100000
a contact +62400 +63000 1004 2019 10000
a contact +62400 +63000 2019 1004 10000
a contact +62400 +63000 9002 1002 100000
a contact +63000 +63600 1003 2017 10000
a contact +63000 +63600 1004 9003 100000
a contact +63000 +63600 2017 1003 10000
a contact +63000 +63600 9003 1004 100000
a contact +65400 +67200 1002 9002 100000
a contact +65400 +67200 9002 1002 100000
a contact +68400 +69000 1003 9003 100000
a contact +68400 +69000 9003 1003 100000
a contact +70200 +71400 1003 2018 10000
a contact +70200 +71400 2018 1003 10000
a contact +71400 +73200 1001 9002 100000
a contact +71400 +73200 9002 1001 100000
a contact +78600 +79200 1003 2003 10000
a contact +78600 +79200 1004 9003 100000
a contact +78600 +79200 2003 1003 10000
a contact +78600 +79200 9003 1004 100000
a contact +82200 +82800 1003 9002 100000
a contact +82200 +82800 9002 1003 100000
a contact +83400 +84000 1004 2003 10000
a contact +83400 +84000 2003 1004 10000
a contact +84000 +84600 1001 2013 10000
a contact +84000 +84600 2013 1001 10000
a contact +83400 +85200 1003 9003 100000
a contact +83400 +85200 9003 1003 100000

a range +0 +600 1002 2012 0
a range +0 +600 1002 2002 0
a range +0 +600 1002 2023 0
a range +0 +600 1003 2026 0
a range +0 +600 1003 2018 0
a range +0 +600 1003 2016 0
a range +0 +600 1004 2001 0
a range +0 +600 1004 2003 0
a range +0 +600 1004 2025 0
a range +0 +600 2001 1004 0
a range +0 +600 2002 1002 0
a range +0 +600 2003 1004 0
a range +0 +600 2012 1002 0
a range +0 +600 2016 1003 0
a range +0 +600 2018 1003 0
a range +0 +600 2023 1002 0
a range +0 +600 2025 1004 0
a range +0 +600 2026 1003 0
a range +0 +1200 1001 9003 0
a range +0 +1200 9003 1001 0
a range +1200 +1800 1004 9002 0
a range +1200 +1800 9002 1004 0
a range +1800 +2400 1001 9003 0
a range +1800 +2400 9003 1001 0
a range +6600 +8400 1004 9003 0
a range +6600 +8400 9003 1004 0
a range +8400 +9000 1002 2012 0
a range +8400 +9000 2012 1002 0
a range +9600 +10200 1001 2014 0
a range +9600 +10200 2014 1001 0
a range +10800 +11400 1003 2008 0
a range +10800 +11400 2008 1003 0
a range +12600 +13200 1003 9003 0
a range +12600 +13200 9003 1003 0
a range +13200 +14400 1002 2015 0
a range +13200 +14400 2015 1002 0
a range +18600 +19200 1002 9003 0
a range +18600 +19200 9003 1002 0
a range +18600 +19800 1002 9001 0
a range +18600 +19800 9001 1002 0
a range +22200 +22800 1002 2026 0
a range +22200 +22800 2026 1002 0
a range +24000 +24600 1001 9001 0
a range +24000 +24600 9001 1001 0
a range +24000 +25200 1001 9003 0
a range +24000 +25200 9003 1001 0
a range +25200 +25800 1002 2001 0
a range +25200 +25800 2001 1002 0
a range +25800 +26400 1001 9001 0
a range +25800 +26400 1003 2005 0
a range +25800 +26400 2005 1003 0
a range +25800 +26400 9001 1001 0
a range +27600 +28200 1003 2009 0
a range +27600 +28200 2009 1003 0
a range +30000 +30600 1003 2001 0
a range +30000 +30600 1004 9003 0
a range +30000 +30600 2001 1003 0
a range +30000 +30600 9003 1004 0
a range +30000 +32400 1004 9001 0
a range +30000 +32400 9001 1004 0
a range +36000 +37800 1003 9001 0
a range +36000 +37800 9001 1003 0
a range +39600 +40200 1004 2007 0
a range +39600 +40200 2007 1004 0
a range +40200 +40800 1001 9003 0
a range +40200 +40800 9003 1001 0
a range +42600 +43800 1002 9001 0
a range +43200 +43800 1002 9002 0
a range +42600 +43800 9001 1002 0
a range +43200 +43800 9002 1002 0
a range +45600 +46200 1002 2002 0
a range +45600 +46200 2002 1002 0
a range +48000 +49200 1001 9001 0
a range +48000 +49200 9001 1001 0
a range +48000 +49800 1001 9002 0
a range +49200 +49800 1002 2003 0
a range +49200 +49800 2003 1002 0
a range +48000 +49800 9002 1001 0
a range +54000 +55800 1004 9002 0
a range +54000 +55800 9002 1004 0
a range +58800 +59400 1004 2009 0
a range +58800 +59400 2009 1004 0
a range +61200 +61800 1001 2001 0
a range +59400 +61800 1003 9002 0
a range +61200 +61800 2001 1001 0
a range +59400 +61800 9002 1003 0
a range +62400 +63000 1002 9002 0
a range +62400 +63000 1004 2019 0
a range +62400 +63000 2019 1004 0
a range +62400 +63000 9002 1002 0
a range +63000 +63600 1003 2017 0
a range +63000 +63600 1004 9003 0
a range +63000 +63600 2017 1003 0
a range +63000 +63600 9003 1004 0
a range +65400 +67200 1002 9002 0
a range +65400 +67200 9002 1002 0
a range +68400 +69000 1003 9003 0
a range +68400 +69000 9003 1003 0
a range +70200 +71400 1003 2018 0
a range +70200 +71400 2018 1003 0
a range +71400 +73200 1001 9002 0
a range +71400 +73200 9002 1001 0
a range +78600 +79200 1003 2003 0
a range +78600 +79200 1004 9003 0
a range +78600 +79200 2003 1003 0
a range +78600 +79200 9003 1004 0
a range +82200 +82800 1003 9002 0
a range +82200 +82800 9002 1003 0
a range +83400 +84000 1004 2003 0
a range +83400 +84000 2003 1004 0
a range +84000 +84600 1001 2013 0
a range +84000 +84600 2013 1001 0
a range +83400 +85200 1003 9003 0
a range +83400 +85200 9003 1003 0
