a contact +1900 +2100 2001 2006 1000
a contact +1900 +2100 2003 2008 1000
a contact +1900 +2100 2005 2010 1000
a contact +1900 +2100 2006 2001 1000
a contact +1900 +2100 2008 2003 1000
a contact +1900 +2100 2010 2005 1000
a contact +2400 +2600 1001 2015 1000
a contact +2400 +2600 2015 1001 1000
a contact +2600 +2800 2003 2013 1000
a contact +2600 +2800 2013 2003 1000
a contact +3600 +4200 1001 2004 1000
a contact +3600 +4200 2003 2016 1000
a contact +3600 +4200 2004 1001 1000
a contact +3600 +4200 2016 2003 1000
a contact +4700 +4900 2004 2014 1000
a contact +4700 +4900 2014 2004 1000
a contact +5200 +5800 1002 2011 1000
a contact +5200 +5800 2011 1002 1000
a contact +5800 +6300 2002 2013 1000
a contact +5800 +6300 2013 2002 1000
a contact +6600 +6800 2005 2010 1000
a contact +6600 +6800 2010 2005 1000
a contact +9400 +9600 2004 2005 1000
a contact +9400 +9600 2005 2004 1000
a contact +9600 +9900 2001 9002 1000
a contact +9600 +9900 9002 2001 1000
a contact +10000 +10600 1002 2005 1000
a contact +10000 +10600 2005 1002 1000
a contact +12000 +12600 2013 2014 1000
a contact +12000 +12600 2014 2013 1000
a contact +12600 +13000 1001 2016 1000
a contact +12600 +13000 2016 1001 1000
a contact +13400 +13600 2008 2011 1000
a contact +13400 +13600 2011 2008 1000
a contact +15300 +15800 2005 9002 1000
a contact +15300 +15800 9002 2005 1000
a contact +16000 +16300 1002 2009 1000
a contact +16000 +16300 2009 1002 1000
a contact +16300 +16400 2009 2013 1000
a contact +16300 +16400 2013 2009 1000
a contact +17700 +17800 1002 9001 1000
a contact +17700 +17800 2008 2011 1000
a contact +17700 +17800 2011 2008 1000
a contact +17700 +17800 9001 1002 1000
a contact +17800 +18300 2008 2013 1000
a contact +17800 +18300 2013 2008 1000
a contact +18300 +18800 1002 2003 1000
a contact +18300 +18800 2003 1002 1000
a contact +19000 +19200 2001 2004 1000
a contact +19000 +19200 2004 2001 1000
a contact +19000 +19200 2009 2014 1000
a contact +19000 +19200 2014 2009 1000
a contact +20000 +20500 1001 2012 1000
a contact +20000 +20500 2009 2016 1000
a contact +20000 +20500 2012 1001 1000
a contact +20000 +20500 2016 2009 1000
a contact +20500 +20800 2002 2006 1000
a contact +20500 +20800 2006 2002 1000
a contact +20800 +21200 1002 9001 1000
a contact +21000 +21200 2008 2009 1000
a contact +21000 +21200 2009 2008 1000
a contact +20800 +21200 9001 1002 1000
a contact +21200 +21500 2009 2014 1000
a contact +21200 +21500 2014 2009 1000
a contact +23200 +23500 1001 9003 1000
a contact +23200 +23500 2004 2016 1000
a contact +23200 +23500 2016 2004 1000
a contact +23200 +23500 9003 1001 1000
a contact +23600 +23700 2002 2009 1000
a contact +23600 +23700 2009 2002 1000
a contact +23700 +24100 2006 2010 1000
a contact +23700 +24100 2010 2006 1000
a contact +24100 +24700 1001 9003 1000
a contact +24100 +24700 9003 1001 1000
a contact +25200 +25500 1001 9003 1000
a contact +25200 +25500 9003 1001 1000
a contact +26800 +27000 2011 2012 1000
a contact +26800 +27000 2012 2011 1000
a contact +27000 +27200 2006 2016 1000
a contact +27000 +27200 2016 2006 1000
a contact +27200 +27700 2007 2012 1000
a contact +27200 +27700 2012 2007 1000
a contact +27700 +28200 2004 2011 1000
a contact +27700 +28200 2011 2004 1000
a contact +28300 +28400 2009 2016 1000
a contact +28300 +28400 2016 2009 1000
a contact +28400 +28800 2001 2012 1000
a contact +28400 +28800 2012 2001 1000
a contact +29400 +29800 2010 2013 1000
a contact +29400 +29800 2013 2010 1000
a contact +30200 +30400 2009 2016 1000
a contact +30200 +30400 2016 2009 1000
a contact +30400 +30500 2003 2015 1000
a contact +30400 +30500 2015 2003 1000
a contact +31900 +32400 2008 2016 1000
a contact +31900 +32400 2016 2008 1000
a contact +32900 +33000 1002 2012 1000
a contact +32900 +33000 2012 1002 1000
a contact +33500 +34100 1001 2004 1000
a contact +33500 +34100 2004 1001 1000
a contact +33500 +34100 2011 2015 1000
a contact +33500 +34100 2015 2011 1000
a contact +34100 +34600 1001 2003 1000
a contact +34100 +34600 2003 1001 1000
a contact +34100 +34600 2009 9002 1000
a contact +34100 +34600 9002 2009 1000
a contact +34600 +34900 2001 2013 1000
a contact +34600 +34900 2013 2001 1000
a contact +35000 +35100 2007 2012 1000
a contact +35000 +35100 2012 2007 1000
a contact +36200 +36600 2014 9002 1000
a contact +36200 +36600 9002 2014 1000
a contact +37200 +37700 2013 2014 1000
a contact +37200 +37700 2014 2013 1000
a contact +39300 +39600 2003 2014 1000
a contact +39300 +39600 2004 2007 1000
a contact +39300 +39600 2007 2004 1000
a contact +39300 +39600 2014 2003 1000
a contact +40900 +41100 2013 9002 1000
a contact +40900 +41100 9002 2013 1000
a contact +41100 +41300 2012 2015 1000
a contact +41100 +41300 2015 2012 1000
a contact +42600 +42900 2004 2008 1000
a contact +42600 +42900 2008 2004 1000
a contact +43500 +44100 2005 2008 1000
a contact +43500 +44100 2008 2005 1000
a contact +44100 +44300 1001 2007 1000
a contact +44100 +44300 2007 1001 1000
a contact +44500 +45000 1002 9002 1000
a contact +44500 +45000 9002 1002 1000
a contact +45000 +45400 2011 2012 1000
a contact +45000 +45400 2012 2011 1000
a contact +46700 +46800 2002 2009 1000
a contact +46700 +46800 2003 2010 1000
a contact +46700 +46800 2009 2002 1000
a contact +46700 +46800 2010 2003 1000
a contact +46700 +46800 2013 2016 1000
a contact +46700 +46800 2016 2013 1000
a contact +46800 +46900 2002 2011 1000
a contact +46800 +46900 2011 2002 1000
a contact +48900 +49000 2014 2015 1000
a contact +48900 +49000 2015 2014 1000
a contact +49500 +49800 2003 2010 1000
a contact +49500 +49800 2010 2003 1000
a contact +51300 +51800 2004 2015 1000
a contact +51300 +51800 2015 2004 1000
a contact +51800 +51900 2006 2016 1000
a contact +51800 +51900 2016 2006 1000
a contact +51900 +52000 1001 2003 1000
a contact +51900 +52000 2003 1001 1000
a contact +53800 +54000 2002 2005 1000
a contact +53800 +54000 2005 2002 1000
a contact +54600 +54700 2002 2011 1000
a contact +54600 +54700 2011 2002 1000
a contact +56700 +57000 2004 2007 1000
a contact +56700 +57000 2007 2004 1000
a contact +57000 +57600 1001 2014 1000
a contact +57000 +57600 2004 9001 1000
a contact +57000 +57600 2014 1001 1000
a contact +57000 +57600 9001 2004 1000
a contact +58500 +58700 2006 2007 1000
a contact +58500 +58700 2007 2006 1000
a contact +59500 +59800 2007 2014 1000
a contact +59500 +59800 2014 2007 1000
a contact +59800 +60200 2005 2015 1000
a contact +59800 +60200 2015 2005 1000
a contact +61300 +61400 2010 9001 1000
a contact +61300 +61400 9001 2010 1000
a contact +61400 +61700 2012 2015 1000
a contact +61400 +61700 2015 2012 1000
a contact +63200 +63400 2016 9003 1000
a contact +63200 +63400 9003 2016 1000
a contact +63400 +63900 2006 2007 1000
a contact +63400 +63900 2007 2006 1000
a contact +64500 +64900 2016 9001 1000
a contact +64500 +64900 9001 2016 1000
a contact +64900 +65300 1002 2014 1000
a contact +64900 +65300 2014 1002 1000
a contact +65900 +66000 2004 2015 1000
a contact +65900 +66000 2015 2004 1000
a contact +66400 +67000 2005 2016 1000
a contact +66400 +67000 2016 2005 1000
a contact +67000 +67400 2003 2013 1000
a contact +67000 +67400 2013 2003 1000
a contact +67700 +67900 2013 9003 1000
a contact +67700 +67900 9003 2013 1000
a contact +68700 +69200 2007 9001 1000
a contact +68700 +69200 9001 2007 1000
a contact +70700 +70900 2002 2006 1000
a contact +70700 +70900 2006 2002 1000
a contact +71800 +72400 2001 2006 1000
a contact +71800 +72400 2006 2001 1000
a contact +71800 +72400 2007 2016 1000
a contact +71800 +72400 2016 2007 1000
a contact +72400 +72600 2003 2011 1000
a contact +72400 +72600 2011 2003 1000
a contact +72400 +72600 2014 2015 1000
a contact +72400 +72600 2015 2014 1000
a contact +72400 +72600 2016 9001 1000
a contact +72400 +72600 9001 2016 1000
a contact +72600 +72800 2003 9003 1000
a contact +72600 +72800 9003 2003 1000
a contact +73000 +73100 2001 2004 1000
a contact +73000 +73100 2004 2001 1000
a contact +73100 +73300 2007 9003 1000
a contact +73100 +73300 9003 2007 1000
a contact +74300 +74600 2010 9003 1000
a contact +74300 +74600 9003 2010 1000
a contact +78000 +78200 1002 2007 1000
a contact +78000 +78200 2007 1002 1000
a contact +78400 +78600 1002 2010 1000
a contact +78400 +78600 2010 1002 1000
a contact +83700 +83800 2011 2012 1000
a contact +83700 +83800 2012 2011 1000
a contact +83800 +84300 2006 2011 1000
a contact +83800 +84300 2011 2006 1000
a contact +84900 +85000 2005 2006 1000
a contact +84900 +85000 2006 2005 1000
a contact +84900 +85000 2009 2012 1000
a contact +84900 +85000 2012 2009 1000

a range +1900 +2100 2001 2006 0.0334
a range +1900 +2100 2003 2008 0.0334
a range +1900 +2100 2005 2010 0.0334
a range +1900 +2100 2006 2001 0.0334
a range +1900 +2100 2008 2003 0.0334
a range +1900 +2100 2010 2005 0.0334
a range +2400 +2600 1001 2015 1102.6868
a range +2400 +2600 2015 1001 1102.6868
a range +2600 +2800 2003 2013 0.0436
a range +2600 +2800 2013 2003 0.0436
a range +3600 +4200 1001 2004 1102.6999
a range +3600 +4200 2003 2016 0.0431
a range +3600 +4200 2004 1001 1102.6999
a range +3600 +4200 2016 2003 0.0431
a range +4700 +4900 2004 2014 0.0435
a range +4700 +4900 2014 2004 0.0435
a range +5200 +5800 1002 2011 1102.1854
a range +5200 +5800 2011 1002 1102.1854
a range +5800 +6300 2002 2013 0.0431
a range +5800 +6300 2013 2002 0.0431
a range +6600 +6800 2005 2010 0.0334
a range +6600 +6800 2010 2005 0.0334
a range +9400 +9600 2004 2005 0.0353
a range +9400 +9600 2005 2004 0.0353
a range +9600 +9900 2001 9002 1103.3763
a range +9600 +9900 9002 2001 1103.3763
a range +10000 +10600 1002 2005 1102.2174
a range +10000 +10600 2005 1002 1102.2174
a range +12000 +12600 2013 2014 0.0343
a range +12000 +12600 2014 2013 0.0343
a range +12600 +13000 1001 2016 1102.6976
a range +12600 +13000 2016 1001 1102.6976
a range +13400 +13600 2008 2011 0.0334
a range +13400 +13600 2011 2008 0.0334
a range +15300 +15800 2005 9002 1102.4702
a range +15300 +15800 9002 2005 1102.4702
a range +16000 +16300 1002 2009 1102.4983
a range +16000 +16300 2009 1002 1102.4983
a range +16300 +16400 2009 2013 0.0182
a range +16300 +16400 2013 2009 0.0182
a range +17700 +17800 1002 9001 0.0591
a range +17700 +17800 2008 2011 0.0334
a range +17700 +17800 2011 2008 0.0334
a range +17700 +17800 9001 1002 0.0591
a range +17800 +18300 2008 2013 0.0374
a range +17800 +18300 2013 2008 0.0374
a range +18300 +18800 1002 2003 1103.1427
a range +18300 +18800 2003 1002 1103.1427
a range +19000 +19200 2001 2004 0.0343
a range +19000 +19200 2004 2001 0.0343
a range +19000 +19200 2009 2014 0.0334
a range +19000 +19200 2014 2009 0.0334
a range +20000 +20500 1001 2012 1102.7101
a range +20000 +20500 2009 2016 0.0353
a range +20000 +20500 2012 1001 1102.7101
a range +20000 +20500 2016 2009 0.0353
a range +20500 +20800 2002 2006 0.0035
a range +20500 +20800 2006 2002 0.0035
a range +20800 +21200 1002 9001 0.0591
a range +21000 +21200 2008 2009 0.0353
a range +21000 +21200 2009 2008 0.0353
a range +20800 +21200 9001 1002 0.0591
a range +21200 +21500 2009 2014 0.0334
a range +21200 +21500 2014 2009 0.0334
a range +23200 +23500 1001 9003 0.0591
a range +23200 +23500 2004 2016 0.0431
a range +23200 +23500 2016 2004 0.0431
a range +23200 +23500 9003 1001 0.0591
a range +23600 +23700 2002 2009 0.031
a range +23600 +23700 2009 2002 0.031
a range +23700 +24100 2006 2010 0.0035
a range +23700 +24100 2010 2006 0.0035
a range +24100 +24700 1001 9003 0.0591
a range +24100 +24700 9003 1001 0.0591
a range +25200 +25500 1001 9003 0.0591
a range +25200 +25500 9003 1001 0.0591
a range +26800 +27000 2011 2012 0.0343
a range +26800 +27000 2012 2011 0.0343
a range +27000 +27200 2006 2016 0.0434
a range +27000 +27200 2016 2006 0.0434
a range +27200 +27700 2007 2012 0.0334
a range +27200 +27700 2012 2007 0.0334
a range +27700 +28200 2004 2011 0.031
a range +27700 +28200 2011 2004 0.031
a range +28300 +28400 2009 2016 0.0353
a range +28300 +28400 2016 2009 0.0353
a range +28400 +28800 2001 2012 0.0374
a range +28400 +28800 2012 2001 0.0374
a range +29400 +29800 2010 2013 0.0334
a range +29400 +29800 2013 2010 0.0334
a range +30200 +30400 2009 2016 0.0353
a range +30200 +30400 2016 2009 0.0353
a range +30400 +30500 2003 2015 0.0433
a range +30400 +30500 2015 2003 0.0433
a range +31900 +32400 2008 2016 0.0065
a range +31900 +32400 2016 2008 0.0065
a range +32900 +33000 1002 2012 1103.1254
a range +32900 +33000 2012 1002 1103.1254
a range +33500 +34100 1001 2004 1103.6019
a range +33500 +34100 2004 1001 1103.6019
a range +33500 +34100 2011 2015 0.0182
a range +33500 +34100 2015 2011 0.0182
a range +34100 +34600 1001 2003 1103.6062
a range +34100 +34600 2003 1001 1103.6062
a range +34100 +34600 2009 9002 1103.2345
a range +34100 +34600 9002 2009 1103.2345
a range +34600 +34900 2001 2013 0.0433
a range +34600 +34900 2013 2001 0.0433
a range +35000 +35100 2007 2012 0.0334
a range +35000 +35100 2012 2007 0.0334
a range +36200 +36600 2014 9002 1103.3647
a range +36200 +36600 9002 2014 1103.3647
a range +37200 +37700 2013 2014 0.0343
a range +37200 +37700 2014 2013 0.0343
a range +39300 +39600 2003 2014 0.0431
a range +39300 +39600 2004 2007 0.0334
a range +39300 +39600 2007 2004 0.0334
a range +39300 +39600 2014 2003 0.0431
a range +40900 +41100 2013 9002 1103.3753
a range +40900 +41100 9002 2013 1103.3753
a range +41100 +41300 2012 2015 0.0334
a range +41100 +41300 2015 2012 0.0334
a range +42600 +42900 2004 2008 0.0035
a range +42600 +42900 2008 2004 0.0035
a range +43500 +44100 2005 2008 0.0343
a range +43500 +44100 2008 2005 0.0343
a range +44100 +44300 1001 2007 1103.6172
a range +44100 +44300 2007 1001 1103.6172
a range +44500 +45000 1002 9002 0.0592
a range +44500 +45000 9002 1002 0.0592
a range +45000 +45400 2011 2012 0.0343
a range +45000 +45400 2012 2011 0.0343
a range +46700 +46800 2002 2009 0.031
a range +46700 +46800 2003 2010 0.0374
a range +46700 +46800 2009 2002 0.031
a range +46700 +46800 2010 2003 0.0374
a range +46700 +46800 2013 2016 0.0343
a range +46700 +46800 2016 2013 0.0343
a range +46800 +46900 2002 2011 0.0374
a range +46800 +46900 2011 2002 0.0374
a range +48900 +49000 2014 2015 0.0343
a range +48900 +49000 2015 2014 0.0343
a range +49500 +49800 2003 2010 0.0374
a range +49500 +49800 2010 2003 0.0374
a range +51300 +51800 2004 2015 0.0434
a range +51300 +51800 2015 2004 0.0434
a range +51800 +51900 2006 2016 0.043
a range +51800 +51900 2016 2006 0.043
a range +51900 +52000 1001 2003 1104.5114
a range +51900 +52000 2003 1001 1104.5114
a range +53800 +54000 2002 2005 0.0334
a range +53800 +54000 2005 2002 0.0334
a range +54600 +54700 2002 2011 0.0374
a range +54600 +54700 2011 2002 0.0374
a range +56700 +57000 2004 2007 0.0334
a range +56700 +57000 2007 2004 0.0334
a range +57000 +57600 1001 2014 1104.5138
a range +57000 +57600 2004 9001 1105.0558
a range +57000 +57600 2014 1001 1104.5138
a range +57000 +57600 9001 2004 1105.0558
a range +58500 +58700 2006 2007 0.0343
a range +58500 +58700 2007 2006 0.0343
a range +59500 +59800 2007 2014 0.0374
a range +59500 +59800 2014 2007 0.0374
a range +59800 +60200 2005 2015 0.0434
a range +59800 +60200 2015 2005 0.0434
a range +61300 +61400 2010 9001 1104.4908
a range +61300 +61400 9001 2010 1104.4908
a range +61400 +61700 2012 2015 0.0334
a range +61400 +61700 2015 2012 0.0334
a range +63200 +63400 2016 9003 1104.7634
a range +63200 +63400 9003 2016 1104.7634
a range +63400 +63900 2006 2007 0.0343
a range +63400 +63900 2007 2006 0.0343
a range +64500 +64900 2016 9001 1105.0562
a range +64500 +64900 9001 2016 1105.0562
a range +64900 +65300 1002 2014 1104.9487
a range +64900 +65300 2014 1002 1104.9487
a range +65900 +66000 2004 2015 0.0431
a range +65900 +66000 2015 2004 0.0431
a range +66400 +67000 2005 2016 0.0374
a range +66400 +67000 2016 2005 0.0374
a range +67000 +67400 2003 2013 0.0436
a range +67000 +67400 2013 2003 0.0436
a range +67700 +67900 2013 9003 1104.7658
a range +67700 +67900 9003 2013 1104.7658
a range +68700 +69200 2007 9001 1105.0204
a range +68700 +69200 9001 2007 1105.0204
a range +70700 +70900 2002 2006 0.0035
a range +70700 +70900 2006 2002 0.0035
a range +71800 +72400 2001 2006 0.0334
a range +71800 +72400 2006 2001 0.0334
a range +71800 +72400 2007 2016 0.031
a range +71800 +72400 2016 2007 0.031
a range +72400 +72600 2003 2011 0.0337
a range +72400 +72600 2011 2003 0.0337
a range +72400 +72600 2014 2015 0.0343
a range +72400 +72600 2015 2014 0.0343
a range +72400 +72600 2016 9001 1105.0562
a range +72400 +72600 9001 2016 1105.0562
a range +72600 +72800 2003 9003 1104.7503
a range +72600 +72800 9003 2003 1104.7503
a range +73000 +73100 2001 2004 0.0343
a range +73000 +73100 2004 2001 0.0343
a range +73100 +73300 2007 9003 1104.74
a range +73100 +73300 9003 2007 1104.74
a range +74300 +74600 2010 9003 1104.7467
a range +74300 +74600 9003 2010 1104.7467
a range +78000 +78200 1002 2007 1104.963
a range +78000 +78200 2007 1002 1104.963
a range +78400 +78600 1002 2010 1104.9355
a range +78400 +78600 2010 1002 1104.9355
a range +83700 +83800 2011 2012 0.0343
a range +83700 +83800 2012 2011 0.0343
a range +83800 +84300 2006 2011 0.0353
a range +83800 +84300 2011 2006 0.0353
a range +84900 +85000 2005 2006 0.0343
a range +84900 +85000 2006 2005 0.0343
a range +84900 +85000 2009 2012 0.0343
a range +84900 +85000 2012 2009 0.0343
