a contact +300 +500 2004 2032 1000
a contact +300 +500 2008 2029 1000
a contact +300 +500 2013 2023 1000
a contact +300 +500 2014 2024 1000
a contact +300 +500 2023 2013 1000
a contact +300 +500 2024 2014 1000
a contact +300 +500 2029 2008 1000
a contact +300 +500 2032 2004 1000
a contact +500 +700 2020 9002 1000
a contact +500 +700 9002 2020 1000
a contact +700 +800 2020 2021 1000
a contact +700 +800 2021 2020 1000
a contact +800 +900 2010 2026 1000
a contact +800 +900 2016 2022 1000
a contact +800 +900 2022 2016 1000
a contact +800 +900 2026 2010 1000
a contact +900 +1200 2001 2008 1000
a contact +900 +1200 2008 2001 1000
a contact +1200 +1400 2013 2021 1000
a contact +1200 +1400 2021 2013 1000
a contact +1800 +1900 2004 2027 1000
a contact +1800 +1900 2012 9002 1000
a contact +1800 +1900 2027 2004 1000
a contact +1800 +1900 9002 2012 1000
a contact +2100 +2300 2015 2030 1000
a contact +2100 +2300 2030 2015 1000
a contact +2400 +2500 2024 2032 1000
a contact +2400 +2500 2032 2024 1000
a contact +2800 +2900 1002 9002 1000
a contact +2800 +2900 9002 1002 1000
a contact +2900 +3100 1002 2009 1000
a contact +2900 +3100 2008 2016 1000
a contact +2900 +3100 2009 1002 1000
a contact +2900 +3100 2016 2008 1000
a contact +3200 +3600 2024 2030 1000
a contact +3200 +3600 2030 2024 1000
a contact +3600 +3700 2009 2024 1000
a contact +3600 +3700 2024 2009 1000
a contact +4200 +4300 2005 2020 1000
a contact +4200 +4300 2020 2005 1000
a contact +4300 +4500 2001 2019 1000
a contact +4300 +4500 2019 2001 1000
a contact +4300 +4500 2027 9002 1000
a contact +4300 +4500 9002 2027 1000
a contact +4900 +5000 2018 2024 1000
a contact +4900 +5000 2024 2018 1000
a contact +5400 +5500 1001 2008 1000
a contact +5400 +5500 2008 1001 1000
a contact +5900 +6100 1001 2029 1000
a contact +5900 +6100 2006 2023 1000
a contact +5900 +6100 2023 2006 1000
a contact +5900 +6100 2029 1001 1000
a contact +6100 +6300 1001 2028 1000
a contact +6100 +6300 2018 2019 1000
a contact +6100 +6300 2019 2018 1000
a contact +6100 +6300 2020 2021 1000
a contact +6100 +6300 2021 2020 1000
a contact +6100 +6300 2028 1001 1000
a contact +7800 +7900 1001 2032 1000
a contact +7800 +7900 2032 1001 1000
a contact +8300 +8400 2002 2003 1000
a contact +8300 +8400 2003 2002 1000
a contact +9200 +9400 1002 2006 1000
a contact +9200 +9400 2006 1002 1000
a contact +9600 +9700 1001 2011 1000
a contact +9600 +9700 2011 1001 1000
a contact +10800 +11000 2005 2006 1000
a contact +10800 +11000 2006 2005 1000
a contact +11000 +11200 2006 9001 1000
a contact +11000 +11200 9001 2006 1000
a contact +11200 +11300 2006 9002 1000
a contact +11200 +11300 9002 2006 1000
a contact +11500 +11600 2005 2031 1000
a contact +11500 +11600 2031 2005 1000
a contact +11600 +11700 2009 2016 1000
a contact +11600 +11700 2016 2009 1000
a contact +11700 +11800 1001 9002 1000
a contact +11700 +11800 9002 1001 1000
a contact +12000 +12300 2014 2025 1000
a contact +12000 +12300 2025 2014 1000
a contact +12500 +12600 2018 2024 1000
a contact +12500 +12600 2024 2018 1000
a contact +13000 +13100 2022 2030 1000
a contact +13000 +13100 2024 2032 1000
a contact +13000 +13100 2030 2022 1000
a contact +13000 +13100 2032 2024 1000
a contact +13300 +13400 2005 2024 1000
a contact +13300 +13400 2024 2005 1000
a contact +13900 +14100 2008 2032 1000
a contact +13900 +14100 2032 2008 1000
a contact +14200 +14300 2009 2027 1000
a contact +14200 +14300 2027 2009 1000
a contact +14300 +14400 2018 2024 1000
a contact +14300 +14400 2024 2018 1000
a contact +14600 +14700 2002 2003 1000
a contact +14600 +14700 2003 2002 1000
a contact +14600 +14700 2006 2026 1000
a contact +14600 +14700 2026 2006 1000
a contact +14700 +14900 2025 2026 1000
a contact +14700 +14900 2026 2025 1000
a contact +14900 +15000 2025 9001 1000
a contact +14900 +15000 9001 2025 1000
a contact +15000 +15300 2002 2024 1000
a contact +15000 +15300 2012 2032 1000
a contact +15000 +15300 2013 2019 1000
a contact +15000 +15300 2019 2013 1000
a contact +15000 +15300 2024 2002 1000
a contact +15000 +15300 2032 2012 1000
a contact +15300 +15400 2017 2027 1000
a contact +15300 +15400 2027 2017 1000
a contact +15500 +15700 2005 2023 1000
a contact +15500 +15700 2023 2005 1000
a contact +16300 +16400 2006 2015 1000
a contact +16300 +16400 2015 2006 1000
a contact +16300 +16400 2016 9002 1000
a contact +16300 +16400 9002 2016 1000
a contact +16500 +16700 2002 2026 1000
a contact +16500 +16700 2007 2023 1000
a contact +16500 +16700 2023 2007 1000
a contact +16500 +16700 2026 2002 1000
a contact +17300 +17400 2003 2010 1000
a contact +17300 +17400 2007 2019 1000
a contact +17300 +17400 2010 2003 1000
a contact +17300 +17400 2019 2007 1000
a contact +18300 +18400 2020 9002 1000
a contact +18300 +18400 9002 2020 1000
a contact +18800 +19000 2010 9002 1000
a contact +18800 +19000 9002 2010 1000
a contact +19000 +19100 2005 2022 1000
a contact +19000 +19100 2022 2005 1000
a contact +19100 +19200 1002 9001 1000
a contact +19100 +19200 2023 9002 1000
a contact +19100 +19200 9001 1002 1000
a contact +19100 +19200 9002 2023 1000
a contact +19200 +19400 2015 2026 1000
a contact +19200 +19400 2026 2015 1000
a contact +19400 +19600 2031 2032 1000
a contact +19400 +19600 2032 2031 1000
a contact +19700 +20100 2004 2024 1000
a contact +19700 +20100 2024 2004 1000
a contact +21200 +21400 2001 2008 1000
a contact +21200 +21400 2008 2001 1000
a contact +21400 +21500 2019 2026 1000
a contact +21400 +21500 2026 2019 1000
a contact +21500 +21700 2006 2017 1000
a contact +21500 +21700 2017 2006 1000
a contact +21900 +22000 2008 2031 1000
a contact +21900 +22000 2031 2008 1000
a contact +22000 +22100 2003 2023 1000
a contact +22000 +22100 2011 2031 1000
a contact +22000 +22100 2023 2003 1000
a contact +22000 +22100 2031 2011 1000
a contact +22600 +22800 2009 2028 1000
a contact +22600 +22800 2028 2009 1000
a contact +23200 +23300 1001 9003 1000
a contact +23200 +23300 2012 2026 1000
a contact +23200 +23300 2021 2022 1000
a contact +23200 +23300 2022 2021 1000
a contact +23200 +23300 2026 2012 1000
a contact +23200 +23300 9003 1001 1000
a contact +23500 +23700 1001 9003 1000
a contact +23500 +23700 9003 1001 1000
a contact +23800 +24100 1001 9003 1000
a contact +23800 +24100 2004 2017 1000
a contact +23800 +24100 2017 2004 1000
a contact +23800 +24100 2021 2028 1000
a contact +23800 +24100 2028 2021 1000
a contact +23800 +24100 9003 1001 1000
a contact +24300 +24400 2005 2015 1000
a contact +24300 +24400 2015 2005 1000
a contact +24400 +24800 1001 9003 1000
a contact +24400 +24800 9003 1001 1000
a contact +25200 +25400 1001 9003 1000
a contact +25200 +25400 9003 1001 1000
a contact +25400 +25500 2002 2011 1000
a contact +25400 +25500 2011 2002 1000
a contact +27200 +27300 2004 2014 1000
a contact +27200 +27300 2014 2004 1000
a contact +28000 +28200 2007 2017 1000
a contact +28000 +28200 2017 2007 1000
a contact +28400 +28500 2006 2015 1000
a contact +28400 +28500 2012 2028 1000
a contact +28400 +28500 2015 2006 1000
a contact +28400 +28500 2028 2012 1000
a contact +29000 +29100 2028 2029 1000
a contact +29000 +29100 2029 2028 1000
a contact +29600 +29800 1001 2014 1000
a contact +29600 +29800 2014 1001 1000
a contact +29600 +29800 2025 2032 1000
a contact +29600 +29800 2032 2025 1000
a contact +29800 +29900 2003 2024 1000
a contact +29800 +29900 2024 2003 1000
a contact +30100 +30200 2012 2027 1000
a contact +30100 +30200 2027 2012 1000
a contact +30200 +30400 2005 2013 1000
a contact +30200 +30400 2013 2005 1000
a contact +30200 +30400 2024 2032 1000
a contact +30200 +30400 2032 2024 1000
a contact +30800 +30900 2012 2030 1000
a contact +30800 +30900 2030 2012 1000
a contact +31500 +31800 2002 2026 1000
a contact +31500 +31800 2003 2023 1000
a contact +31500 +31800 2010 2032 1000
a contact +31500 +31800 2011 2031 1000
a contact +31500 +31800 2023 2003 1000
a contact +31500 +31800 2026 2002 1000
a contact +31500 +31800 2031 2011 1000
a contact +31500 +31800 2032 2010 1000
a contact +32000 +32200 1002 2009 1000
a contact +32000 +32200 2009 1002 1000
a contact +32000 +32200 2017 2024 1000
a contact +32000 +32200 2023 9002 1000
a contact +32000 +32200 2024 2017 1000
a contact +32000 +32200 9002 2023 1000
a contact +32300 +32400 2016 2024 1000
a contact +32300 +32400 2018 2026 1000
a contact +32300 +32400 2024 2016 1000
a contact +32300 +32400 2026 2018 1000
a contact +32800 +32900 1002 2005 1000
a contact +32800 +32900 2005 1002 1000
a contact +32900 +33000 1002 2008 1000
a contact +32900 +33000 2008 1002 1000
a contact +32900 +33000 2015 2021 1000
a contact +32900 +33000 2021 2015 1000
a contact +33200 +33300 2001 9002 1000
a contact +33200 +33300 9002 2001 1000
a contact +33500 +33700 2002 2015 1000
a contact +33500 +33700 2015 2002 1000
a contact +33800 +33900 2014 2029 1000
a contact +33800 +33900 2029 2014 1000
a contact +34200 +34300 1001 2024 1000
a contact +34200 +34300 2024 1001 1000
a contact +34300 +34500 2021 2028 1000
a contact +34300 +34500 2028 2021 1000
a contact +34500 +34600 1002 2017 1000
a contact +34500 +34600 2003 2024 1000
a contact +34500 +34600 2017 1002 1000
a contact +34500 +34600 2024 2003 1000
a contact +34600 +34800 2006 2017 1000
a contact +34600 +34800 2017 2006 1000
a contact +34900 +35000 2012 2013 1000
a contact +34900 +35000 2013 2012 1000
a contact +35100 +35300 2004 2027 1000
a contact +35100 +35300 2027 2004 1000
a contact +35900 +36100 2015 2023 1000
a contact +35900 +36100 2023 2015 1000
a contact +36200 +36600 2001 9003 1000
a contact +36200 +36600 9003 2001 1000
a contact +36600 +36700 2002 9003 1000
a contact +36600 +36700 2006 2015 1000
a contact +36600 +36700 2015 2006 1000
a contact +36600 +36700 9003 2002 1000
a contact +36900 +37000 2006 2019 1000
a contact +36900 +37000 2019 2006 1000
a contact +37200 +37300 2004 2022 1000
a contact +37200 +37300 2022 2004 1000
a contact +37500 +37700 1002 9001 1000
a contact +37500 +37700 9001 1002 1000
a contact +38400 +38500 2018 2025 1000
a contact +38400 +38500 2025 2018 1000
a contact +38500 +38600 2011 2017 1000
a contact +38500 +38600 2017 2011 1000
a contact +39500 +39600 2013 2031 1000
a contact +39500 +39600 2031 2013 1000
a contact +39700 +39800 2020 2030 1000
a contact +39700 +39800 2030 2020 1000
a contact +40300 +40500 2005 2018 1000
a contact +40300 +40500 2018 2005 1000
a contact +40600 +40800 1002 2020 1000
a contact +40600 +40800 2009 2029 1000
a contact +40600 +40800 2020 1002 1000
a contact +40600 +40800 2029 2009 1000
a contact +41300 +41400 1002 2031 1000
a contact +41300 +41400 2003 2027 1000
a contact +41300 +41400 2027 2003 1000
a contact +41300 +41400 2031 1002 1000
a contact +41400 +41600 2013 2014 1000
a contact +41400 +41600 2014 2013 1000
a contact +41600 +41700 2013 2032 1000
a contact +41600 +41700 2022 2023 1000
a contact +41600 +41700 2023 2022 1000
a contact +41600 +41700 2032 2013 1000
a contact +41900 +42000 2004 2005 1000
a contact +41900 +42000 2005 2004 1000
a contact +42400 +42600 2011 2030 1000
a contact +42400 +42600 2019 2020 1000
a contact +42400 +42600 2020 2019 1000
a contact +42400 +42600 2030 2011 1000
a contact +42700 +42900 2018 2031 1000
a contact +42700 +42900 2031 2018 1000
a contact +43100 +43300 2011 2027 1000
a contact +43100 +43300 2027 2011 1000
a contact +43300 +43600 2001 2011 1000
a contact +43300 +43600 2003 2013 1000
a contact +43300 +43600 2005 2015 1000
a contact +43300 +43600 2011 2001 1000
a contact +43300 +43600 2013 2003 1000
a contact +43300 +43600 2015 2005 1000
a contact +43800 +44000 1001 2019 1000
a contact +43800 +44000 2019 1001 1000
a contact +44200 +44300 2001 2022 1000
a contact +44200 +44300 2005 2019 1000
a contact +44200 +44300 2019 2005 1000
a contact +44200 +44300 2022 2001 1000
a contact +44700 +44800 2029 2030 1000
a contact +44700 +44800 2030 2029 1000
a contact +44800 +44900 2015 2021 1000
a contact +44800 +44900 2021 2015 1000
a contact +44900 +45000 1002 2018 1000
a contact +44900 +45000 2018 1002 1000
a contact +45500 +45600 1002 2032 1000
a contact +45500 +45600 2020 2027 1000
a contact +45500 +45600 2027 2020 1000
a contact +45500 +45600 2032 1002 1000
a contact +46000 +46100 2016 2031 1000
a contact +46000 +46100 2031 2016 1000
a contact +47100 +47300 2014 2020 1000
a contact +47100 +47300 2020 2014 1000
a contact +47300 +47400 2006 2027 1000
a contact +47300 +47400 2027 2006 1000
a contact +47400 +47600 2002 2031 1000
a contact +47400 +47600 2031 2002 1000
a contact +47700 +47900 2013 2019 1000
a contact +47700 +47900 2019 2013 1000
a contact +48500 +48700 2019 2026 1000
a contact +48500 +48700 2026 2019 1000
a contact +48700 +48800 2001 2030 1000
a contact +48700 +48800 2030 2001 1000
a contact +48800 +48900 2006 2022 1000
a contact +48800 +48900 2022 2006 1000
a contact +48900 +49000 2022 2032 1000
a contact +48900 +49000 2032 2022 1000
a contact +49300 +49400 2008 2016 1000
a contact +49300 +49400 2016 2008 1000
a contact +49400 +49500 2009 2018 1000
a contact +49400 +49500 2018 2009 1000
a contact +49500 +49700 2016 2031 1000
a contact +49500 +49700 2031 2016 1000
a contact +50200 +50300 2016 2025 1000
a contact +50200 +50300 2025 2016 1000
a contact +50400 +50700 2005 2025 1000
a contact +50400 +50700 2025 2005 1000
a contact +50800 +51000 2005 2006 1000
a contact +50800 +51000 2006 2005 1000
a contact +51100 +51300 2030 2031 1000
a contact +51100 +51300 2031 2030 1000
a contact +51400 +51600 2004 2005 1000
a contact +51400 +51600 2005 2004 1000
a contact +51400 +51600 2021 2030 1000
a contact +51400 +51600 2030 2021 1000
a contact +51600 +51800 1002 2005 1000
a contact +51600 +51800 2005 1002 1000
a contact +51600 +51800 2010 2031 1000
a contact +51600 +51800 2031 2010 1000
a contact +52000 +52100 2010 2026 1000
a contact +52000 +52100 2026 2010 1000
a contact +52700 +53100 1001 2027 1000
a contact +52700 +53100 2027 1001 1000
a contact +53100 +53200 2002 2016 1000
a contact +53100 +53200 2016 2002 1000
a contact +53200 +53300 2002 2029 1000
a contact +53200 +53300 2029 2002 1000
a contact +53300 +53400 1002 2023 1000
a contact +53300 +53400 2005 2013 1000
a contact +53300 +53400 2013 2005 1000
a contact +53300 +53400 2023 1002 1000
a contact +53400 +53500 2001 2027 1000
a contact +53400 +53500 2015 2028 1000
a contact +53400 +53500 2027 2001 1000
a contact +53400 +53500 2028 2015 1000
a contact +53700 +53800 2013 2019 1000
a contact +53700 +53800 2019 2013 1000
a contact +54000 +54200 2018 2024 1000
a contact +54000 +54200 2024 2018 1000
a contact +55800 +56000 2001 2020 1000
a contact +55900 +56000 2003 2022 1000
a contact +55900 +56000 2004 2021 1000
a contact +55900 +56000 2012 2027 1000
a contact +55900 +56000 2013 2030 1000
a contact +55800 +56000 2020 2001 1000
a contact +55900 +56000 2021 2004 1000
a contact +55900 +56000 2022 2003 1000
a contact +55900 +56000 2027 2012 1000
a contact +55900 +56000 2030 2013 1000
a contact +56500 +56600 1002 2026 1000
a contact +56500 +56600 2026 1002 1000
a contact +56800 +57000 2008 2028 1000
a contact +56800 +57000 2028 2008 1000
a contact +57100 +57300 2002 2031 1000
a contact +57100 +57300 2006 2007 1000
a contact +57100 +57300 2007 2006 1000
a contact +57100 +57300 2031 2002 1000
a contact +57800 +57900 2002 2016 1000
a contact +57800 +57900 2016 2002 1000
a contact +57900 +58100 2022 2028 1000
a contact +57900 +58100 2028 2022 1000
a contact +58200 +58400 2031 9003 1000
a contact +58200 +58400 9003 2031 1000
a contact +58400 +58500 2021 2031 1000
a contact +58400 +58500 2031 2021 1000
a contact +58700 +58900 2007 2021 1000
a contact +58700 +58900 2021 2007 1000
a contact +60300 +60500 2003 9003 1000
a contact +60300 +60500 9003 2003 1000
a contact +60500 +60600 2010 2031 1000
a contact +60500 +60600 2031 2010 1000
a contact +61000 +61200 2005 2024 1000
a contact +61000 +61200 2024 2005 1000
a contact +61400 +61500 2006 9003 1000
a contact +61400 +61500 9003 2006 1000
a contact +61700 +61800 1002 2006 1000
a contact +61700 +61800 2006 1002 1000
a contact +61700 +61800 2018 2031 1000
a contact +61700 +61800 2031 2018 1000
a contact +62500 +62600 2009 2018 1000
a contact +62500 +62600 2018 2009 1000
a contact +62600 +62800 2010 2018 1000
a contact +62600 +62800 2018 2010 1000
a contact +62900 +63100 2016 2027 1000
a contact +62900 +63100 2027 2016 1000
a contact +63400 +63600 2004 2005 1000
a contact +63400 +63600 2005 2004 1000
a contact +63600 +63800 1002 2025 1000
a contact +63600 +63800 2025 1002 1000
a contact +63800 +63900 2001 2010 1000
a contact +63800 +63900 2010 2001 1000
a contact +64800 +64900 2006 2014 1000
a contact +64800 +64900 2014 2006 1000
a contact +64900 +65000 2022 2028 1000
a contact +64900 +65000 2028 2022 1000
a contact +65400 +65500 1002 2005 1000
a contact +65400 +65500 2005 1002 1000
a contact +65500 +65700 2005 2011 1000
a contact +65500 +65700 2011 2005 1000
a contact +65700 +65800 2004 2020 1000
a contact +65700 +65800 2020 2004 1000
a contact +65800 +65900 2005 2021 1000
a contact +65800 +65900 2012 2029 1000
a contact +65800 +65900 2021 2005 1000
a contact +65800 +65900 2029 2012 1000
a contact +66000 +66200 1002 2031 1000
a contact +66000 +66200 2031 1002 1000
a contact +66500 +66700 2012 2022 1000
a contact +66500 +66700 2022 2012 1000
a contact +67500 +67700 2014 9001 1000
a contact +67500 +67700 2022 2029 1000
a contact +67500 +67700 2029 2022 1000
a contact +67500 +67700 9001 2014 1000
a contact +67700 +67800 2010 2026 1000
a contact +67700 +67800 2026 2010 1000
a contact +67800 +67900 2011 2029 1000
a contact +67800 +67900 2029 2011 1000
a contact +68100 +68300 2008 2016 1000
a contact +68100 +68300 2009 2025 1000
a contact +68100 +68300 2016 2008 1000
a contact +68100 +68300 2025 2009 1000
a contact +68300 +68400 1002 2007 1000
a contact +68300 +68400 2007 1002 1000
a contact +68400 +68500 2005 2023 1000
a contact +68400 +68500 2023 2005 1000
a contact +68700 +68800 1001 2027 1000
a contact +68700 +68800 2002 9001 1000
a contact +68700 +68800 2027 1001 1000
a contact +68700 +68800 9001 2002 1000
a contact +68900 +69100 1001 2031 1000
a contact +68900 +69100 2031 1001 1000
a contact +69100 +69200 2018 2028 1000
a contact +69100 +69200 2028 2018 1000
a contact +69700 +69900 2002 2025 1000
a contact +69700 +69900 2025 2002 1000
a contact +69900 +70000 1001 2017 1000
a contact +69900 +70000 2007 2018 1000
a contact +69900 +70000 2008 2021 1000
a contact +69900 +70000 2017 1001 1000
a contact +69900 +70000 2018 2007 1000
a contact +69900 +70000 2021 2008 1000
a contact +70000 +70200 1002 2024 1000
a contact +70000 +70200 2006 2028 1000
a contact +70000 +70200 2024 1002 1000
a contact +70000 +70200 2028 2006 1000
a contact +70500 +70700 2008 2026 1000
a contact +70500 +70700 2026 2008 1000
a contact +70700 +70900 2026 2032 1000
a contact +70700 +70900 2032 2026 1000
a contact +71200 +71400 2003 2011 1000
a contact +71200 +71400 2011 2003 1000
a contact +71400 +71500 2012 2027 1000
a contact +71400 +71500 2027 2012 1000
a contact +71800 +71900 2007 2022 1000
a contact +71800 +71900 2022 2007 1000
a contact +71900 +72100 2006 2015 1000
a contact +71900 +72100 2015 2006 1000
a contact +72100 +72300 2005 2026 1000
a contact +72100 +72300 2016 2032 1000
a contact +72100 +72300 2017 2023 1000
a contact +72100 +72300 2023 2017 1000
a contact +72100 +72300 2026 2005 1000
a contact +72100 +72300 2032 2016 1000
a contact +72300 +72400 2008 2019 1000
a contact +72300 +72400 2019 2008 1000
a contact +72400 +72500 2002 2023 1000
a contact +72400 +72500 2023 2002 1000
a contact +73200 +73300 2010 2011 1000
a contact +73200 +73300 2011 2010 1000
a contact +73500 +73600 1002 2026 1000
a contact +73500 +73600 2026 1002 1000
a contact +73900 +74300 2001 2021 1000
a contact +73900 +74300 2021 2001 1000
a contact +74400 +74600 2022 2028 1000
a contact +74400 +74600 2028 2022 1000
a contact +74900 +75000 2018 9003 1000
a contact +74900 +75000 9003 2018 1000
a contact +75000 +75200 2015 9001 1000
a contact +75000 +75200 2018 2019 1000
a contact +75000 +75200 2019 2018 1000
a contact +75000 +75200 9001 2015 1000
a contact +76100 +76300 2001 2008 1000
a contact +76100 +76300 2008 2001 1000
a contact +76300 +76600 1002 2023 1000
a contact +76300 +76600 2023 1002 1000
a contact +76700 +76800 2001 2026 1000
a contact +76700 +76800 2026 2001 1000
a contact +76800 +77000 1002 2012 1000
a contact +76800 +77000 2012 1002 1000
a contact +77000 +77100 2010 2021 1000
a contact +77000 +77100 2021 2010 1000
a contact +77500 +77700 2006 2024 1000
a contact +77500 +77700 2014 2015 1000
a contact +77500 +77700 2015 2014 1000
a contact +77500 +77700 2020 2030 1000
a contact +77500 +77700 2024 2006 1000
a contact +77500 +77700 2030 2020 1000
a contact +77800 +77900 2007 2016 1000
a contact +77800 +77900 2015 2021 1000
a contact +77800 +77900 2016 2007 1000
a contact +77800 +77900 2021 2015 1000
a contact +77900 +78000 2014 2030 1000
a contact +77900 +78000 2021 2027 1000
a contact +77900 +78000 2027 2021 1000
a contact +77900 +78000 2030 2014 1000
a contact +78200 +78300 1002 9002 1000
a contact +78200 +78300 9002 1002 1000
a contact +78400 +78500 2008 2017 1000
a contact +78400 +78500 2017 2008 1000
a contact +79300 +79400 1002 2025 1000
a contact +79300 +79400 2009 2020 1000
a contact +79300 +79400 2020 2009 1000
a contact +79300 +79400 2025 1002 1000
a contact +80300 +80400 2029 2030 1000
a contact +80300 +80400 2030 2029 1000
a contact +80600 +80800 1001 2007 1000
a contact +80600 +80800 2007 1001 1000
a contact +81500 +81700 2004 2013 1000
a contact +81500 +81700 2013 2004 1000
a contact +81800 +81900 2007 2022 1000
a contact +81800 +81900 2022 2007 1000
a contact +81900 +82000 2003 2017 1000
a contact +81900 +82000 2017 2003 1000
a contact +82000 +82200 2012 2029 1000
a contact +82000 +82200 2014 2031 1000
a contact +82000 +82200 2029 2012 1000
a contact +82000 +82200 2031 2014 1000
a contact +82200 +82300 2014 2030 1000
a contact +82200 +82300 2015 9001 1000
a contact +82200 +82300 2030 2014 1000
a contact +82200 +82300 9001 2015 1000
a contact +82600 +82700 2023 2024 1000
a contact +82600 +82700 2024 2023 1000
a contact +83200 +83300 2007 2008 1000
a contact +83200 +83300 2008 2007 1000
a contact +84000 +84200 2015 9002 1000
a contact +84000 +84200 9002 2015 1000
a contact +84900 +85000 2011 9001 1000
a contact +84900 +85000 9001 2011 1000
a contact +85000 +85100 2003 2022 1000
a contact +85000 +85100 2022 2003 1000
a contact +85100 +85300 2006 9002 1000
a contact +85100 +85300 9002 2006 1000
a contact +85600 +85700 2008 2028 1000
a contact +85600 +85700 2028 2008 1000
a contact +86100 +86200 2001 2019 1000
a contact +86100 +86200 2014 2015 1000
a contact +86100 +86200 2015 2014 1000
a contact +86100 +86200 2019 2001 1000
a contact +86200 +86400 2011 2018 1000
a contact +86200 +86400 2018 2011 1000

a range +300 +500 2004 2032 0.0432
a range +300 +500 2008 2029 0.0431
a range +300 +500 2013 2023 0.0334
a range +300 +500 2014 2024 0.0319
a range +300 +500 2023 2013 0.0334
a range +300 +500 2024 2014 0.0319
a range +300 +500 2029 2008 0.0431
a range +300 +500 2032 2004 0.0432
a range +500 +700 2020 9002 1102.2203
a range +500 +700 9002 2020 1102.2203
a range +700 +800 2020 2021 0.0186
a range +700 +800 2021 2020 0.0186
a range +800 +900 2010 2026 0.0193
a range +800 +900 2016 2022 0.0319
a range +800 +900 2022 2016 0.0319
a range +800 +900 2026 2010 0.0193
a range +900 +1200 2001 2008 0.0186
a range +900 +1200 2008 2001 0.0186
a range +1200 +1400 2013 2021 0.0182
a range +1200 +1400 2021 2013 0.0182
a range +1800 +1900 2004 2027 0.0434
a range +1800 +1900 2012 9002 1102.2014
a range +1800 +1900 2027 2004 0.0434
a range +1800 +1900 9002 2012 1102.2014
a range +2100 +2300 2015 2030 0.0148
a range +2100 +2300 2030 2015 0.0148
a range +2400 +2500 2024 2032 0.0154
a range +2400 +2500 2032 2024 0.0154
a range +2800 +2900 1002 9002 0.0592
a range +2800 +2900 9002 1002 0.0592
a range +2900 +3100 1002 2009 1102.2174
a range +2900 +3100 2008 2016 0.0154
a range +2900 +3100 2009 1002 1102.2174
a range +2900 +3100 2016 2008 0.0154
a range +3200 +3600 2024 2030 0.0319
a range +3200 +3600 2030 2024 0.0319
a range +3600 +3700 2009 2024 0.025
a range +3600 +3700 2024 2009 0.025
a range +4200 +4300 2005 2020 0.0361
a range +4200 +4300 2020 2005 0.0361
a range +4300 +4500 2001 2019 0.031
a range +4300 +4500 2019 2001 0.031
a range +4300 +4500 2027 9002 1103.3647
a range +4300 +4500 9002 2027 1103.3647
a range +4900 +5000 2018 2024 0.0343
a range +4900 +5000 2024 2018 0.0343
a range +5400 +5500 1001 2008 1102.7005
a range +5400 +5500 2008 1001 1102.7005
a range +5900 +6100 1001 2029 1102.6868
a range +5900 +6100 2006 2023 0.0148
a range +5900 +6100 2023 2006 0.0148
a range +5900 +6100 2029 1001 1102.6868
a range +6100 +6300 1001 2028 1102.6828
a range +6100 +6300 2018 2019 0.0186
a range +6100 +6300 2019 2018 0.0186
a range +6100 +6300 2020 2021 0.0186
a range +6100 +6300 2021 2020 0.0186
a range +6100 +6300 2028 1001 1102.6828
a range +7800 +7900 1001 2032 1102.6981
a range +7800 +7900 2032 1001 1102.6981
a range +8300 +8400 2002 2003 0.0186
a range +8300 +8400 2003 2002 0.0186
a range +9200 +9400 1002 2006 1102.2434
a range +9200 +9400 2006 1002 1102.2434
a range +9600 +9700 1001 2011 1102.2496
a range +9600 +9700 2011 1001 1102.2496
a range +10800 +11000 2005 2006 0.0186
a range +10800 +11000 2006 2005 0.0186
a range +11000 +11200 2006 9001 1102.3261
a range +11000 +11200 9001 2006 1102.3261
a range +11200 +11300 2006 9002 1103.3758
a range +11200 +11300 9002 2006 1103.3758
a range +11500 +11600 2005 2031 0.0435
a range +11500 +11600 2031 2005 0.0435
a range +11600 +11700 2009 2016 0.0186
a range +11600 +11700 2016 2009 0.0186
a range +11700 +11800 1001 9002 0.0591
a range +11700 +11800 9002 1001 0.0591
a range +12000 +12300 2014 2025 0.0432
a range +12000 +12300 2025 2014 0.0432
a range +12500 +12600 2018 2024 0.0343
a range +12500 +12600 2024 2018 0.0343
a range +13000 +13100 2022 2030 0.0104
a range +13000 +13100 2024 2032 0.0154
a range +13000 +13100 2030 2022 0.0104
a range +13000 +13100 2032 2024 0.0154
a range +13300 +13400 2005 2024 0.0434
a range +13300 +13400 2024 2005 0.0434
a range +13900 +14100 2008 2032 0.0433
a range +13900 +14100 2032 2008 0.0433
a range +14200 +14300 2009 2027 0.031
a range +14200 +14300 2027 2009 0.031
a range +14300 +14400 2018 2024 0.0343
a range +14300 +14400 2024 2018 0.0343
a range +14600 +14700 2002 2003 0.0186
a range +14600 +14700 2003 2002 0.0186
a range +14600 +14700 2006 2026 0.0436
a range +14600 +14700 2026 2006 0.0436
a range +14700 +14900 2025 2026 0.0186
a range +14700 +14900 2026 2025 0.0186
a range +14900 +15000 2025 9001 1102.3341
a range +14900 +15000 9001 2025 1102.3341
a range +15000 +15300 2002 2024 0.0416
a range +15000 +15300 2012 2032 0.0433
a range +15000 +15300 2013 2019 0.0353
a range +15000 +15300 2019 2013 0.0353
a range +15000 +15300 2024 2002 0.0416
a range +15000 +15300 2032 2012 0.0433
a range +15300 +15400 2017 2027 0.0334
a range +15300 +15400 2027 2017 0.0334
a range +15500 +15700 2005 2023 0.031
a range +15500 +15700 2023 2005 0.031
a range +16300 +16400 2006 2015 0.0176
a range +16300 +16400 2015 2006 0.0176
a range +16300 +16400 2016 9002 1102.5635
a range +16300 +16400 9002 2016 1102.5635
a range +16500 +16700 2002 2026 0.0433
a range +16500 +16700 2007 2023 0.0065
a range +16500 +16700 2023 2007 0.0065
a range +16500 +16700 2026 2002 0.0433
a range +17300 +17400 2003 2010 0.0176
a range +17300 +17400 2007 2019 0.0431
a range +17300 +17400 2010 2003 0.0176
a range +17300 +17400 2019 2007 0.0431
a range +18300 +18400 2020 9002 1102.9524
a range +18300 +18400 9002 2020 1102.9524
a range +18800 +19000 2010 9002 1103.1191
a range +18800 +19000 9002 2010 1103.1191
a range +19000 +19100 2005 2022 0.0315
a range +19000 +19100 2022 2005 0.0315
a range +19100 +19200 1002 9001 0.0591
a range +19100 +19200 2023 9002 1102.6767
a range +19100 +19200 9001 1002 0.0591
a range +19100 +19200 9002 2023 1102.6767
a range +19200 +19400 2015 2026 0.0433
a range +19200 +19400 2026 2015 0.0433
a range +19400 +19600 2031 2032 0.0186
a range +19400 +19600 2032 2031 0.0186
a range +19700 +20100 2004 2024 0.0432
a range +19700 +20100 2024 2004 0.0432
a range +21200 +21400 2001 2008 0.0186
a range +21200 +21400 2008 2001 0.0186
a range +21400 +21500 2019 2026 0.0176
a range +21400 +21500 2026 2019 0.0176
a range +21500 +21700 2006 2017 0.0431
a range +21500 +21700 2017 2006 0.0431
a range +21900 +22000 2008 2031 0.0431
a range +21900 +22000 2031 2008 0.0431
a range +22000 +22100 2003 2023 0.0434
a range +22000 +22100 2011 2031 0.0434
a range +22000 +22100 2023 2003 0.0434
a range +22000 +22100 2031 2011 0.0434
a range +22600 +22800 2009 2028 0.0432
a range +22600 +22800 2028 2009 0.0432
a range +23200 +23300 1001 9003 0.0591
a range +23200 +23300 2012 2026 0.0251
a range +23200 +23300 2021 2022 0.0186
a range +23200 +23300 2022 2021 0.0186
a range +23200 +23300 2026 2012 0.0251
a range +23200 +23300 9003 1001 0.0591
a range +23500 +23700 1001 9003 0.0591
a range +23500 +23700 9003 1001 0.0591
a range +23800 +24100 1001 9003 0.0591
a range +23800 +24100 2004 2017 0.0432
a range +23800 +24100 2017 2004 0.0432
a range +23800 +24100 2021 2028 0.025
a range +23800 +24100 2028 2021 0.025
a range +23800 +24100 9003 1001 0.0591
a range +24300 +24400 2005 2015 0.0334
a range +24300 +24400 2015 2005 0.0334
a range +24400 +24800 1001 9003 0.0591
a range +24400 +24800 9003 1001 0.0591
a range +25200 +25400 1001 9003 0.0591
a range +25200 +25400 9003 1001 0.0591
a range +25400 +25500 2002 2011 0.0176
a range +25400 +25500 2011 2002 0.0176
a range +27200 +27300 2004 2014 0.0366
a range +27200 +27300 2014 2004 0.0366
a range +28000 +28200 2007 2017 0.0374
a range +28000 +28200 2017 2007 0.0374
a range +28400 +28500 2006 2015 0.0176
a range +28400 +28500 2012 2028 0.0284
a range +28400 +28500 2015 2006 0.0176
a range +28400 +28500 2028 2012 0.0284
a range +29000 +29100 2028 2029 0.0186
a range +29000 +29100 2029 2028 0.0186
a range +29600 +29800 1001 2014 1103.5281
a range +29600 +29800 2014 1001 1103.5281
a range +29600 +29800 2025 2032 0.0186
a range +29600 +29800 2032 2025 0.0186
a range +29800 +29900 2003 2024 0.0433
a range +29800 +29900 2024 2003 0.0433
a range +30100 +30200 2012 2027 0.023
a range +30100 +30200 2027 2012 0.023
a range +30200 +30400 2005 2013 0.0182
a range +30200 +30400 2013 2005 0.0182
a range +30200 +30400 2024 2032 0.0154
a range +30200 +30400 2032 2024 0.0154
a range +30800 +30900 2012 2030 0.0416
a range +30800 +30900 2030 2012 0.0416
a range +31500 +31800 2002 2026 0.0431
a range +31500 +31800 2003 2023 0.0433
a range +31500 +31800 2010 2032 0.0416
a range +31500 +31800 2011 2031 0.0433
a range +31500 +31800 2023 2003 0.0433
a range +31500 +31800 2026 2002 0.0431
a range +31500 +31800 2031 2011 0.0433
a range +31500 +31800 2032 2010 0.0416
a range +32000 +32200 1002 2009 1103.1535
a range +32000 +32200 2009 1002 1103.1535
a range +32000 +32200 2017 2024 0.0186
a range +32000 +32200 2023 9002 1103.3921
a range +32000 +32200 2024 2017 0.0186
a range +32000 +32200 9002 2023 1103.3921
a range +32300 +32400 2016 2024 0.0154
a range +32300 +32400 2018 2026 0.0104
a range +32300 +32400 2024 2016 0.0154
a range +32300 +32400 2026 2018 0.0104
a range +32800 +32900 1002 2005 1103.1427
a range +32800 +32900 2005 1002 1103.1427
a range +32900 +33000 1002 2008 1103.1414
a range +32900 +33000 2008 1002 1103.1414
a range +32900 +33000 2015 2021 0.0334
a range +32900 +33000 2021 2015 0.0334
a range +33200 +33300 2001 9002 1103.3763
a range +33200 +33300 9002 2001 1103.3763
a range +33500 +33700 2002 2015 0.0431
a range +33500 +33700 2015 2002 0.0431
a range +33800 +33900 2014 2029 0.0315
a range +33800 +33900 2029 2014 0.0315
a range +34200 +34300 1001 2024 1103.2983
a range +34200 +34300 2024 1001 1103.2983
a range +34300 +34500 2021 2028 0.025
a range +34300 +34500 2028 2021 0.025
a range +34500 +34600 1002 2017 1103.1532
a range +34500 +34600 2003 2024 0.0433
a range +34500 +34600 2017 1002 1103.1532
a range +34500 +34600 2024 2003 0.0433
a range +34600 +34800 2006 2017 0.0433
a range +34600 +34800 2017 2006 0.0433
a range +34900 +35000 2012 2013 0.0186
a range +34900 +35000 2013 2012 0.0186
a range +35100 +35300 2004 2027 0.0433
a range +35100 +35300 2027 2004 0.0433
a range +35900 +36100 2015 2023 0.0035
a range +35900 +36100 2023 2015 0.0035
a range +36200 +36600 2001 9003 1104.7676
a range +36200 +36600 9003 2001 1104.7676
a range +36600 +36700 2002 9003 1104.761
a range +36600 +36700 2006 2015 0.0176
a range +36600 +36700 2015 2006 0.0176
a range +36600 +36700 9003 2002 1104.761
a range +36900 +37000 2006 2019 0.0431
a range +36900 +37000 2019 2006 0.0431
a range +37200 +37300 2004 2022 0.0416
a range +37200 +37300 2022 2004 0.0416
a range +37500 +37700 1002 9001 0.0594
a range +37500 +37700 9001 1002 0.0594
a range +38400 +38500 2018 2025 0.0231
a range +38400 +38500 2025 2018 0.0231
a range +38500 +38600 2011 2017 0.0334
a range +38500 +38600 2017 2011 0.0334
a range +39500 +39600 2013 2031 0.031
a range +39500 +39600 2031 2013 0.031
a range +39700 +39800 2020 2030 0.0366
a range +39700 +39800 2030 2020 0.0366
a range +40300 +40500 2005 2018 0.0433
a range +40300 +40500 2018 2005 0.0433
a range +40600 +40800 1002 2020 1103.639
a range +40600 +40800 2009 2029 0.0432
a range +40600 +40800 2020 1002 1103.639
a range +40600 +40800 2029 2009 0.0432
a range +41300 +41400 1002 2031 1104.0543
a range +41300 +41400 2003 2027 0.0433
a range +41300 +41400 2027 2003 0.0433
a range +41300 +41400 2031 1002 1104.0543
a range +41400 +41600 2013 2014 0.0186
a range +41400 +41600 2014 2013 0.0186
a range +41600 +41700 2013 2032 0.043
a range +41600 +41700 2022 2023 0.0186
a range +41600 +41700 2023 2022 0.0186
a range +41600 +41700 2032 2013 0.043
a range +41900 +42000 2004 2005 0.0186
a range +41900 +42000 2005 2004 0.0186
a range +42400 +42600 2011 2030 0.0434
a range +42400 +42600 2019 2020 0.0186
a range +42400 +42600 2020 2019 0.0186
a range +42400 +42600 2030 2011 0.0434
a range +42700 +42900 2018 2031 0.043
a range +42700 +42900 2031 2018 0.043
a range +43100 +43300 2011 2027 0.0065
a range +43100 +43300 2027 2011 0.0065
a range +43300 +43600 2001 2011 0.0334
a range +43300 +43600 2003 2013 0.0353
a range +43300 +43600 2005 2015 0.0334
a range +43300 +43600 2011 2001 0.0334
a range +43300 +43600 2013 2003 0.0353
a range +43300 +43600 2015 2005 0.0334
a range +43800 +44000 1001 2019 1103.5868
a range +43800 +44000 2019 1001 1103.5868
a range +44200 +44300 2001 2022 0.0431
a range +44200 +44300 2005 2019 0.0374
a range +44200 +44300 2019 2005 0.0374
a range +44200 +44300 2022 2001 0.0431
a range +44700 +44800 2029 2030 0.0186
a range +44700 +44800 2030 2029 0.0186
a range +44800 +44900 2015 2021 0.0334
a range +44800 +44900 2021 2015 0.0334
a range +44900 +45000 1002 2018 1103.8833
a range +44900 +45000 2018 1002 1103.8833
a range +45500 +45600 1002 2032 1104.0591
a range +45500 +45600 2020 2027 0.02
a range +45500 +45600 2027 2020 0.02
a range +45500 +45600 2032 1002 1104.0591
a range +46000 +46100 2016 2031 0.023
a range +46000 +46100 2031 2016 0.023
a range +47100 +47300 2014 2020 0.0366
a range +47100 +47300 2020 2014 0.0366
a range +47300 +47400 2006 2027 0.0436
a range +47300 +47400 2027 2006 0.0436
a range +47400 +47600 2002 2031 0.0436
a range +47400 +47600 2031 2002 0.0436
a range +47700 +47900 2013 2019 0.0353
a range +47700 +47900 2019 2013 0.0353
a range +48500 +48700 2019 2026 0.0176
a range +48500 +48700 2026 2019 0.0176
a range +48700 +48800 2001 2030 0.0432
a range +48700 +48800 2030 2001 0.0432
a range +48800 +48900 2006 2022 0.0193
a range +48800 +48900 2022 2006 0.0193
a range +48900 +49000 2022 2032 0.0319
a range +48900 +49000 2032 2022 0.0319
a range +49300 +49400 2008 2016 0.0154
a range +49300 +49400 2016 2008 0.0154
a range +49400 +49500 2009 2018 0.0231
a range +49400 +49500 2018 2009 0.0231
a range +49500 +49700 2016 2031 0.023
a range +49500 +49700 2031 2016 0.023
a range +50200 +50300 2016 2025 0.0361
a range +50200 +50300 2025 2016 0.0361
a range +50400 +50700 2005 2025 0.0433
a range +50400 +50700 2025 2005 0.0433
a range +50800 +51000 2005 2006 0.0186
a range +50800 +51000 2006 2005 0.0186
a range +51100 +51300 2030 2031 0.0186
a range +51100 +51300 2031 2030 0.0186
a range +51400 +51600 2004 2005 0.0186
a range +51400 +51600 2005 2004 0.0186
a range +51400 +51600 2021 2030 0.0231
a range +51400 +51600 2030 2021 0.0231
a range +51600 +51800 1002 2005 1104.042
a range +51600 +51800 2005 1002 1104.042
a range +51600 +51800 2010 2031 0.0433
a range +51600 +51800 2031 2010 0.0433
a range +52000 +52100 2010 2026 0.0193
a range +52000 +52100 2026 2010 0.0193
a range +52700 +53100 1001 2027 1104.5138
a range +52700 +53100 2027 1001 1104.5138
a range +53100 +53200 2002 2016 0.0366
a range +53100 +53200 2016 2002 0.0366
a range +53200 +53300 2002 2029 0.0431
a range +53200 +53300 2029 2002 0.0431
a range +53300 +53400 1002 2023 1104.0586
a range +53300 +53400 2005 2013 0.0182
a range +53300 +53400 2013 2005 0.0182
a range +53300 +53400 2023 1002 1104.0586
a range +53400 +53500 2001 2027 0.0434
a range +53400 +53500 2015 2028 0.0431
a range +53400 +53500 2027 2001 0.0434
a range +53400 +53500 2028 2015 0.0431
a range +53700 +53800 2013 2019 0.0353
a range +53700 +53800 2019 2013 0.0353
a range +54000 +54200 2018 2024 0.0343
a range +54000 +54200 2024 2018 0.0343
a range +55800 +56000 2001 2020 0.0432
a range +55900 +56000 2003 2022 0.0433
a range +55900 +56000 2004 2021 0.0361
a range +55900 +56000 2012 2027 0.023
a range +55900 +56000 2013 2030 0.0315
a range +55800 +56000 2020 2001 0.0432
a range +55900 +56000 2021 2004 0.0361
a range +55900 +56000 2022 2003 0.0433
a range +55900 +56000 2027 2012 0.023
a range +55900 +56000 2030 2013 0.0315
a range +56500 +56600 1002 2026 1104.0557
a range +56500 +56600 2026 1002 1104.0557
a range +56800 +57000 2008 2028 0.0434
a range +56800 +57000 2028 2008 0.0434
a range +57100 +57300 2002 2031 0.0434
a range +57100 +57300 2006 2007 0.0186
a range +57100 +57300 2007 2006 0.0186
a range +57100 +57300 2031 2002 0.0434
a range +57800 +57900 2002 2016 0.0366
a range +57800 +57900 2016 2002 0.0366
a range +57900 +58100 2022 2028 0.0366
a range +57900 +58100 2028 2022 0.0366
a range +58200 +58400 2031 9003 1104.7634
a range +58200 +58400 9003 2031 1104.7634
a range +58400 +58500 2021 2031 0.0334
a range +58400 +58500 2031 2021 0.0334
a range +58700 +58900 2007 2021 0.031
a range +58700 +58900 2021 2007 0.031
a range +60300 +60500 2003 9003 1104.7532
a range +60300 +60500 9003 2003 1104.7532
a range +60500 +60600 2010 2031 0.0432
a range +60500 +60600 2031 2010 0.0432
a range +61000 +61200 2005 2024 0.0432
a range +61000 +61200 2024 2005 0.0432
a range +61400 +61500 2006 9003 1104.7569
a range +61400 +61500 9003 2006 1104.7569
a range +61700 +61800 1002 2006 1104.9656
a range +61700 +61800 2006 1002 1104.9656
a range +61700 +61800 2018 2031 0.0431
a range +61700 +61800 2031 2018 0.0431
a range +62500 +62600 2009 2018 0.0231
a range +62500 +62600 2018 2009 0.0231
a range +62600 +62800 2010 2018 0.0104
a range +62600 +62800 2018 2010 0.0104
a range +62900 +63100 2016 2027 0.043
a range +62900 +63100 2027 2016 0.043
a range +63400 +63600 2004 2005 0.0186
a range +63400 +63600 2005 2004 0.0186
a range +63600 +63800 1002 2025 1104.9544
a range +63600 +63800 2025 1002 1104.9544
a range +63800 +63900 2001 2010 0.0231
a range +63800 +63900 2010 2001 0.0231
a range +64800 +64900 2006 2014 0.0104
a range +64800 +64900 2014 2006 0.0104
a range +64900 +65000 2022 2028 0.0366
a range +64900 +65000 2028 2022 0.0366
a range +65400 +65500 1002 2005 1104.9594
a range +65400 +65500 2005 1002 1104.9594
a range +65500 +65700 2005 2011 0.0353
a range +65500 +65700 2011 2005 0.0353
a range +65700 +65800 2004 2020 0.0284
a range +65700 +65800 2020 2004 0.0284
a range +65800 +65900 2005 2021 0.0337
a range +65800 +65900 2012 2029 0.0361
a range +65800 +65900 2021 2005 0.0337
a range +65800 +65900 2029 2012 0.0361
a range +66000 +66200 1002 2031 1104.9645
a range +66000 +66200 2031 1002 1104.9645
a range +66500 +66700 2012 2022 0.0366
a range +66500 +66700 2022 2012 0.0366
a range +67500 +67700 2014 9001 1104.9263
a range +67500 +67700 2022 2029 0.0231
a range +67500 +67700 2029 2022 0.0231
a range +67500 +67700 9001 2014 1104.9263
a range +67700 +67800 2010 2026 0.0193
a range +67700 +67800 2026 2010 0.0193
a range +67800 +67900 2011 2029 0.0374
a range +67800 +67900 2029 2011 0.0374
a range +68100 +68300 2008 2016 0.0154
a range +68100 +68300 2009 2025 0.0337
a range +68100 +68300 2016 2008 0.0154
a range +68100 +68300 2025 2009 0.0337
a range +68300 +68400 1002 2007 1104.9666
a range +68300 +68400 2007 1002 1104.9666
a range +68400 +68500 2005 2023 0.031
a range +68400 +68500 2023 2005 0.031
a range +68700 +68800 1001 2027 1104.5138
a range +68700 +68800 2002 9001 1105.0516
a range +68700 +68800 2027 1001 1104.5138
a range +68700 +68800 9001 2002 1105.0516
a range +68900 +69100 1001 2031 1104.4994
a range +68900 +69100 2031 1001 1104.4994
a range +69100 +69200 2018 2028 0.0319
a range +69100 +69200 2028 2018 0.0319
a range +69700 +69900 2002 2025 0.0433
a range +69700 +69900 2025 2002 0.0433
a range +69900 +70000 1001 2017 1104.4967
a range +69900 +70000 2007 2018 0.043
a range +69900 +70000 2008 2021 0.0431
a range +69900 +70000 2017 1001 1104.4967
a range +69900 +70000 2018 2007 0.043
a range +69900 +70000 2021 2008 0.0431
a range +70000 +70200 1002 2024 1104.7878
a range +70000 +70200 2006 2028 0.0434
a range +70000 +70200 2024 1002 1104.7878
a range +70000 +70200 2028 2006 0.0434
a range +70500 +70700 2008 2026 0.0434
a range +70500 +70700 2026 2008 0.0434
a range +70700 +70900 2026 2032 0.0343
a range +70700 +70900 2032 2026 0.0343
a range +71200 +71400 2003 2011 0.0035
a range +71200 +71400 2011 2003 0.0035
a range +71400 +71500 2012 2027 0.023
a range +71400 +71500 2027 2012 0.023
a range +71800 +71900 2007 2022 0.0148
a range +71800 +71900 2022 2007 0.0148
a range +71900 +72100 2006 2015 0.0176
a range +71900 +72100 2015 2006 0.0176
a range +72100 +72300 2005 2026 0.0434
a range +72100 +72300 2016 2032 0.0284
a range +72100 +72300 2017 2023 0.0343
a range +72100 +72300 2023 2017 0.0343
a range +72100 +72300 2026 2005 0.0434
a range +72100 +72300 2032 2016 0.0284
a range +72300 +72400 2008 2019 0.0433
a range +72300 +72400 2019 2008 0.0433
a range +72400 +72500 2002 2023 0.043
a range +72400 +72500 2023 2002 0.043
a range +73200 +73300 2010 2011 0.0186
a range +73200 +73300 2011 2010 0.0186
a range +73500 +73600 1002 2026 1104.9494
a range +73500 +73600 2026 1002 1104.9494
a range +73900 +74300 2001 2021 0.0432
a range +73900 +74300 2021 2001 0.0432
a range +74400 +74600 2022 2028 0.0366
a range +74400 +74600 2028 2022 0.0366
a range +74900 +75000 2018 9003 1104.7632
a range +74900 +75000 9003 2018 1104.7632
a range +75000 +75200 2015 9001 1104.8327
a range +75000 +75200 2018 2019 0.0186
a range +75000 +75200 2019 2018 0.0186
a range +75000 +75200 9001 2015 1104.8327
a range +76100 +76300 2001 2008 0.0186
a range +76100 +76300 2008 2001 0.0186
a range +76300 +76600 1002 2023 1104.9127
a range +76300 +76600 2023 1002 1104.9127
a range +76700 +76800 2001 2026 0.0432
a range +76700 +76800 2026 2001 0.0432
a range +76800 +77000 1002 2012 1104.9456
a range +76800 +77000 2012 1002 1104.9456
a range +77000 +77100 2010 2021 0.043
a range +77000 +77100 2021 2010 0.043
a range +77500 +77700 2006 2024 0.0251
a range +77500 +77700 2014 2015 0.0186
a range +77500 +77700 2015 2014 0.0186
a range +77500 +77700 2020 2030 0.0366
a range +77500 +77700 2024 2006 0.0251
a range +77500 +77700 2030 2020 0.0366
a range +77800 +77900 2007 2016 0.02
a range +77800 +77900 2015 2021 0.0334
a range +77800 +77900 2016 2007 0.02
a range +77800 +77900 2021 2015 0.0334
a range +77900 +78000 2014 2030 0.0193
a range +77900 +78000 2021 2027 0.0353
a range +77900 +78000 2027 2021 0.0353
a range +77900 +78000 2030 2014 0.0193
a range +78200 +78300 1002 9002 0.0593
a range +78200 +78300 9002 1002 0.0593
a range +78400 +78500 2008 2017 0.0361
a range +78400 +78500 2017 2008 0.0361
a range +79300 +79400 1002 2025 1104.9544
a range +79300 +79400 2009 2020 0.043
a range +79300 +79400 2020 2009 0.043
a range +79300 +79400 2025 1002 1104.9544
a range +80300 +80400 2029 2030 0.0186
a range +80300 +80400 2030 2029 0.0186
a range +80600 +80800 1001 2007 1105.0279
a range +80600 +80800 2007 1001 1105.0279
a range +81500 +81700 2004 2013 0.025
a range +81500 +81700 2013 2004 0.025
a range +81800 +81900 2007 2022 0.0148
a range +81800 +81900 2022 2007 0.0148
a range +81900 +82000 2003 2017 0.031
a range +81900 +82000 2017 2003 0.031
a range +82000 +82200 2012 2029 0.0361
a range +82000 +82200 2014 2031 0.0148
a range +82000 +82200 2029 2012 0.0361
a range +82000 +82200 2031 2014 0.0148
a range +82200 +82300 2014 2030 0.0193
a range +82200 +82300 2015 9001 1105.0534
a range +82200 +82300 2030 2014 0.0193
a range +82200 +82300 9001 2015 1105.0534
a range +82600 +82700 2023 2024 0.0186
a range +82600 +82700 2024 2023 0.0186
a range +83200 +83300 2007 2008 0.0186
a range +83200 +83300 2008 2007 0.0186
a range +84000 +84200 2015 9002 1105.0607
a range +84000 +84200 9002 2015 1105.0607
a range +84900 +85000 2011 9001 1105.0617
a range +84900 +85000 9001 2011 1105.0617
a range +85000 +85100 2003 2022 0.0433
a range +85000 +85100 2022 2003 0.0433
a range +85100 +85300 2006 9002 1105.0708
a range +85100 +85300 9002 2006 1105.0708
a range +85600 +85700 2008 2028 0.0313
a range +85600 +85700 2028 2008 0.0313
a range +86100 +86200 2001 2019 0.031
a range +86100 +86200 2014 2015 0.0186
a range +86100 +86200 2015 2014 0.0186
a range +86100 +86200 2019 2001 0.031
a range +86200 +86400 2011 2018 0.0176
a range +86200 +86400 2018 2011 0.0176
