a contact +1100 +1600 2002 2004 1000
a contact +1100 +1600 2004 2002 1000
a contact +1900 +2100 2002 2007 1000
a contact +1900 +2100 2007 2002 1000
a contact +4200 +4800 2004 2008 1000
a contact +4200 +4800 2008 2004 1000
a contact +6600 +7200 1001 2008 1000
a contact +6600 +7200 2008 1001 1000
a contact +8500 +9100 2002 2007 1000
a contact +8500 +9100 2007 2002 1000
a contact +9400 +9600 2004 2008 1000
a contact +9400 +9600 2008 2004 1000
a contact +11300 +11600 1001 9002 1000
a contact +11300 +11600 2002 2004 1000
a contact +11300 +11600 2004 2002 1000
a contact +11300 +11600 2006 2008 1000
a contact +11300 +11600 2008 2006 1000
a contact +11300 +11600 9002 1001 1000
a contact +13000 +13600 2002 9001 1000
a contact +13000 +13600 9001 2002 1000
a contact +21600 +22200 2002 2008 1000
a contact +21600 +22200 2008 2002 1000
a contact +22200 +22400 2002 2007 1000
a contact +22200 +22400 2007 2002 1000
a contact +22400 +22600 2002 2006 1000
a contact +22400 +22600 2003 2007 1000
a contact +22400 +22600 2006 2002 1000
a contact +22400 +22600 2007 2003 1000
a contact +22600 +23000 2001 9002 1000
a contact +22600 +23000 9002 2001 1000
a contact +23800 +24400 2004 2008 1000
a contact +23800 +24400 2008 2004 1000
a contact +24400 +25000 2002 2008 1000
a contact +24400 +25000 2008 2002 1000
a contact +25000 +25600 2002 2004 1000
a contact +25000 +25600 2004 2002 1000
a contact +25600 +26000 2002 2008 1000
a contact +25600 +26000 2008 2002 1000
a contact +28400 +28800 1001 9002 1000
a contact +28400 +28800 9002 1001 1000
a contact +29800 +30400 2004 2008 1000
a contact +29800 +30400 2008 2004 1000
a contact +30400 +30500 2003 9003 1000
a contact +30400 +30500 9003 2003 1000
a contact +33000 +33600 1001 2006 1000
a contact +33000 +33600 2001 2007 1000
a contact +33000 +33600 2006 1001 1000
a contact +33000 +33600 2007 2001 1000
a contact +35400 +35600 2006 2008 1000
a contact +35400 +35600 2008 2006 1000
a contact +39300 +39600 2001 2003 1000
a contact +39300 +39600 2003 2001 1000
a contact +39300 +39600 2005 9003 1000
a contact +39300 +39600 9003 2005 1000
a contact +39800 +40400 2006 9003 1000
a contact +39800 +40400 9003 2006 1000
a contact +41100 +41300 1001 2002 1000
a contact +41100 +41300 2002 1001 1000
a contact +41100 +41300 2004 9003 1000
a contact +41100 +41300 2006 2008 1000
a contact +41100 +41300 2008 2006 1000
a contact +41100 +41300 9003 2004 1000
a contact +41300 +41900 2003 9003 1000
a contact +41300 +41900 9003 2003 1000
a contact +42800 +43400 2001 2007 1000
a contact +42800 +43400 2003 2005 1000
a contact +42800 +43400 2005 2003 1000
a contact +42800 +43400 2007 2001 1000
a contact +46700 +46900 2002 2007 1000
a contact +46700 +46900 2007 2002 1000
a contact +46900 +47100 2003 2005 1000
a contact +46900 +47100 2005 2003 1000
a contact +47100 +47300 1001 9002 1000
a contact +47100 +47300 9002 1001 1000
a contact +47600 +48200 1001 9002 1000
a contact +47600 +48200 9002 1001 1000
a contact +48800 +48900 1001 9002 1000
a contact +48800 +48900 2004 2008 1000
a contact +48800 +48900 2008 2004 1000
a contact +48800 +48900 9002 1001 1000
a contact +50100 +50700 2001 2006 1000
a contact +50100 +50700 2006 2001 1000
a contact +50700 +51300 2006 2008 1000
a contact +50700 +51300 2008 2006 1000
a contact +53700 +54300 2002 2004 1000
a contact +53700 +54300 2004 2002 1000
a contact +54300 +54500 2001 9003 1000
a contact +54300 +54500 2006 2008 1000
a contact +54300 +54500 2008 2006 1000
a contact +54300 +54500 9003 2001 1000
a contact +55000 +55600 2004 9001 1000
a contact +55000 +55600 9001 2004 1000
a contact +56600 +57000 1001 2007 1000
a contact +56600 +57000 2007 1001 1000
a contact +57600 +58200 2001 2005 1000
a contact +57600 +58200 2005 2001 1000
a contact +58700 +59300 1001 2003 1000
a contact +58700 +59300 2003 1001 1000
a contact +61900 +62500 1001 2006 1000
a contact +61900 +62500 2006 1001 1000
a contact +65900 +66000 2004 9001 1000
a contact +65900 +66000 9001 2004 1000
a contact +67700 +67900 2002 9001 1000
a contact +67700 +67900 9001 2002 1000
a contact +68100 +68700 2002 2006 1000
a contact +68100 +68700 2006 2002 1000
a contact +69300 +69600 2003 9001 1000
a contact +69300 +69600 9001 2003 1000
a contact +69600 +70200 1001 2006 1000
a contact +69600 +70200 2002 2004 1000
a contact +69600 +70200 2004 2002 1000
a contact +69600 +70200 2006 1001 1000
a contact +70200 +70300 2006 2008 1000
a contact +70200 +70300 2008 2006 1000
a contact +70900 +71500 2001 9003 1000
a contact +70900 +71500 9003 2001 1000
a contact +72100 +72700 2007 9001 1000
a contact +72100 +72700 9001 2007 1000
a contact +73100 +73300 2001 2003 1000
a contact +73100 +73300 2003 2001 1000
a contact +74500 +75100 2001 2006 1000
a contact +74500 +75100 2006 2001 1000
a contact +75100 +75400 2003 2008 1000
a contact +75100 +75400 2008 2003 1000
a contact +75400 +75600 2004 2006 1000
a contact +75400 +75600 2006 2004 1000
a contact +78200 +78400 2005 9001 1000
a contact +78200 +78400 9001 2005 1000
a contact +78400 +79000 2001 9001 1000
a contact +78400 +79000 9001 2001 1000
a contact +79600 +80200 2001 2007 1000
a contact +79600 +80200 2007 2001 1000
a contact +84400 +84900 2001 9001 1000
a contact +84400 +84900 9001 2001 1000
a contact +85300 +85800 1001 2003 1000
a contact +85300 +85800 2003 1001 1000
a contact +85800 +86400 2003 9002 1000
a contact +85800 +86400 9002 2003 1000

a range +1100 +1600 2002 2004 0.0182
a range +1100 +1600 2004 2002 0.0182
a range +1900 +2100 2002 2007 0.0436
a range +1900 +2100 2007 2002 0.0436
a range +4200 +4800 2004 2008 0.0337
a range +4200 +4800 2008 2004 0.0337
a range +6600 +7200 1001 2008 1102.6868
a range +6600 +7200 2008 1001 1102.6868
a range +8500 +9100 2002 2007 0.0434
a range +8500 +9100 2007 2002 0.0434
a range +9400 +9600 2004 2008 0.0337
a range +9400 +9600 2008 2004 0.0337
a range +11300 +11600 1001 9002 0.0591
a range +11300 +11600 2002 2004 0.0182
a range +11300 +11600 2004 2002 0.0182
a range +11300 +11600 2006 2008 0.0182
a range +11300 +11600 2008 2006 0.0182
a range +11300 +11600 9002 1001 0.0591
a range +13000 +13600 2002 9001 1102.3334
a range +13000 +13600 9001 2002 1102.3334
a range +21600 +22200 2002 2008 0.043
a range +21600 +22200 2008 2002 0.043
a range +22200 +22400 2002 2007 0.0432
a range +22200 +22400 2007 2002 0.0432
a range +22400 +22600 2002 2006 0.0337
a range +22400 +22600 2003 2007 0.0337
a range +22400 +22600 2006 2002 0.0337
a range +22400 +22600 2007 2003 0.0337
a range +22600 +23000 2001 9002 1103.3763
a range +22600 +23000 9002 2001 1103.3763
a range +23800 +24400 2004 2008 0.0337
a range +23800 +24400 2008 2004 0.0337
a range +24400 +25000 2002 2008 0.043
a range +24400 +25000 2008 2002 0.043
a range +25000 +25600 2002 2004 0.0182
a range +25000 +25600 2004 2002 0.0182
a range +25600 +26000 2002 2008 0.043
a range +25600 +26000 2008 2002 0.043
a range +28400 +28800 1001 9002 0.0594
a range +28400 +28800 9002 1001 0.0594
a range +29800 +30400 2004 2008 0.0337
a range +29800 +30400 2008 2004 0.0337
a range +30400 +30500 2003 9003 1103.2098
a range +30400 +30500 9003 2003 1103.2098
a range +33000 +33600 1001 2006 1103.6164
a range +33000 +33600 2001 2007 0.0433
a range +33000 +33600 2006 1001 1103.6164
a range +33000 +33600 2007 2001 0.0433
a range +35400 +35600 2006 2008 0.0182
a range +35400 +35600 2008 2006 0.0182
a range +39300 +39600 2001 2003 0.0182
a range +39300 +39600 2003 2001 0.0182
a range +39300 +39600 2005 9003 1103.9432
a range +39300 +39600 9003 2005 1103.9432
a range +39800 +40400 2006 9003 1103.5823
a range +39800 +40400 9003 2006 1103.5823
a range +41100 +41300 1001 2002 1103.6062
a range +41100 +41300 2002 1001 1103.6062
a range +41100 +41300 2004 9003 1103.5633
a range +41100 +41300 2006 2008 0.0182
a range +41100 +41300 2008 2006 0.0182
a range +41100 +41300 9003 2004 1103.5633
a range +41300 +41900 2003 9003 1103.9278
a range +41300 +41900 9003 2003 1103.9278
a range +42800 +43400 2001 2007 0.0432
a range +42800 +43400 2003 2005 0.0182
a range +42800 +43400 2005 2003 0.0182
a range +42800 +43400 2007 2001 0.0432
a range +46700 +46900 2002 2007 0.0433
a range +46700 +46900 2007 2002 0.0433
a range +46900 +47100 2003 2005 0.0182
a range +46900 +47100 2005 2003 0.0182
a range +47100 +47300 1001 9002 0.0591
a range +47100 +47300 9002 1001 0.0591
a range +47600 +48200 1001 9002 0.0591
a range +47600 +48200 9002 1001 0.0591
a range +48800 +48900 1001 9002 0.0591
a range +48800 +48900 2004 2008 0.0337
a range +48800 +48900 2008 2004 0.0337
a range +48800 +48900 9002 1001 0.0591
a range +50100 +50700 2001 2006 0.0431
a range +50100 +50700 2006 2001 0.0431
a range +50700 +51300 2006 2008 0.0182
a range +50700 +51300 2008 2006 0.0182
a range +53700 +54300 2002 2004 0.0182
a range +53700 +54300 2004 2002 0.0182
a range +54300 +54500 2001 9003 1104.7676
a range +54300 +54500 2006 2008 0.0182
a range +54300 +54500 2008 2006 0.0182
a range +54300 +54500 9003 2001 1104.7676
a range +55000 +55600 2004 9001 1104.2941
a range +55000 +55600 9001 2004 1104.2941
a range +56600 +57000 1001 2007 1104.5028
a range +56600 +57000 2007 1001 1104.5028
a range +57600 +58200 2001 2005 0.0337
a range +57600 +58200 2005 2001 0.0337
a range +58700 +59300 1001 2003 1104.4962
a range +58700 +59300 2003 1001 1104.4962
a range +61900 +62500 1001 2006 1104.3329
a range +61900 +62500 2006 1001 1104.3329
a range +65900 +66000 2004 9001 1104.2941
a range +65900 +66000 9001 2004 1104.2941
a range +67700 +67900 2002 9001 1105.0678
a range +67700 +67900 9001 2002 1105.0678
a range +68100 +68700 2002 2006 0.0337
a range +68100 +68700 2006 2002 0.0337
a range +69300 +69600 2003 9001 1104.6512
a range +69300 +69600 9001 2003 1104.6512
a range +69600 +70200 1001 2006 1104.5166
a range +69600 +70200 2002 2004 0.0182
a range +69600 +70200 2004 2002 0.0182
a range +69600 +70200 2006 1001 1104.5166
a range +70200 +70300 2006 2008 0.0182
a range +70200 +70300 2008 2006 0.0182
a range +70900 +71500 2001 9003 1104.7676
a range +70900 +71500 9003 2001 1104.7676
a range +72100 +72700 2007 9001 1105.0495
a range +72100 +72700 9001 2007 1105.0495
a range +73100 +73300 2001 2003 0.0182
a range +73100 +73300 2003 2001 0.0182
a range +74500 +75100 2001 2006 0.0432
a range +74500 +75100 2006 2001 0.0432
a range +75100 +75400 2003 2008 0.0432
a range +75100 +75400 2008 2003 0.0432
a range +75400 +75600 2004 2006 0.0182
a range +75400 +75600 2006 2004 0.0182
a range +78200 +78400 2005 9001 1105.036
a range +78200 +78400 9001 2005 1105.036
a range +78400 +79000 2001 9001 1105.0474
a range +78400 +79000 9001 2001 1105.0474
a range +79600 +80200 2001 2007 0.0432
a range +79600 +80200 2007 2001 0.0432
a range +84400 +84900 2001 9001 1105.0474
a range +84400 +84900 9001 2001 1105.0474
a range +85300 +85800 1001 2003 1105.0073
a range +85300 +85800 2003 1001 1105.0073
a range +85800 +86400 2003 9002 1105.0424
a range +85800 +86400 9002 2003 1105.0424
