a contact +0 +600 1002 2004 10000
a contact +0 +600 1002 2009 10000
a contact +0 +600 1004 2020 10000
a contact +0 +600 1004 2008 10000
a contact +0 +600 1005 2030 10000
a contact +0 +600 1006 2028 10000
a contact +0 +600 2004 1002 10000
a contact +0 +600 2008 1004 10000
a contact +0 +600 2009 1002 10000
a contact +0 +600 2020 1004 10000
a contact +0 +600 2028 1006 10000
a contact +0 +600 2030 1005 10000
a contact +0 +1200 1001 2014 10000
a contact +600 +1200 1004 2026 10000
a contact +0 +1200 1004 2011 10000
a contact +0 +1200 2011 1004 10000
a contact +0 +1200 2014 1001 10000
a contact +600 +1200 2026 1004 10000
a contact +0 +1800 1002 2006 10000
a contact +0 +1800 1003 2010 10000
a contact +0 +1800 1005 2017 10000
a contact +600 +1800 1006 2030 10000
a contact +0 +1800 2006 1002 10000
a contact +0 +1800 2010 1003 10000
a contact +0 +1800 2017 1005 10000
a contact +600 +1800 2030 1006 10000
a contact +600 +2400 1002 2003 10000
a contact +600 +2400 1002 2022 10000
a contact +1200 +2400 1004 2014 10000
a contact +600 +2400 2003 1002 10000
a contact +1200 +2400 2014 1004 10000
a contact +600 +2400 2022 1002 10000
a contact +2400 +3000 1002 2013 10000
a contact +0 +3000 1003 2002 10000
a contact +0 +3000 2002 1003 10000
a contact +2400 +3000 2013 1002 10000
a contact +0 +3600 1001 2019 10000
a contact +1200 +3600 1001 2008 10000
a contact +1200 +3600 1004 2005 10000
a contact +0 +3600 1005 2024 10000
a contact +600 +3600 1005 2023 10000
a contact +1200 +3600 2005 1004 10000
a contact +1200 +3600 2008 1001 10000
a contact +0 +3600 2019 1001 10000
a contact +600 +3600 2023 1005 10000
a contact +0 +3600 2024 1005 10000
a contact +3600 +4200 1001 2017 10000
a contact +0 +4200 1001 2001 10000
a contact +3000 +4200 1002 2004 10000
a contact +1800 +4200 1003 2030 10000
a contact +0 +4200 1003 2021 10000
a contact +1800 +4200 1006 2026 10000
a contact +0 +4200 1006 2012 10000
a contact +0 +4200 2001 1001 10000
a contact +3000 +4200 2004 1002 10000
a contact +0 +4200 2012 1006 10000
a contact +3600 +4200 2017 1001 10000
a contact +0 +4200 2021 1003 10000
a contact +1800 +4200 2026 1006 10000
a contact +1800 +4200 2030 1003 10000
a contact +3600 +4800 1001 2032 10000
a contact +1800 +4800 1002 2010 10000
a contact +4200 +4800 1002 2026 10000
a contact +2400 +4800 1004 2011 10000
a contact +3600 +4800 1004 2025 10000
a contact +600 +4800 1004 9002 100000
a contact +3600 +4800 1005 2008 10000
a contact +3600 +4800 1005 2009 10000
a contact +4200 +4800 1006 2030 10000
a contact +3600 +4800 2008 1005 10000
a contact +3600 +4800 2009 1005 10000
a contact +1800 +4800 2010 1002 10000
a contact +2400 +4800 2011 1004 10000
a contact +3600 +4800 2025 1004 10000
a contact +4200 +4800 2026 1002 10000
a contact +4200 +4800 2030 1006 10000
a contact +3600 +4800 2032 1001 10000
a contact +600 +4800 9002 1004 100000
a contact +4200 +5400 1001 2019 10000
a contact +2400 +5400 1002 9003 100000
a contact +1800 +5400 1005 2029 10000
a contact +4200 +5400 2019 1001 10000
a contact +1800 +5400 2029 1005 10000
a contact +2400 +5400 9003 1002 100000
a contact +5400 +6000 1001 2004 10000
a contact +4800 +6000 1002 9002 100000
a contact +4800 +6000 1002 2011 10000
a contact +3000 +6000 1003 2007 10000
a contact +4800 +6000 1004 2026 10000
a contact +4800 +6000 1004 2028 10000
a contact +5400 +6000 1005 2030 10000
a contact +4200 +6000 1006 2001 10000
a contact +4200 +6000 2001 1006 10000
a contact +5400 +6000 2004 1001 10000
a contact +3000 +6000 2007 1003 10000
a contact +4800 +6000 2011 1002 10000
a contact +4800 +6000 2026 1004 10000
a contact +4800 +6000 2028 1004 10000
a contact +5400 +6000 2030 1005 10000
a contact +4800 +6000 9002 1002 100000
a contact +4800 +6600 1001 2005 10000
a contact +4200 +6600 1001 2021 10000
a contact +6000 +6600 1001 2023 10000
a contact +6000 +6600 1002 9001 100000
a contact +6000 +6600 1002 2029 10000
a contact +4800 +6600 1005 2024 10000
a contact +6000 +6600 1005 2018 10000
a contact +0 +6600 1006 2027 10000
a contact +4800 +6600 1006 2025 10000
a contact +4800 +6600 2005 1001 10000
a contact +6000 +6600 2018 1005 10000
a contact +4200 +6600 2021 1001 10000
a contact +6000 +6600 2023 1001 10000
a contact +4800 +6600 2024 1005 10000
a contact +4800 +6600 2025 1006 10000
a contact +0 +6600 2027 1006 10000
a contact +6000 +6600 2029 1002 10000
a contact +6000 +6600 9001 1002 100000
a contact +6600 +7200 1002 9002 100000
a contact +4800 +7200 1004 2006 10000
a contact +4800 +7200 2006 1004 10000
a contact +6600 +7200 9002 1002 100000
a contact +6600 +7800 1001 2008 10000
a contact +6600 +7800 1002 9004 100000
a contact +6600 +7800 2008 1001 10000
a contact +6600 +7800 9004 1002 100000
a contact +7800 +8400 1001 2011 10000
a contact +6600 +8400 1001 2028 10000
a contact +6600 +8400 1001 2030 10000
a contact +6600 +8400 1005 2032 10000
a contact +6000 +8400 1006 2031 10000
a contact +7800 +8400 2011 1001 10000
a contact +6600 +8400 2028 1001 10000
a contact +6600 +8400 2030 1001 10000
a contact +6000 +8400 2031 1006 10000
a contact +6600 +8400 2032 1005 10000
a contact +5400 +9000 1002 2010 10000
a contact +5400 +9000 2010 1002 10000
a contact +6000 +9600 1003 2001 10000
a contact +4200 +9600 1003 2017 10000
a contact +6000 +9600 2001 1003 10000
a contact +4200 +9600 2017 1003 10000
a contact +7800 +10200 1002 2004 10000
a contact +7800 +10200 2004 1002 10000
a contact +4800 +10800 1005 2003 10000
a contact +4800 +10800 2003 1005 10000
a contact +8400 +11400 1001 2013 10000
a contact +8400 +11400 1001 2032 10000
a contact +9000 +11400 1002 2014 10000
a contact +7200 +11400 1002 2023 10000
a contact +10200 +11400 1002 9002 100000
a contact +4200 +11400 1003 2022 10000
a contact +9600 +11400 1003 9004 100000
a contact +7200 +11400 1004 2016 10000
a contact +6000 +11400 1004 2019 10000
a contact +6000 +11400 1004 2012 10000
a contact +6600 +11400 1005 2020 10000
a contact +8400 +11400 1005 2005 10000
a contact +8400 +11400 2005 1005 10000
a contact +6000 +11400 2012 1004 10000
a contact +8400 +11400 2013 1001 10000
a contact +9000 +11400 2014 1002 10000
a contact +7200 +11400 2016 1004 10000
a contact +6000 +11400 2019 1004 10000
a contact +6600 +11400 2020 1005 10000
a contact +4200 +11400 2022 1003 10000
a contact +7200 +11400 2023 1002 10000
a contact +8400 +11400 2032 1001 10000
a contact +10200 +11400 9002 1002 100000
a contact +9600 +11400 9004 1003 100000
a contact +6600 +12000 1006 9003 100000
a contact +6600 +12000 9003 1006 100000
a contact +11400 +12600 1001 2017 10000
a contact +8400 +12600 1001 2011 10000
a contact +11400 +12600 1002 2003 10000
a contact +10800 +12600 1005 2010 10000
a contact +8400 +12600 1006 9001 100000
a contact +11400 +12600 2003 1002 10000
a contact +10800 +12600 2010 1005 10000
a contact +8400 +12600 2011 1001 10000
a contact +11400 +12600 2017 1001 10000
a contact +8400 +12600 9001 1006 100000
a contact +11400 +13200 1001 2027 10000
a contact +12600 +13200 1001 9003 100000
a contact +11400 +13200 1002 2019 10000
a contact +11400 +13200 1004 2028 10000
a contact +12600 +13200 1005 2011 10000
a contact +12600 +13200 2011 1005 10000
a contact +11400 +13200 2019 1002 10000
a contact +11400 +13200 2027 1001 10000
a contact +11400 +13200 2028 1004 10000
a contact +12600 +13200 9003 1001 100000
a contact +11400 +13800 1003 2012 10000
a contact +11400 +13800 1004 2005 10000
a contact +13200 +13800 1005 2008 10000
a contact +11400 +13800 2005 1004 10000
a contact +13200 +13800 2008 1005 10000
a contact +11400 +13800 2012 1003 10000
a contact +13200 +14400 1001 2022 10000
a contact +13200 +14400 1001 2031 10000
a contact +12600 +14400 1002 2032 10000
a contact +13200 +14400 2022 1001 10000
a contact +13200 +14400 2031 1001 10000
a contact +12600 +14400 2032 1002 10000
a contact +12600 +15000 1001 9001 100000
a contact +13800 +15000 1003 2018 10000
a contact +12600 +15000 1006 2001 10000
a contact +12600 +15000 2001 1006 10000
a contact +13800 +15000 2018 1003 10000
a contact +12600 +15000 9001 1001 100000
a contact +14400 +15600 1001 2011 10000
a contact +13200 +15600 1002 2007 10000
a contact +14400 +15600 1002 2015 10000
a contact +9600 +15600 1003 2021 10000
a contact +13800 +15600 1005 2019 10000
a contact +13200 +15600 2007 1002 10000
a contact +14400 +15600 2011 1001 10000
a contact +14400 +15600 2015 1002 10000
a contact +13800 +15600 2019 1005 10000
a contact +9600 +15600 2021 1003 10000
a contact +15600 +16200 1001 2003 10000
a contact +15000 +16200 1001 2031 10000
a contact +15600 +16200 1002 2008 10000
a contact +15600 +16200 2003 1001 10000
a contact +15600 +16200 2008 1002 10000
a contact +15000 +16200 2031 1001 10000
a contact +13800 +16800 1004 2009 10000
a contact +11400 +16800 1005 2016 10000
a contact +13800 +16800 2009 1004 10000
a contact +11400 +16800 2016 1005 10000
a contact +16200 +17400 1002 2002 10000
a contact +11400 +17400 1005 2030 10000
a contact +16200 +17400 2002 1002 10000
a contact +11400 +17400 2030 1005 10000
a contact +17400 +18000 1002 2028 10000
a contact +11400 +18000 1003 2020 10000
a contact +12000 +18000 1006 2006 10000
a contact +12000 +18000 2006 1006 10000
a contact +11400 +18000 2020 1003 10000
a contact +17400 +18000 2028 1002 10000
a contact +16200 +19200 1001 9002 100000
a contact +17400 +19200 1005 2019 10000
a contact +17400 +19200 2019 1005 10000
a contact +16200 +19200 9002 1001 100000
a contact +14400 +19800 1001 9004 100000
a contact +14400 +19800 9004 1001 100000
a contact +11400 +20400 1002 2014 10000
a contact +16800 +20400 1005 2029 10000
a contact +15600 +20400 1005 2021 10000
a contact +11400 +20400 2014 1002 10000
a contact +15600 +20400 2021 1005 10000
a contact +16800 +20400 2029 1005 10000
a contact +15000 +21000 1003 2004 10000
a contact +20400 +21000 1005 9001 100000
a contact +19200 +21000 1005 2022 10000
a contact +15000 +21000 1006 2010 10000
a contact +18000 +21000 1006 2005 10000
a contact +15000 +21000 2004 1003 10000
a contact +18000 +21000 2005 1006 10000
a contact +15000 +21000 2010 1006 10000
a contact +19200 +21000 2022 1005 10000
a contact +20400 +21000 9001 1005 100000
a contact +18000 +21600 1003 2013 10000
a contact +11400 +21600 1004 2023 10000
a contact +13200 +21600 1004 2017 10000
a contact +16800 +21600 1004 2032 10000
a contact +20400 +21600 1005 9004 100000
a contact +18000 +21600 2013 1003 10000
a contact +13200 +21600 2017 1004 10000
a contact +11400 +21600 2023 1004 10000
a contact +16800 +21600 2032 1004 10000
a contact +20400 +21600 9004 1005 100000
a contact +15600 +22200 1002 2024 10000
a contact +21600 +22200 1004 2029 10000
a contact +21000 +22200 1005 9001 100000
a contact +21000 +22200 1006 2005 10000
a contact +21000 +22200 2005 1006 10000
a contact +15600 +22200 2024 1002 10000
a contact +21600 +22200 2029 1004 10000
a contact +21000 +22200 9001 1005 100000
a contact +21000 +22800 1003 2031 10000
a contact +21000 +22800 1006 2026 10000
a contact +21000 +22800 2026 1006 10000
a contact +21000 +22800 2031 1003 10000
a contact +16200 +23400 1001 2027 10000
a contact +21600 +23400 1004 2028 10000
a contact +21000 +23400 1005 2008 10000
a contact +21000 +23400 2008 1005 10000
a contact +16200 +23400 2027 1001 10000
a contact +21600 +23400 2028 1004 10000
a contact +23400 +24000 1001 2005 10000
a contact +19200 +24000 1001 2009 10000
a contact +20400 +24000 1002 2021 10000
a contact +23400 +24000 1004 2003 10000
a contact +22200 +24000 1005 2013 10000
a contact +23400 +24000 2003 1004 10000
a contact +23400 +24000 2005 1001 10000
a contact +19200 +24000 2009 1001 10000
a contact +22200 +24000 2013 1005 10000
a contact +20400 +24000 2021 1002 10000
a contact +24000 +24600 1001 2016 10000
a contact +21600 +24600 1003 2004 10000
a contact +24000 +24600 1005 2028 10000
a contact +21600 +24600 2004 1003 10000
a contact +24000 +24600 2016 1001 10000
a contact +24000 +24600 2028 1005 10000
a contact +19800 +25200 1001 2002 10000
a contact +18000 +25200 1002 2006 10000
a contact +24600 +25200 1003 2020 10000
a contact +21600 +25200 1004 2023 10000
a contact +23400 +25200 1005 2019 10000
a contact +19800 +25200 2002 1001 10000
a contact +18000 +25200 2006 1002 10000
a contact +23400 +25200 2019 1005 10000
a contact +24600 +25200 2020 1003 10000
a contact +21600 +25200 2023 1004 10000
a contact +24000 +25800 1001 2027 10000
a contact +24000 +25800 1004 2021 10000
a contact +21600 +25800 1005 2017 10000
a contact +21600 +25800 2017 1005 10000
a contact +24000 +25800 2021 1004 10000
a contact +24000 +25800 2027 1001 10000
a contact +24600 +26400 1001 2031 10000
a contact +25200 +26400 1002 2012 10000
a contact +25200 +26400 1003 2028 10000
a contact +15600 +26400 1003 2018 10000
a contact +25800 +26400 1004 9004 100000
a contact +25800 +26400 1005 2002 10000
a contact +25800 +26400 2002 1005 10000
a contact +25200 +26400 2012 1002 10000
a contact +15600 +26400 2018 1003 10000
a contact +25200 +26400 2028 1003 10000
a contact +24600 +26400 2031 1001 10000
a contact +25800 +26400 9004 1004 100000
a contact +25200 +27000 1001 2014 10000
a contact +25800 +27000 1001 2016 10000
a contact +24000 +27000 1002 2005 10000
a contact +26400 +27000 1003 2011 10000
a contact +22200 +27000 1004 9002 100000
a contact +26400 +27000 1005 2018 10000
a contact +6600 +27000 1006 2025 10000
a contact +24000 +27000 2005 1002 10000
a contact +26400 +27000 2011 1003 10000
a contact +25200 +27000 2014 1001 10000
a contact +25800 +27000 2016 1001 10000
a contact +26400 +27000 2018 1005 10000
a contact +6600 +27000 2025 1006 10000
a contact +22200 +27000 9002 1004 100000
a contact +27000 +27600 1003 2028 10000
a contact +27000 +27600 2028 1003 10000
a contact +27000 +28200 1001 2026 10000
a contact +26400 +28200 1001 2009 10000
a contact +26400 +28200 1003 2003 10000
a contact +27600 +28200 1003 2011 10000
a contact +25200 +28200 1004 2024 10000
a contact +27000 +28200 1004 2012 10000
a contact +26400 +28200 2003 1003 10000
a contact +26400 +28200 2009 1001 10000
a contact +27600 +28200 2011 1003 10000
a contact +27000 +28200 2012 1004 10000
a contact +25200 +28200 2024 1004 10000
a contact +27000 +28200 2026 1001 10000
a contact +24600 +28800 1005 2004 10000
a contact +24600 +28800 2004 1005 10000
a contact +27000 +29400 1002 2018 10000
a contact +27000 +29400 2018 1002 10000
a contact +28200 +30000 1003 9003 100000
a contact +28200 +30000 9003 1003 100000
a contact +29400 +30600 1002 2023 10000
a contact +22800 +30600 1006 2022 10000
a contact +22800 +30600 2022 1006 10000
a contact +29400 +30600 2023 1002 10000
a contact +28200 +31200 1001 2003 10000
a contact +27000 +31200 1001 2032 10000
a contact +28200 +31200 1003 2002 10000
a contact +22800 +31200 1003 2030 10000
a contact +26400 +31200 1004 2006 10000
a contact +28200 +31200 1004 2031 10000
a contact +27000 +31200 1006 2020 10000
a contact +22200 +31200 1006 2007 10000
a contact +28200 +31200 2002 1003 10000
a contact +28200 +31200 2003 1001 10000
a contact +26400 +31200 2006 1004 10000
a contact +22200 +31200 2007 1006 10000
a contact +27000 +31200 2020 1006 10000
a contact +22800 +31200 2030 1003 10000
a contact +28200 +31200 2031 1004 10000
a contact +27000 +31200 2032 1001 10000
a contact +31200 +31800 1001 2008 10000
a contact +26400 +31800 1002 9001 100000
a contact +31200 +31800 1004 2009 10000
a contact +31200 +31800 1004 2007 10000
a contact +25200 +31800 1005 2013 10000
a contact +31200 +31800 2007 1004 10000
a contact +31200 +31800 2008 1001 10000
a contact +31200 +31800 2009 1004 10000
a contact +25200 +31800 2013 1005 10000
a contact +26400 +31800 9001 1002 100000
a contact +31800 +32400 1001 2032 10000
a contact +31200 +32400 1003 2030 10000
a contact +31800 +32400 1004 2020 10000
a contact +28200 +32400 1004 2001 10000
a contact +31800 +32400 1005 2018 10000
a contact +31200 +32400 1006 2006 10000
a contact +31200 +32400 1006 2002 10000
a contact +28200 +32400 2001 1004 10000
a contact +31200 +32400 2002 1006 10000
a contact +31200 +32400 2006 1006 10000
a contact +31800 +32400 2018 1005 10000
a contact +31800 +32400 2020 1004 10000
a contact +31200 +32400 2030 1003 10000
a contact +31800 +32400 2032 1001 10000
a contact +31200 +33000 1001 2016 10000
a contact +32400 +33000 1003 2012 10000
a contact +31800 +33000 1004 2013 10000
a contact +32400 +33000 1006 9001 100000
a contact +30600 +33000 1006 9003 100000
a contact +32400 +33000 2012 1003 10000
a contact +31800 +33000 2013 1004 10000
a contact +31200 +33000 2016 1001 10000
a contact +32400 +33000 9001 1006 100000
a contact +30600 +33000 9003 1006 100000
a contact +33000 +33600 1001 2008 10000
a contact +32400 +33600 1001 2024 10000
a contact +28200 +33600 1001 2026 10000
a contact +22200 +33600 1002 2029 10000
a contact +31200 +33600 1003 2015 10000
a contact +32400 +33600 1004 2031 10000
a contact +32400 +33600 1006 2002 10000
a contact +33000 +33600 1006 2021 10000
a contact +32400 +33600 2002 1006 10000
a contact +33000 +33600 2008 1001 10000
a contact +31200 +33600 2015 1003 10000
a contact +33000 +33600 2021 1006 10000
a contact +32400 +33600 2024 1001 10000
a contact +28200 +33600 2026 1001 10000
a contact +22200 +33600 2029 1002 10000
a contact +32400 +33600 2031 1004 10000
a contact +33600 +34200 1006 9001 100000
a contact +33000 +34200 1006 9002 100000
a contact +33600 +34200 9001 1006 100000
a contact +33000 +34200 9002 1006 100000
a contact +33600 +34800 1001 2031 10000
a contact +30600 +34800 1002 9004 100000
a contact +33600 +34800 1006 2006 10000
a contact +33600 +34800 2006 1006 10000
a contact +33600 +34800 2031 1001 10000
a contact +30600 +34800 9004 1002 100000
a contact +33600 +35400 1001 2017 10000
a contact +33000 +35400 1003 2009 10000
a contact +33600 +35400 1004 2007 10000
a contact +32400 +35400 1004 2014 10000
a contact +32400 +35400 1005 2010 10000
a contact +33600 +35400 2007 1004 10000
a contact +33000 +35400 2009 1003 10000
a contact +32400 +35400 2010 1005 10000
a contact +32400 +35400 2014 1004 10000
a contact +33600 +35400 2017 1001 10000
a contact +33600 +36000 1001 2023 10000
a contact +34800 +36000 1001 2016 10000
a contact +34800 +36000 1002 2029 10000
a contact +33600 +36000 1003 2022 10000
a contact +33000 +36000 1004 2020 10000
a contact +34800 +36000 1006 9004 100000
a contact +34800 +36000 2016 1001 10000
a contact +33000 +36000 2020 1004 10000
a contact +33600 +36000 2022 1003 10000
a contact +33600 +36000 2023 1001 10000
a contact +34800 +36000 2029 1002 10000
a contact +34800 +36000 9004 1006 100000
a contact +36000 +36600 1002 2031 10000
a contact +35400 +36600 1003 2010 10000
a contact +36000 +36600 1004 9003 100000
a contact +28800 +36600 1005 2027 10000
a contact +34200 +36600 1006 2013 10000
a contact +36000 +36600 1006 2020 10000
a contact +35400 +36600 2010 1003 10000
a contact +34200 +36600 2013 1006 10000
a contact +36000 +36600 2020 1006 10000
a contact +28800 +36600 2027 1005 10000
a contact +36000 +36600 2031 1002 10000
a contact +36000 +36600 9003 1004 100000
a contact +36000 +37200 1001 2012 10000
a contact +31800 +37200 1002 2028 10000
a contact +36600 +37200 1002 2032 10000
a contact +36600 +37200 1004 9001 100000
a contact +36000 +37200 2012 1001 10000
a contact +31800 +37200 2028 1002 10000
a contact +36600 +37200 2032 1002 10000
a contact +36600 +37200 9001 1004 100000
a contact +35400 +37800 1001 2001 10000
a contact +36000 +37800 1001 2026 10000
a contact +37200 +37800 1001 2011 10000
a contact +37200 +37800 1002 2030 10000
a contact +37200 +37800 1002 2007 10000
a contact +36000 +37800 1003 2018 10000
a contact +36600 +37800 1006 2023 10000
a contact +35400 +37800 2001 1001 10000
a contact +37200 +37800 2007 1002 10000
a contact +37200 +37800 2011 1001 10000
a contact +36000 +37800 2018 1003 10000
a contact +36600 +37800 2023 1006 10000
a contact +36000 +37800 2026 1001 10000
a contact +37200 +37800 2030 1002 10000
a contact +37800 +38400 1001 9002 100000
a contact +37200 +38400 1004 2012 10000
a contact +37800 +38400 1006 9003 100000
a contact +37200 +38400 2012 1004 10000
a contact +37800 +38400 9002 1001 100000
a contact +37800 +38400 9003 1006 100000
a contact +38400 +39000 1001 2032 10000
a contact +37800 +39000 1001 9004 100000
a contact +35400 +39000 1004 2024 10000
a contact +35400 +39000 2024 1004 10000
a contact +38400 +39000 2032 1001 10000
a contact +37800 +39000 9004 1001 100000
a contact +35400 +39600 1004 2017 10000
a contact +38400 +39600 1004 2011 10000
a contact +27000 +39600 1005 2025 10000
a contact +38400 +39600 2011 1004 10000
a contact +35400 +39600 2017 1004 10000
a contact +27000 +39600 2025 1005 10000
a contact +37800 +40200 1001 2016 10000
a contact +39600 +40200 1004 9004 100000
a contact +39600 +40200 1004 9001 100000
a contact +37800 +40200 2016 1001 10000
a contact +39600 +40200 9001 1004 100000
a contact +39600 +40200 9004 1004 100000
a contact +33600 +40800 1002 2005 10000
a contact +33600 +40800 2005 1002 10000
a contact +40200 +41400 1001 9001 100000
a contact +39000 +41400 1001 2002 10000
a contact +36600 +41400 1003 2020 10000
a contact +30000 +41400 1003 2004 10000
a contact +39000 +41400 1004 2026 10000
a contact +35400 +41400 1005 2019 10000
a contact +36600 +41400 1005 2010 10000
a contact +36600 +41400 1006 2003 10000
a contact +34200 +41400 1006 2015 10000
a contact +39000 +41400 2002 1001 10000
a contact +36600 +41400 2003 1006 10000
a contact +30000 +41400 2004 1003 10000
a contact +36600 +41400 2010 1005 10000
a contact +34200 +41400 2015 1006 10000
a contact +35400 +41400 2019 1005 10000
a contact +36600 +41400 2020 1003 10000
a contact +39000 +41400 2026 1004 10000
a contact +40200 +41400 9001 1001 100000
a contact +37800 +42000 1002 2031 10000
a contact +41400 +42000 1003 2024 10000
a contact +37800 +42000 1003 2008 10000
a contact +40200 +42000 1004 2029 10000
a contact +41400 +42000 1005 2016 10000
a contact +38400 +42000 1006 2021 10000
a contact +37800 +42000 2008 1003 10000
a contact +41400 +42000 2016 1005 10000
a contact +38400 +42000 2021 1006 10000
a contact +41400 +42000 2024 1003 10000
a contact +40200 +42000 2029 1004 10000
a contact +37800 +42000 2031 1002 10000
a contact +39000 +42600 1001 9002 100000
a contact +37800 +42600 1002 2023 10000
a contact +39600 +42600 1005 2009 10000
a contact +39600 +42600 2009 1005 10000
a contact +37800 +42600 2023 1002 10000
a contact +39000 +42600 9002 1001 100000
a contact +42600 +43800 1001 2011 10000
a contact +41400 +43800 1001 9003 100000
a contact +42600 +43800 1002 2010 10000
a contact +42000 +43800 1003 2012 10000
a contact +40200 +43800 1004 2014 10000
a contact +42600 +43800 1005 2022 10000
a contact +41400 +43800 1005 2020 10000
a contact +42600 +43800 2010 1002 10000
a contact +42600 +43800 2011 1001 10000
a contact +42000 +43800 2012 1003 10000
a contact +40200 +43800 2014 1004 10000
a contact +41400 +43800 2020 1005 10000
a contact +42600 +43800 2022 1005 10000
a contact +41400 +43800 9003 1001 100000
a contact +42000 +45600 1004 2016 10000
a contact +42000 +45600 1005 9001 100000
a contact +43800 +45600 1005 2003 10000
a contact +43800 +45600 2003 1005 10000
a contact +42000 +45600 2016 1004 10000
a contact +42000 +45600 9001 1005 100000
a contact +41400 +46200 1001 2026 10000
a contact +43800 +46200 1004 2006 10000
a contact +43800 +46200 2006 1004 10000
a contact +41400 +46200 2026 1001 10000
a contact +41400 +46800 1003 2032 10000
a contact +41400 +46800 2032 1003 10000
a contact +46200 +47400 1001 2031 10000
a contact +46800 +47400 1003 2008 10000
a contact +45600 +47400 1004 2024 10000
a contact +45600 +47400 1005 9002 100000
a contact +43800 +47400 1005 9004 100000
a contact +41400 +47400 1006 2019 10000
a contact +46800 +47400 2008 1003 10000
a contact +41400 +47400 2019 1006 10000
a contact +45600 +47400 2024 1004 10000
a contact +46200 +47400 2031 1001 10000
a contact +45600 +47400 9002 1005 100000
a contact +43800 +47400 9004 1005 100000
a contact +47400 +48000 1003 2032 10000
a contact +47400 +48000 1005 9004 100000
a contact +47400 +48000 1005 9002 100000
a contact +47400 +48000 2032 1003 10000
a contact +47400 +48000 9002 1005 100000
a contact +47400 +48000 9004 1005 100000
a contact +45600 +49200 1005 2030 10000
a contact +45600 +49200 2030 1005 10000
a contact +48000 +49800 1003 2001 10000
a contact +48000 +49800 1005 9002 100000
a contact +48000 +49800 2001 1003 10000
a contact +48000 +49800 9002 1005 100000
a contact +43800 +50400 1001 2022 10000
a contact +43800 +50400 1003 2013 10000
a contact +49800 +50400 1003 9003 100000
a contact +43800 +50400 2013 1003 10000
a contact +43800 +50400 2022 1001 10000
a contact +49800 +50400 9003 1003 100000
a contact +43800 +51000 1001 2014 10000
a contact +43800 +51000 1002 2018 10000
a contact +40800 +51000 1002 2027 10000
a contact +42000 +51000 1002 2015 10000
a contact +42000 +51000 1003 2029 10000
a contact +47400 +51000 1004 2008 10000
a contact +46200 +51000 1004 2016 10000
a contact +41400 +51000 1004 2025 10000
a contact +49800 +51000 1005 2031 10000
a contact +42000 +51000 1006 2002 10000
a contact +47400 +51000 1006 2011 10000
a contact +42000 +51000 2002 1006 10000
a contact +47400 +51000 2008 1004 10000
a contact +47400 +51000 2011 1006 10000
a contact +43800 +51000 2014 1001 10000
a contact +42000 +51000 2015 1002 10000
a contact +46200 +51000 2016 1004 10000
a contact +43800 +51000 2018 1002 10000
a contact +41400 +51000 2025 1004 10000
a contact +40800 +51000 2027 1002 10000
a contact +42000 +51000 2029 1003 10000
a contact +49800 +51000 2031 1005 10000
a contact +51000 +51600 1005 9002 100000
a contact +48000 +51600 1005 9004 100000
a contact +41400 +51600 1006 2028 10000
a contact +41400 +51600 2028 1006 10000
a contact +51000 +51600 9002 1005 100000
a contact +48000 +51600 9004 1005 100000
a contact +51000 +52200 1001 2009 10000
a contact +50400 +52200 1001 2021 10000
a contact +51000 +52200 1002 2020 10000
a contact +51000 +52200 1004 2029 10000
a contact +51000 +52200 2009 1001 10000
a contact +51000 +52200 2020 1002 10000
a contact +50400 +52200 2021 1001 10000
a contact +51000 +52200 2029 1004 10000
a contact +52200 +52800 1001 2019 10000
a contact +52200 +52800 1002 2031 10000
a contact +51000 +52800 1004 2007 10000
a contact +51000 +52800 2007 1004 10000
a contact +52200 +52800 2019 1001 10000
a contact +52200 +52800 2031 1002 10000
a contact +52800 +53400 1001 2031 10000
a contact +51600 +53400 1005 2013 10000
a contact +51000 +53400 1006 2025 10000
a contact +51600 +53400 1006 2014 10000
a contact +51600 +53400 2013 1005 10000
a contact +51600 +53400 2014 1006 10000
a contact +51000 +53400 2025 1006 10000
a contact +52800 +53400 2031 1001 10000
a contact +47400 +54000 1001 2004 10000
a contact +52200 +54000 1001 2003 10000
a contact +51000 +54000 1004 2023 10000
a contact +52200 +54000 1004 2018 10000
a contact +51600 +54000 1005 2010 10000
a contact +52200 +54000 2003 1001 10000
a contact +47400 +54000 2004 1001 10000
a contact +51600 +54000 2010 1005 10000
a contact +52200 +54000 2018 1004 10000
a contact +51000 +54000 2023 1004 10000
a contact +54000 +54600 1004 2003 10000
a contact +52800 +54600 1004 2011 10000
a contact +53400 +54600 1006 2014 10000
a contact +53400 +54600 1006 2031 10000
a contact +54000 +54600 2003 1004 10000
a contact +52800 +54600 2011 1004 10000
a contact +53400 +54600 2014 1006 10000
a contact +53400 +54600 2031 1006 10000
a contact +52800 +55200 1002 9004 100000
a contact +51000 +55200 1003 2012 10000
a contact +51000 +55200 2012 1003 10000
a contact +52800 +55200 9004 1002 100000
a contact +54000 +55800 1001 2018 10000
a contact +54000 +55800 1001 2029 10000
a contact +53400 +55800 1001 2006 10000
a contact +54600 +55800 1004 2003 10000
a contact +54600 +55800 1006 2001 10000
a contact +54600 +55800 2001 1006 10000
a contact +54600 +55800 2003 1004 10000
a contact +53400 +55800 2006 1001 10000
a contact +54000 +55800 2018 1001 10000
a contact +54000 +55800 2029 1001 10000
a contact +55200 +56400 1003 2014 10000
a contact +54600 +56400 1004 2021 10000
a contact +49200 +56400 1005 2026 10000
a contact +54000 +56400 1005 2009 10000
a contact +51000 +56400 1006 2008 10000
a contact +51000 +56400 2008 1006 10000
a contact +54000 +56400 2009 1005 10000
a contact +55200 +56400 2014 1003 10000
a contact +54600 +56400 2021 1004 10000
a contact +49200 +56400 2026 1005 10000
a contact +55800 +57000 1001 2001 10000
a contact +55800 +57000 1001 2002 10000
a contact +55800 +57000 1001 2018 10000
a contact +56400 +57000 1003 9004 100000
a contact +54600 +57000 1006 2004 10000
a contact +55800 +57000 1006 9001 100000
a contact +55800 +57000 2001 1001 10000
a contact +55800 +57000 2002 1001 10000
a contact +54600 +57000 2004 1006 10000
a contact +55800 +57000 2018 1001 10000
a contact +55800 +57000 9001 1006 100000
a contact +56400 +57000 9004 1003 100000
a contact +57000 +57600 1001 9001 100000
a contact +50400 +57600 1003 2024 10000
a contact +55800 +57600 1004 2029 10000
a contact +56400 +57600 1005 2030 10000
a contact +50400 +57600 2024 1003 10000
a contact +55800 +57600 2029 1004 10000
a contact +56400 +57600 2030 1005 10000
a contact +57000 +57600 9001 1001 100000
a contact +51000 +59400 1002 2015 10000
a contact +50400 +59400 1003 2005 10000
a contact +50400 +59400 2005 1003 10000
a contact +51000 +59400 2015 1002 10000
a contact +57000 +60000 1001 2001 10000
a contact +57600 +60000 1004 2008 10000
a contact +56400 +60000 1005 2028 10000
a contact +56400 +60000 1006 9003 100000
a contact +57000 +60000 2001 1001 10000
a contact +57600 +60000 2008 1004 10000
a contact +56400 +60000 2028 1005 10000
a contact +56400 +60000 9003 1006 100000
a contact +57000 +60600 1001 2023 10000
a contact +57600 +60600 1001 2020 10000
a contact +51000 +60600 1002 2016 10000
a contact +57000 +60600 1003 2012 10000
a contact +54000 +60600 1004 2027 10000
a contact +57600 +60600 1005 2019 10000
a contact +53400 +60600 1005 2017 10000
a contact +57000 +60600 1006 2031 10000
a contact +57000 +60600 1006 2007 10000
a contact +57000 +60600 2007 1006 10000
a contact +57000 +60600 2012 1003 10000
a contact +51000 +60600 2016 1002 10000
a contact +53400 +60600 2017 1005 10000
a contact +57600 +60600 2019 1005 10000
a contact +57600 +60600 2020 1001 10000
a contact +57000 +60600 2023 1001 10000
a contact +54000 +60600 2027 1004 10000
a contact +57000 +60600 2031 1006 10000
a contact +60600 +61200 1001 2031 10000
a contact +59400 +61200 1002 2005 10000
a contact +59400 +61200 2005 1002 10000
a contact +60600 +61200 2031 1001 10000
a contact +60000 +61800 1001 2030 10000
a contact +61200 +61800 1001 2008 10000
a contact +60600 +61800 1004 9004 100000
a contact +56400 +61800 1004 2013 10000
a contact +60000 +61800 1006 2028 10000
a contact +61200 +61800 2008 1001 10000
a contact +56400 +61800 2013 1004 10000
a contact +60000 +61800 2028 1006 10000
a contact +60000 +61800 2030 1001 10000
a contact +60600 +61800 9004 1004 100000
a contact +60600 +62400 1002 2007 10000
a contact +55200 +62400 1002 2025 10000
a contact +60600 +62400 1005 2027 10000
a contact +60600 +62400 1005 2029 10000
a contact +60600 +62400 1006 2015 10000
a contact +61800 +62400 1006 9001 100000
a contact +60600 +62400 2007 1002 10000
a contact +60600 +62400 2015 1006 10000
a contact +55200 +62400 2025 1002 10000
a contact +60600 +62400 2027 1005 10000
a contact +60600 +62400 2029 1005 10000
a contact +61800 +62400 9001 1006 100000
a contact +61800 +63000 1001 2003 10000
a contact +61800 +63000 1001 2030 10000
a contact +62400 +63000 1002 2015 10000
a contact +60000 +63000 1004 2002 10000
a contact +60000 +63000 2002 1004 10000
a contact +61800 +63000 2003 1001 10000
a contact +62400 +63000 2015 1002 10000
a contact +61800 +63000 2030 1001 10000
a contact +62400 +63600 1002 2011 10000
a contact +61800 +63600 1004 2013 10000
a contact +62400 +63600 1005 2001 10000
a contact +62400 +63600 1006 2028 10000
a contact +60600 +63600 1006 2032 10000
a contact +62400 +63600 2001 1005 10000
a contact +62400 +63600 2011 1002 10000
a contact +61800 +63600 2013 1004 10000
a contact +62400 +63600 2028 1006 10000
a contact +60600 +63600 2032 1006 10000
a contact +63000 +64200 1001 2027 10000
a contact +60600 +64200 1003 2017 10000
a contact +62400 +64200 1005 2020 10000
a contact +62400 +64200 1006 2024 10000
a contact +63600 +64200 1006 2011 10000
a contact +63600 +64200 2011 1006 10000
a contact +60600 +64200 2017 1003 10000
a contact +62400 +64200 2020 1005 10000
a contact +62400 +64200 2024 1006 10000
a contact +63000 +64200 2027 1001 10000
a contact +63000 +64800 1001 2026 10000
a contact +63600 +64800 1002 2005 10000
a contact +63000 +64800 1002 2031 10000
a contact +63600 +64800 1004 2028 10000
a contact +61800 +64800 1004 9004 100000
a contact +63000 +64800 1004 2030 10000
a contact +64200 +64800 1005 2007 10000
a contact +60000 +64800 1005 2021 10000
a contact +63600 +64800 2005 1002 10000
a contact +64200 +64800 2007 1005 10000
a contact +60000 +64800 2021 1005 10000
a contact +63000 +64800 2026 1001 10000
a contact +63600 +64800 2028 1004 10000
a contact +63000 +64800 2030 1004 10000
a contact +63000 +64800 2031 1002 10000
a contact +61800 +64800 9004 1004 100000
a contact +60600 +65400 1001 2019 10000
a contact +64200 +65400 1001 2029 10000
a contact +61200 +65400 1002 2023 10000
a contact +60600 +65400 2019 1001 10000
a contact +61200 +65400 2023 1002 10000
a contact +64200 +65400 2029 1001 10000
a contact +65400 +66000 1002 9003 100000
a contact +64800 +66000 1002 2028 10000
a contact +64800 +66000 1004 9002 100000
a contact +64800 +66000 1005 2031 10000
a contact +63600 +66000 1005 2032 10000
a contact +63600 +66000 1006 2006 10000
a contact +63600 +66000 2006 1006 10000
a contact +64800 +66000 2028 1002 10000
a contact +64800 +66000 2031 1005 10000
a contact +63600 +66000 2032 1005 10000
a contact +64800 +66000 9002 1004 100000
a contact +65400 +66000 9003 1002 100000
a contact +65400 +66600 1001 2010 10000
a contact +64800 +66600 1001 2007 10000
a contact +64800 +66600 1002 2005 10000
a contact +64800 +66600 1004 2030 10000
a contact +66000 +66600 1006 2028 10000
a contact +64800 +66600 2005 1002 10000
a contact +64800 +66600 2007 1001 10000
a contact +65400 +66600 2010 1001 10000
a contact +66000 +66600 2028 1006 10000
a contact +64800 +66600 2030 1004 10000
a contact +65400 +67200 1001 2008 10000
a contact +66000 +67200 1005 2012 10000
a contact +65400 +67200 2008 1001 10000
a contact +66000 +67200 2012 1005 10000
a contact +59400 +67800 1003 2004 10000
a contact +67200 +67800 1005 9002 100000
a contact +59400 +67800 2004 1003 10000
a contact +67200 +67800 9002 1005 100000
a contact +64200 +69600 1006 2024 10000
a contact +64200 +69600 2024 1006 10000
a contact +66600 +70200 1001 2031 10000
a contact +66000 +70200 1002 2029 10000
a contact +64200 +70200 1003 2003 10000
a contact +66000 +70200 1004 2002 10000
a contact +64800 +70200 1004 2014 10000
a contact +67800 +70200 1005 2020 10000
a contact +66000 +70200 1005 2015 10000
a contact +64200 +70200 1006 2011 10000
a contact +66000 +70200 2002 1004 10000
a contact +64200 +70200 2003 1003 10000
a contact +64200 +70200 2011 1006 10000
a contact +64800 +70200 2014 1004 10000
a contact +66000 +70200 2015 1005 10000
a contact +67800 +70200 2020 1005 10000
a contact +66000 +70200 2029 1002 10000
a contact +66600 +70200 2031 1001 10000
a contact +67200 +70800 1001 2012 10000
a contact +66600 +70800 1001 2026 10000
a contact +66000 +70800 1002 2006 10000
a contact +66600 +70800 1002 2007 10000
a contact +67800 +70800 1003 2008 10000
a contact +66600 +70800 1004 2021 10000
a contact +64800 +70800 1005 2025 10000
a contact +70200 +70800 1006 2031 10000
a contact +66000 +70800 2006 1002 10000
a contact +66600 +70800 2007 1002 10000
a contact +67800 +70800 2008 1003 10000
a contact +67200 +70800 2012 1001 10000
a contact +66600 +70800 2021 1004 10000
a contact +64800 +70800 2025 1005 10000
a contact +66600 +70800 2026 1001 10000
a contact +70200 +70800 2031 1006 10000
a contact +70800 +71400 1001 2025 10000
a contact +70800 +71400 1003 9001 100000
a contact +57600 +71400 1003 2009 10000
a contact +57600 +71400 2009 1003 10000
a contact +70800 +71400 2025 1001 10000
a contact +70800 +71400 9001 1003 100000
a contact +70200 +72000 1002 2018 10000
a contact +70800 +72000 1002 9004 100000
a contact +70800 +72000 1004 2022 10000
a contact +70200 +72000 2018 1002 10000
a contact +70800 +72000 2022 1004 10000
a contact +70800 +72000 9004 1002 100000
a contact +72000 +72600 1002 9003 100000
a contact +71400 +72600 1003 2026 10000
a contact +70800 +72600 1005 2005 10000
a contact +70800 +72600 2005 1005 10000
a contact +71400 +72600 2026 1003 10000
a contact +72000 +72600 9003 1002 100000
a contact +72000 +73200 1002 2022 10000
a contact +71400 +73200 1003 2029 10000
a contact +66600 +73200 1006 2023 10000
a contact +72000 +73200 2022 1002 10000
a contact +66600 +73200 2023 1006 10000
a contact +71400 +73200 2029 1003 10000
a contact +70800 +73800 1001 2006 10000
a contact +70200 +73800 1001 2010 10000
a contact +73200 +73800 1002 9003 100000
a contact +70200 +73800 1005 2002 10000
a contact +70800 +73800 1006 2015 10000
a contact +69600 +73800 1006 2001 10000
a contact +69600 +73800 2001 1006 10000
a contact +70200 +73800 2002 1005 10000
a contact +70800 +73800 2006 1001 10000
a contact +70200 +73800 2010 1001 10000
a contact +70800 +73800 2015 1006 10000
a contact +73200 +73800 9003 1002 100000
a contact +73800 +74400 1001 2002 10000
a contact +70200 +74400 1004 2027 10000
a contact +72600 +74400 1005 9004 100000
a contact +73200 +74400 1006 2017 10000
a contact +73800 +74400 2002 1001 10000
a contact +73200 +74400 2017 1006 10000
a contact +70200 +74400 2027 1004 10000
a contact +72600 +74400 9004 1005 100000
a contact +72600 +75000 1003 9001 100000
a contact +73800 +75000 1005 2024 10000
a contact +70200 +75000 1005 2032 10000
a contact +73800 +75000 2024 1005 10000
a contact +70200 +75000 2032 1005 10000
a contact +72600 +75000 9001 1003 100000
a contact +73800 +75600 1001 2026 10000
a contact +74400 +75600 1001 2013 10000
a contact +72600 +75600 1002 2011 10000
a contact +73800 +75600 1002 2001 10000
a contact +70200 +75600 1003 2014 10000
a contact +74400 +75600 1004 2008 10000
a contact +73800 +75600 1006 2018 10000
a contact +73800 +75600 2001 1002 10000
a contact +74400 +75600 2008 1004 10000
a contact +72600 +75600 2011 1002 10000
a contact +74400 +75600 2013 1001 10000
a contact +70200 +75600 2014 1003 10000
a contact +73800 +75600 2018 1006 10000
a contact +73800 +75600 2026 1001 10000
a contact +71400 +76200 1001 2016 10000
a contact +75600 +76200 1001 2010 10000
a contact +75600 +76200 1002 2013 10000
a contact +74400 +76200 1005 2002 10000
a contact +73800 +76200 1006 2023 10000
a contact +74400 +76200 1006 2015 10000
a contact +74400 +76200 2002 1005 10000
a contact +75600 +76200 2010 1001 10000
a contact +75600 +76200 2013 1002 10000
a contact +74400 +76200 2015 1006 10000
a contact +71400 +76200 2016 1001 10000
a contact +73800 +76200 2023 1006 10000
a contact +75600 +76800 1003 9001 100000
a contact +70200 +76800 1004 2019 10000
a contact +70200 +76800 2019 1004 10000
a contact +75600 +76800 9001 1003 100000
a contact +72000 +77400 1004 2009 10000
a contact +72000 +77400 2009 1004 10000
a contact +75600 +78000 1001 2025 10000
a contact +75600 +78000 2025 1001 10000
a contact +75600 +79800 1004 2004 10000
a contact +75600 +79800 2004 1004 10000
a contact +76200 +80400 1001 2007 10000
a contact +75600 +80400 1002 2011 10000
a contact +75000 +80400 1003 9004 100000
a contact +77400 +80400 1004 2003 10000
a contact +75000 +80400 1005 2032 10000
a contact +76200 +80400 1006 2010 10000
a contact +77400 +80400 2003 1004 10000
a contact +76200 +80400 2007 1001 10000
a contact +76200 +80400 2010 1006 10000
a contact +75600 +80400 2011 1002 10000
a contact +75000 +80400 2032 1005 10000
a contact +75000 +80400 9004 1003 100000
a contact +76200 +81000 1001 2001 10000
a contact +76200 +81000 1002 2002 10000
a contact +76800 +81000 1003 2015 10000
a contact +73200 +81000 1003 9002 100000
a contact +76200 +81000 1005 2028 10000
a contact +75600 +81000 1006 2014 10000
a contact +76200 +81000 1006 2008 10000
a contact +76200 +81000 2001 1001 10000
a contact +76200 +81000 2002 1002 10000
a contact +76200 +81000 2008 1006 10000
a contact +75600 +81000 2014 1006 10000
a contact +76800 +81000 2015 1003 10000
a contact +76200 +81000 2028 1005 10000
a contact +73200 +81000 9002 1003 100000
a contact +81000 +81600 1001 2014 10000
a contact +70800 +81600 1002 2012 10000
a contact +81000 +81600 1003 9004 100000
a contact +79800 +81600 1004 2018 10000
a contact +81000 +81600 1005 2015 10000
a contact +70800 +81600 2012 1002 10000
a contact +81000 +81600 2014 1001 10000
a contact +81000 +81600 2015 1005 10000
a contact +79800 +81600 2018 1004 10000
a contact +81000 +81600 9004 1003 100000
a contact +80400 +82200 1001 2020 10000
a contact +78000 +82200 1001 2030 10000
a contact +81600 +82200 1001 9001 100000
a contact +81000 +82200 1002 2008 10000
a contact +80400 +82200 1004 2004 10000
a contact +76800 +82200 1004 2013 10000
a contact +81600 +82200 1004 2011 10000
a contact +75000 +82200 1005 2022 10000
a contact +81000 +82200 1006 2017 10000
a contact +81000 +82200 1006 2007 10000
a contact +80400 +82200 2004 1004 10000
a contact +81000 +82200 2007 1006 10000
a contact +81000 +82200 2008 1002 10000
a contact +81600 +82200 2011 1004 10000
a contact +76800 +82200 2013 1004 10000
a contact +81000 +82200 2017 1006 10000
a contact +80400 +82200 2020 1001 10000
a contact +75000 +82200 2022 1005 10000
a contact +78000 +82200 2030 1001 10000
a contact +81600 +82200 9001 1001 100000
a contact +82200 +82800 1001 2025 10000
a contact +81600 +82800 1002 2005 10000
a contact +81600 +82800 1003 2018 10000
a contact +82200 +82800 1005 2013 10000
a contact +82200 +82800 1006 2016 10000
a contact +81600 +82800 2005 1002 10000
a contact +82200 +82800 2013 1005 10000
a contact +82200 +82800 2016 1006 10000
a contact +81600 +82800 2018 1003 10000
a contact +82200 +82800 2025 1001 10000
a contact +80400 +83400 1002 2024 10000
a contact +80400 +83400 1003 2003 10000
a contact +82200 +83400 1004 2012 10000
a contact +82200 +83400 1004 2001 10000
a contact +82800 +83400 1005 2030 10000
a contact +81600 +83400 1005 2014 10000
a contact +82200 +83400 1006 9004 100000
a contact +82200 +83400 2001 1004 10000
a contact +80400 +83400 2003 1003 10000
a contact +82200 +83400 2012 1004 10000
a contact +81600 +83400 2014 1005 10000
a contact +80400 +83400 2024 1002 10000
a contact +82800 +83400 2030 1005 10000
a contact +82200 +83400 9004 1006 100000
a contact +82200 +84000 1001 2009 10000
a contact +82200 +84000 1001 2029 10000
a contact +82800 +84000 1002 2015 10000
a contact +82800 +84000 1003 2007 10000
a contact +83400 +84000 1004 2030 10000
a contact +83400 +84000 1004 2011 10000
a contact +80400 +84000 1005 2010 10000
a contact +83400 +84000 1005 2022 10000
a contact +80400 +84000 1006 2031 10000
a contact +82800 +84000 2007 1003 10000
a contact +82200 +84000 2009 1001 10000
a contact +80400 +84000 2010 1005 10000
a contact +83400 +84000 2011 1004 10000
a contact +82800 +84000 2015 1002 10000
a contact +83400 +84000 2022 1005 10000
a contact +82200 +84000 2029 1001 10000
a contact +83400 +84000 2030 1004 10000
a contact +80400 +84000 2031 1006 10000
a contact +82200 +84600 1004 9003 100000
a contact +82200 +84600 9003 1004 100000
a contact +82200 +85200 1002 2004 10000
a contact +84000 +85200 1003 2011 10000
a contact +83400 +85200 1003 2016 10000
a contact +84000 +85200 1005 2008 10000
a contact +83400 +85200 1005 2020 10000
a contact +83400 +85200 1006 2013 10000
a contact +82200 +85200 2004 1002 10000
a contact +84000 +85200 2008 1005 10000
a contact +84000 +85200 2011 1003 10000
a contact +83400 +85200 2013 1006 10000
a contact +83400 +85200 2016 1003 10000
a contact +83400 +85200 2020 1005 10000
a contact +84000 +85800 1001 2031 10000
a contact +84000 +85800 1001 2015 10000
a contact +85200 +85800 1002 2012 10000
a contact +84000 +85800 1004 2003 10000
a contact +84000 +85800 1006 2005 10000
a contact +84000 +85800 2003 1004 10000
a contact +84000 +85800 2005 1006 10000
a contact +85200 +85800 2012 1002 10000
a contact +84000 +85800 2015 1001 10000
a contact +84000 +85800 2031 1001 10000
a contact +85800 +86400 1001 9001 100000
a contact +85800 +86400 1001 2009 10000
a contact +82800 +86400 1001 2018 10000
a contact +85800 +86400 1002 2004 10000
a contact +83400 +86400 1002 2014 10000
a contact +84000 +86400 1002 2001 10000
a contact +85200 +86400 1003 2006 10000
a contact +85200 +86400 1003 2028 10000
a contact +81000 +86400 1003 2021 10000
a contact +84600 +86400 1004 2002 10000
a contact +85800 +86400 1004 9002 100000
a contact +84000 +86400 1004 9004 100000
a contact +84000 +86400 1005 2007 10000
a contact +85200 +86400 1005 9003 100000
a contact +85200 +86400 1005 2011 10000
a contact +85800 +86400 1006 2031 10000
a contact +82800 +86400 1006 2026 10000
a contact +85200 +86400 1006 2027 10000
a contact +84000 +86400 2001 1002 10000
a contact +84600 +86400 2002 1004 10000
a contact +85800 +86400 2004 1002 10000
a contact +85200 +86400 2006 1003 10000
a contact +84000 +86400 2007 1005 10000
a contact +85800 +86400 2009 1001 10000
a contact +85200 +86400 2011 1005 10000
a contact +83400 +86400 2014 1002 10000
a contact +82800 +86400 2018 1001 10000
a contact +81000 +86400 2021 1003 10000
a contact +82800 +86400 2026 1006 10000
a contact +85200 +86400 2027 1006 10000
a contact +85200 +86400 2028 1003 10000
a contact +85800 +86400 2031 1006 10000
a contact +85800 +86400 9001 1001 100000
a contact +85800 +86400 9002 1004 100000
a contact +85200 +86400 9003 1005 100000
a contact +84000 +86400 9004 1004 100000

a range +0 +600 1002 2004 0
a range +0 +600 1002 2009 0
a range +0 +600 1004 2020 0
a range +0 +600 1004 2008 0
a range +0 +600 1005 2030 0
a range +0 +600 1006 2028 0
a range +0 +600 2004 1002 0
a range +0 +600 2008 1004 0
a range +0 +600 2009 1002 0
a range +0 +600 2020 1004 0
a range +0 +600 2028 1006 0
a range +0 +600 2030 1005 0
a range +0 +1200 1001 2014 0
a range +600 +1200 1004 2026 0
a range +0 +1200 1004 2011 0
a range +0 +1200 2011 1004 0
a range +0 +1200 2014 1001 0
a range +600 +1200 2026 1004 0
a range +0 +1800 1002 2006 0
a range +0 +1800 1003 2010 0
a range +0 +1800 1005 2017 0
a range +600 +1800 1006 2030 0
a range +0 +1800 2006 1002 0
a range +0 +1800 2010 1003 0
a range +0 +1800 2017 1005 0
a range +600 +1800 2030 1006 0
a range +600 +2400 1002 2003 0
a range +600 +2400 1002 2022 0
a range +1200 +2400 1004 2014 0
a range +600 +2400 2003 1002 0
a range +1200 +2400 2014 1004 0
a range +600 +2400 2022 1002 0
a range +2400 +3000 1002 2013 0
a range +0 +3000 1003 2002 0
a range +0 +3000 2002 1003 0
a range +2400 +3000 2013 1002 0
a range +0 +3600 1001 2019 0
a range +1200 +3600 1001 2008 0
a range +1200 +3600 1004 2005 0
a range +0 +3600 1005 2024 0
a range +600 +3600 1005 2023 0
a range +1200 +3600 2005 1004 0
a range +1200 +3600 2008 1001 0
a range +0 +3600 2019 1001 0
a range +600 +3600 2023 1005 0
a range +0 +3600 2024 1005 0
a range +3600 +4200 1001 2017 0
a range +0 +4200 1001 2001 0
a range +3000 +4200 1002 2004 0
a range +1800 +4200 1003 2030 0
a range +0 +4200 1003 2021 0
a range +1800 +4200 1006 2026 0
a range +0 +4200 1006 2012 0
a range +0 +4200 2001 1001 0
a range +3000 +4200 2004 1002 0
a range +0 +4200 2012 1006 0
a range +3600 +4200 2017 1001 0
a range +0 +4200 2021 1003 0
a range +1800 +4200 2026 1006 0
a range +1800 +4200 2030 1003 0
a range +3600 +4800 1001 2032 0
a range +1800 +4800 1002 2010 0
a range +4200 +4800 1002 2026 0
a range +2400 +4800 1004 2011 0
a range +3600 +4800 1004 2025 0
a range +600 +4800 1004 9002 0
a range +3600 +4800 1005 2008 0
a range +3600 +4800 1005 2009 0
a range +4200 +4800 1006 2030 0
a range +3600 +4800 2008 1005 0
a range +3600 +4800 2009 1005 0
a range +1800 +4800 2010 1002 0
a range +2400 +4800 2011 1004 0
a range +3600 +4800 2025 1004 0
a range +4200 +4800 2026 1002 0
a range +4200 +4800 2030 1006 0
a range +3600 +4800 2032 1001 0
a range +600 +4800 9002 1004 0
a range +4200 +5400 1001 2019 0
a range +2400 +5400 1002 9003 0
a range +1800 +5400 1005 2029 0
a range +4200 +5400 2019 1001 0
a range +1800 +5400 2029 1005 0
a range +2400 +5400 9003 1002 0
a range +5400 +6000 1001 2004 0
a range +4800 +6000 1002 9002 0
a range +4800 +6000 1002 2011 0
a range +3000 +6000 1003 2007 0
a range +4800 +6000 1004 2026 0
a range +4800 +6000 1004 2028 0
a range +5400 +6000 1005 2030 0
a range +4200 +6000 1006 2001 0
a range +4200 +6000 2001 1006 0
a range +5400 +6000 2004 1001 0
a range +3000 +6000 2007 1003 0
a range +4800 +6000 2011 1002 0
a range +4800 +6000 2026 1004 0
a range +4800 +6000 2028 1004 0
a range +5400 +6000 2030 1005 0
a range +4800 +6000 9002 1002 0
a range +4800 +6600 1001 2005 0
a range +4200 +6600 1001 2021 0
a range +6000 +6600 1001 2023 0
a range +6000 +6600 1002 9001 0
a range +6000 +6600 1002 2029 0
a range +4800 +6600 1005 2024 0
a range +6000 +6600 1005 2018 0
a range +0 +6600 1006 2027 0
a range +4800 +6600 1006 2025 0
a range +4800 +6600 2005 1001 0
a range +6000 +6600 2018 1005 0
a range +4200 +6600 2021 1001 0
a range +6000 +6600 2023 1001 0
a range +4800 +6600 2024 1005 0
a range +4800 +6600 2025 1006 0
a range +0 +6600 2027 1006 0
a range +6000 +6600 2029 1002 0
a range +6000 +6600 9001 1002 0
a range +6600 +7200 1002 9002 0
a range +4800 +7200 1004 2006 0
a range +4800 +7200 2006 1004 0
a range +6600 +7200 9002 1002 0
a range +6600 +7800 1001 2008 0
a range +6600 +7800 1002 9004 0
a range +6600 +7800 2008 1001 0
a range +6600 +7800 9004 1002 0
a range +7800 +8400 1001 2011 0
a range +6600 +8400 1001 2028 0
a range +6600 +8400 1001 2030 0
a range +6600 +8400 1005 2032 0
a range +6000 +8400 1006 2031 0
a range +7800 +8400 2011 1001 0
a range +6600 +8400 2028 1001 0
a range +6600 +8400 2030 1001 0
a range +6000 +8400 2031 1006 0
a range +6600 +8400 2032 1005 0
a range +5400 +9000 1002 2010 0
a range +5400 +9000 2010 1002 0
a range +6000 +9600 1003 2001 0
a range +4200 +9600 1003 2017 0
a range +6000 +9600 2001 1003 0
a range +4200 +9600 2017 1003 0
a range +7800 +10200 1002 2004 0
a range +7800 +10200 2004 1002 0
a range +4800 +10800 1005 2003 0
a range +4800 +10800 2003 1005 0
a range +8400 +11400 1001 2013 0
a range +8400 +11400 1001 2032 0
a range +9000 +11400 1002 2014 0
a range +7200 +11400 1002 2023 0
a range +10200 +11400 1002 9002 0
a range +4200 +11400 1003 2022 0
a range +9600 +11400 1003 9004 0
a range +7200 +11400 1004 2016 0
a range +6000 +11400 1004 2019 0
a range +6000 +11400 1004 2012 0
a range +6600 +11400 1005 2020 0
a range +8400 +11400 1005 2005 0
a range +8400 +11400 2005 1005 0
a range +6000 +11400 2012 1004 0
a range +8400 +11400 2013 1001 0
a range +9000 +11400 2014 1002 0
a range +7200 +11400 2016 1004 0
a range +6000 +11400 2019 1004 0
a range +6600 +11400 2020 1005 0
a range +4200 +11400 2022 1003 0
a range +7200 +11400 2023 1002 0
a range +8400 +11400 2032 1001 0
a range +10200 +11400 9002 1002 0
a range +9600 +11400 9004 1003 0
a range +6600 +12000 1006 9003 0
a range +6600 +12000 9003 1006 0
a range +11400 +12600 1001 2017 0
a range +8400 +12600 1001 2011 0
a range +11400 +12600 1002 2003 0
a range +10800 +12600 1005 2010 0
a range +8400 +12600 1006 9001 0
a range +11400 +12600 2003 1002 0
a range +10800 +12600 2010 1005 0
a range +8400 +12600 2011 1001 0
a range +11400 +12600 2017 1001 0
a range +8400 +12600 9001 1006 0
a range +11400 +13200 1001 2027 0
a range +12600 +13200 1001 9003 0
a range +11400 +13200 1002 2019 0
a range +11400 +13200 1004 2028 0
a range +12600 +13200 1005 2011 0
a range +12600 +13200 2011 1005 0
a range +11400 +13200 2019 1002 0
a range +11400 +13200 2027 1001 0
a range +11400 +13200 2028 1004 0
a range +12600 +13200 9003 1001 0
a range +11400 +13800 1003 2012 0
a range +11400 +13800 1004 2005 0
a range +13200 +13800 1005 2008 0
a range +11400 +13800 2005 1004 0
a range +13200 +13800 2008 1005 0
a range +11400 +13800 2012 1003 0
a range +13200 +14400 1001 2022 0
a range +13200 +14400 1001 2031 0
a range +12600 +14400 1002 2032 0
a range +13200 +14400 2022 1001 0
a range +13200 +14400 2031 1001 0
a range +12600 +14400 2032 1002 0
a range +12600 +15000 1001 9001 0
a range +13800 +15000 1003 2018 0
a range +12600 +15000 1006 2001 0
a range +12600 +15000 2001 1006 0
a range +13800 +15000 2018 1003 0
a range +12600 +15000 9001 1001 0
a range +14400 +15600 1001 2011 0
a range +13200 +15600 1002 2007 0
a range +14400 +15600 1002 2015 0
a range +9600 +15600 1003 2021 0
a range +13800 +15600 1005 2019 0
a range +13200 +15600 2007 1002 0
a range +14400 +15600 2011 1001 0
a range +14400 +15600 2015 1002 0
a range +13800 +15600 2019 1005 0
a range +9600 +15600 2021 1003 0
a range +15600 +16200 1001 2003 0
a range +15000 +16200 1001 2031 0
a range +15600 +16200 1002 2008 0
a range +15600 +16200 2003 1001 0
a range +15600 +16200 2008 1002 0
a range +15000 +16200 2031 1001 0
a range +13800 +16800 1004 2009 0
a range +11400 +16800 1005 2016 0
a range +13800 +16800 2009 1004 0
a range +11400 +16800 2016 1005 0
a range +16200 +17400 1002 2002 0
a range +11400 +17400 1005 2030 0
a range +16200 +17400 2002 1002 0
a range +11400 +17400 2030 1005 0
a range +17400 +18000 1002 2028 0
a range +11400 +18000 1003 2020 0
a range +12000 +18000 1006 2006 0
a range +12000 +18000 2006 1006 0
a range +11400 +18000 2020 1003 0
a range +17400 +18000 2028 1002 0
a range +16200 +19200 1001 9002 0
a range +17400 +19200 1005 2019 0
a range +17400 +19200 2019 1005 0
a range +16200 +19200 9002 1001 0
a range +14400 +19800 1001 9004 0
a range +14400 +19800 9004 1001 0
a range +11400 +20400 1002 2014 0
a range +16800 +20400 1005 2029 0
a range +15600 +20400 1005 2021 0
a range +11400 +20400 2014 1002 0
a range +15600 +20400 2021 1005 0
a range +16800 +20400 2029 1005 0
a range +15000 +21000 1003 2004 0
a range +20400 +21000 1005 9001 0
a range +19200 +21000 1005 2022 0
a range +15000 +21000 1006 2010 0
a range +18000 +21000 1006 2005 0
a range +15000 +21000 2004 1003 0
a range +18000 +21000 2005 1006 0
a range +15000 +21000 2010 1006 0
a range +19200 +21000 2022 1005 0
a range +20400 +21000 9001 1005 0
a range +18000 +21600 1003 2013 0
a range +11400 +21600 1004 2023 0
a range +13200 +21600 1004 2017 0
a range +16800 +21600 1004 2032 0
a range +20400 +21600 1005 9004 0
a range +18000 +21600 2013 1003 0
a range +13200 +21600 2017 1004 0
a range +11400 +21600 2023 1004 0
a range +16800 +21600 2032 1004 0
a range +20400 +21600 9004 1005 0
a range +15600 +22200 1002 2024 0
a range +21600 +22200 1004 2029 0
a range +21000 +22200 1005 9001 0
a range +21000 +22200 1006 2005 0
a range +21000 +22200 2005 1006 0
a range +15600 +22200 2024 1002 0
a range +21600 +22200 2029 1004 0
a range +21000 +22200 9001 1005 0
a range +21000 +22800 1003 2031 0
a range +21000 +22800 1006 2026 0
a range +21000 +22800 2026 1006 0
a range +21000 +22800 2031 1003 0
a range +16200 +23400 1001 2027 0
a range +21600 +23400 1004 2028 0
a range +21000 +23400 1005 2008 0
a range +21000 +23400 2008 1005 0
a range +16200 +23400 2027 1001 0
a range +21600 +23400 2028 1004 0
a range +23400 +24000 1001 2005 0
a range +19200 +24000 1001 2009 0
a range +20400 +24000 1002 2021 0
a range +23400 +24000 1004 2003 0
a range +22200 +24000 1005 2013 0
a range +23400 +24000 2003 1004 0
a range +23400 +24000 2005 1001 0
a range +19200 +24000 2009 1001 0
a range +22200 +24000 2013 1005 0
a range +20400 +24000 2021 1002 0
a range +24000 +24600 1001 2016 0
a range +21600 +24600 1003 2004 0
a range +24000 +24600 1005 2028 0
a range +21600 +24600 2004 1003 0
a range +24000 +24600 2016 1001 0
a range +24000 +24600 2028 1005 0
a range +19800 +25200 1001 2002 0
a range +18000 +25200 1002 2006 0
a range +24600 +25200 1003 2020 0
a range +21600 +25200 1004 2023 0
a range +23400 +25200 1005 2019 0
a range +19800 +25200 2002 1001 0
a range +18000 +25200 2006 1002 0
a range +23400 +25200 2019 1005 0
a range +24600 +25200 2020 1003 0
a range +21600 +25200 2023 1004 0
a range +24000 +25800 1001 2027 0
a range +24000 +25800 1004 2021 0
a range +21600 +25800 1005 2017 0
a range +21600 +25800 2017 1005 0
a range +24000 +25800 2021 1004 0
a range +24000 +25800 2027 1001 0
a range +24600 +26400 1001 2031 0
a range +25200 +26400 1002 2012 0
a range +25200 +26400 1003 2028 0
a range +15600 +26400 1003 2018 0
a range +25800 +26400 1004 9004 0
a range +25800 +26400 1005 2002 0
a range +25800 +26400 2002 1005 0
a range +25200 +26400 2012 1002 0
a range +15600 +26400 2018 1003 0
a range +25200 +26400 2028 1003 0
a range +24600 +26400 2031 1001 0
a range +25800 +26400 9004 1004 0
a range +25200 +27000 1001 2014 0
a range +25800 +27000 1001 2016 0
a range +24000 +27000 1002 2005 0
a range +26400 +27000 1003 2011 0
a range +22200 +27000 1004 9002 0
a range +26400 +27000 1005 2018 0
a range +6600 +27000 1006 2025 0
a range +24000 +27000 2005 1002 0
a range +26400 +27000 2011 1003 0
a range +25200 +27000 2014 1001 0
a range +25800 +27000 2016 1001 0
a range +26400 +27000 2018 1005 0
a range +6600 +27000 2025 1006 0
a range +22200 +27000 9002 1004 0
a range +27000 +27600 1003 2028 0
a range +27000 +27600 2028 1003 0
a range +27000 +28200 1001 2026 0
a range +26400 +28200 1001 2009 0
a range +26400 +28200 1003 2003 0
a range +27600 +28200 1003 2011 0
a range +25200 +28200 1004 2024 0
a range +27000 +28200 1004 2012 0
a range +26400 +28200 2003 1003 0
a range +26400 +28200 2009 1001 0
a range +27600 +28200 2011 1003 0
a range +27000 +28200 2012 1004 0
a range +25200 +28200 2024 1004 0
a range +27000 +28200 2026 1001 0
a range +24600 +28800 1005 2004 0
a range +24600 +28800 2004 1005 0
a range +27000 +29400 1002 2018 0
a range +27000 +29400 2018 1002 0
a range +28200 +30000 1003 9003 0
a range +28200 +30000 9003 1003 0
a range +29400 +30600 1002 2023 0
a range +22800 +30600 1006 2022 0
a range +22800 +30600 2022 1006 0
a range +29400 +30600 2023 1002 0
a range +28200 +31200 1001 2003 0
a range +27000 +31200 1001 2032 0
a range +28200 +31200 1003 2002 0
a range +22800 +31200 1003 2030 0
a range +26400 +31200 1004 2006 0
a range +28200 +31200 1004 2031 0
a range +27000 +31200 1006 2020 0
a range +22200 +31200 1006 2007 0
a range +28200 +31200 2002 1003 0
a range +28200 +31200 2003 1001 0
a range +26400 +31200 2006 1004 0
a range +22200 +31200 2007 1006 0
a range +27000 +31200 2020 1006 0
a range +22800 +31200 2030 1003 0
a range +28200 +31200 2031 1004 0
a range +27000 +31200 2032 1001 0
a range +31200 +31800 1001 2008 0
a range +26400 +31800 1002 9001 0
a range +31200 +31800 1004 2009 0
a range +31200 +31800 1004 2007 0
a range +25200 +31800 1005 2013 0
a range +31200 +31800 2007 1004 0
a range +31200 +31800 2008 1001 0
a range +31200 +31800 2009 1004 0
a range +25200 +31800 2013 1005 0
a range +26400 +31800 9001 1002 0
a range +31800 +32400 1001 2032 0
a range +31200 +32400 1003 2030 0
a range +31800 +32400 1004 2020 0
a range +28200 +32400 1004 2001 0
a range +31800 +32400 1005 2018 0
a range +31200 +32400 1006 2006 0
a range +31200 +32400 1006 2002 0
a range +28200 +32400 2001 1004 0
a range +31200 +32400 2002 1006 0
a range +31200 +32400 2006 1006 0
a range +31800 +32400 2018 1005 0
a range +31800 +32400 2020 1004 0
a range +31200 +32400 2030 1003 0
a range +31800 +32400 2032 1001 0
a range +31200 +33000 1001 2016 0
a range +32400 +33000 1003 2012 0
a range +31800 +33000 1004 2013 0
a range +32400 +33000 1006 9001 0
a range +30600 +33000 1006 9003 0
a range +32400 +33000 2012 1003 0
a range +31800 +33000 2013 1004 0
a range +31200 +33000 2016 1001 0
a range +32400 +33000 9001 1006 0
a range +30600 +33000 9003 1006 0
a range +33000 +33600 1001 2008 0
a range +32400 +33600 1001 2024 0
a range +28200 +33600 1001 2026 0
a range +22200 +33600 1002 2029 0
a range +31200 +33600 1003 2015 0
a range +32400 +33600 1004 2031 0
a range +32400 +33600 1006 2002 0
a range +33000 +33600 1006 2021 0
a range +32400 +33600 2002 1006 0
a range +33000 +33600 2008 1001 0
a range +31200 +33600 2015 1003 0
a range +33000 +33600 2021 1006 0
a range +32400 +33600 2024 1001 0
a range +28200 +33600 2026 1001 0
a range +22200 +33600 2029 1002 0
a range +32400 +33600 2031 1004 0
a range +33600 +34200 1006 9001 0
a range +33000 +34200 1006 9002 0
a range +33600 +34200 9001 1006 0
a range +33000 +34200 9002 1006 0
a range +33600 +34800 1001 2031 0
a range +30600 +34800 1002 9004 0
a range +33600 +34800 1006 2006 0
a range +33600 +34800 2006 1006 0
a range +33600 +34800 2031 1001 0
a range +30600 +34800 9004 1002 0
a range +33600 +35400 1001 2017 0
a range +33000 +35400 1003 2009 0
a range +33600 +35400 1004 2007 0
a range +32400 +35400 1004 2014 0
a range +32400 +35400 1005 2010 0
a range +33600 +35400 2007 1004 0
a range +33000 +35400 2009 1003 0
a range +32400 +35400 2010 1005 0
a range +32400 +35400 2014 1004 0
a range +33600 +35400 2017 1001 0
a range +33600 +36000 1001 2023 0
a range +34800 +36000 1001 2016 0
a range +34800 +36000 1002 2029 0
a range +33600 +36000 1003 2022 0
a range +33000 +36000 1004 2020 0
a range +34800 +36000 1006 9004 0
a range +34800 +36000 2016 1001 0
a range +33000 +36000 2020 1004 0
a range +33600 +36000 2022 1003 0
a range +33600 +36000 2023 1001 0
a range +34800 +36000 2029 1002 0
a range +34800 +36000 9004 1006 0
a range +36000 +36600 1002 2031 0
a range +35400 +36600 1003 2010 0
a range +36000 +36600 1004 9003 0
a range +28800 +36600 1005 2027 0
a range +34200 +36600 1006 2013 0
a range +36000 +36600 1006 2020 0
a range +35400 +36600 2010 1003 0
a range +34200 +36600 2013 1006 0
a range +36000 +36600 2020 1006 0
a range +28800 +36600 2027 1005 0
a range +36000 +36600 2031 1002 0
a range +36000 +36600 9003 1004 0
a range +36000 +37200 1001 2012 0
a range +31800 +37200 1002 2028 0
a range +36600 +37200 1002 2032 0
a range +36600 +37200 1004 9001 0
a range +36000 +37200 2012 1001 0
a range +31800 +37200 2028 1002 0
a range +36600 +37200 2032 1002 0
a range +36600 +37200 9001 1004 0
a range +35400 +37800 1001 2001 0
a range +36000 +37800 1001 2026 0
a range +37200 +37800 1001 2011 0
a range +37200 +37800 1002 2030 0
a range +37200 +37800 1002 2007 0
a range +36000 +37800 1003 2018 0
a range +36600 +37800 1006 2023 0
a range +35400 +37800 2001 1001 0
a range +37200 +37800 2007 1002 0
a range +37200 +37800 2011 1001 0
a range +36000 +37800 2018 1003 0
a range +36600 +37800 2023 1006 0
a range +36000 +37800 2026 1001 0
a range +37200 +37800 2030 1002 0
a range +37800 +38400 1001 9002 0
a range +37200 +38400 1004 2012 0
a range +37800 +38400 1006 9003 0
a range +37200 +38400 2012 1004 0
a range +37800 +38400 9002 1001 0
a range +37800 +38400 9003 1006 0
a range +38400 +39000 1001 2032 0
a range +37800 +39000 1001 9004 0
a range +35400 +39000 1004 2024 0
a range +35400 +39000 2024 1004 0
a range +38400 +39000 2032 1001 0
a range +37800 +39000 9004 1001 0
a range +35400 +39600 1004 2017 0
a range +38400 +39600 1004 2011 0
a range +27000 +39600 1005 2025 0
a range +38400 +39600 2011 1004 0
a range +35400 +39600 2017 1004 0
a range +27000 +39600 2025 1005 0
a range +37800 +40200 1001 2016 0
a range +39600 +40200 1004 9004 0
a range +39600 +40200 1004 9001 0
a range +37800 +40200 2016 1001 0
a range +39600 +40200 9001 1004 0
a range +39600 +40200 9004 1004 0
a range +33600 +40800 1002 2005 0
a range +33600 +40800 2005 1002 0
a range +40200 +41400 1001 9001 0
a range +39000 +41400 1001 2002 0
a range +36600 +41400 1003 2020 0
a range +30000 +41400 1003 2004 0
a range +39000 +41400 1004 2026 0
a range +35400 +41400 1005 2019 0
a range +36600 +41400 1005 2010 0
a range +36600 +41400 1006 2003 0
a range +34200 +41400 1006 2015 0
a range +39000 +41400 2002 1001 0
a range +36600 +41400 2003 1006 0
a range +30000 +41400 2004 1003 0
a range +36600 +41400 2010 1005 0
a range +34200 +41400 2015 1006 0
a range +35400 +41400 2019 1005 0
a range +36600 +41400 2020 1003 0
a range +39000 +41400 2026 1004 0
a range +40200 +41400 9001 1001 0
a range +37800 +42000 1002 2031 0
a range +41400 +42000 1003 2024 0
a range +37800 +42000 1003 2008 0
a range +40200 +42000 1004 2029 0
a range +41400 +42000 1005 2016 0
a range +38400 +42000 1006 2021 0
a range +37800 +42000 2008 1003 0
a range +41400 +42000 2016 1005 0
a range +38400 +42000 2021 1006 0
a range +41400 +42000 2024 1003 0
a range +40200 +42000 2029 1004 0
a range +37800 +42000 2031 1002 0
a range +39000 +42600 1001 9002 0
a range +37800 +42600 1002 2023 0
a range +39600 +42600 1005 2009 0
a range +39600 +42600 2009 1005 0
a range +37800 +42600 2023 1002 0
a range +39000 +42600 9002 1001 0
a range +42600 +43800 1001 2011 0
a range +41400 +43800 1001 9003 0
a range +42600 +43800 1002 2010 0
a range +42000 +43800 1003 2012 0
a range +40200 +43800 1004 2014 0
a range +42600 +43800 1005 2022 0
a range +41400 +43800 1005 2020 0
a range +42600 +43800 2010 1002 0
a range +42600 +43800 2011 1001 0
a range +42000 +43800 2012 1003 0
a range +40200 +43800 2014 1004 0
a range +41400 +43800 2020 1005 0
a range +42600 +43800 2022 1005 0
a range +41400 +43800 9003 1001 0
a range +42000 +45600 1004 2016 0
a range +42000 +45600 1005 9001 0
a range +43800 +45600 1005 2003 0
a range +43800 +45600 2003 1005 0
a range +42000 +45600 2016 1004 0
a range +42000 +45600 9001 1005 0
a range +41400 +46200 1001 2026 0
a range +43800 +46200 1004 2006 0
a range +43800 +46200 2006 1004 0
a range +41400 +46200 2026 1001 0
a range +41400 +46800 1003 2032 0
a range +41400 +46800 2032 1003 0
a range +46200 +47400 1001 2031 0
a range +46800 +47400 1003 2008 0
a range +45600 +47400 1004 2024 0
a range +45600 +47400 1005 9002 0
a range +43800 +47400 1005 9004 0
a range +41400 +47400 1006 2019 0
a range +46800 +47400 2008 1003 0
a range +41400 +47400 2019 1006 0
a range +45600 +47400 2024 1004 0
a range +46200 +47400 2031 1001 0
a range +45600 +47400 9002 1005 0
a range +43800 +47400 9004 1005 0
a range +47400 +48000 1003 2032 0
a range +47400 +48000 1005 9004 0
a range +47400 +48000 1005 9002 0
a range +47400 +48000 2032 1003 0
a range +47400 +48000 9002 1005 0
a range +47400 +48000 9004 1005 0
a range +45600 +49200 1005 2030 0
a range +45600 +49200 2030 1005 0
a range +48000 +49800 1003 2001 0
a range +48000 +49800 1005 9002 0
a range +48000 +49800 2001 1003 0
a range +48000 +49800 9002 1005 0
a range +43800 +50400 1001 2022 0
a range +43800 +50400 1003 2013 0
a range +49800 +50400 1003 9003 0
a range +43800 +50400 2013 1003 0
a range +43800 +50400 2022 1001 0
a range +49800 +50400 9003 1003 0
a range +43800 +51000 1001 2014 0
a range +43800 +51000 1002 2018 0
a range +40800 +51000 1002 2027 0
a range +42000 +51000 1002 2015 0
a range +42000 +51000 1003 2029 0
a range +47400 +51000 1004 2008 0
a range +46200 +51000 1004 2016 0
a range +41400 +51000 1004 2025 0
a range +49800 +51000 1005 2031 0
a range +42000 +51000 1006 2002 0
a range +47400 +51000 1006 2011 0
a range +42000 +51000 2002 1006 0
a range +47400 +51000 2008 1004 0
a range +47400 +51000 2011 1006 0
a range +43800 +51000 2014 1001 0
a range +42000 +51000 2015 1002 0
a range +46200 +51000 2016 1004 0
a range +43800 +51000 2018 1002 0
a range +41400 +51000 2025 1004 0
a range +40800 +51000 2027 1002 0
a range +42000 +51000 2029 1003 0
a range +49800 +51000 2031 1005 0
a range +51000 +51600 1005 9002 0
a range +48000 +51600 1005 9004 0
a range +41400 +51600 1006 2028 0
a range +41400 +51600 2028 1006 0
a range +51000 +51600 9002 1005 0
a range +48000 +51600 9004 1005 0
a range +51000 +52200 1001 2009 0
a range +50400 +52200 1001 2021 0
a range +51000 +52200 1002 2020 0
a range +51000 +52200 1004 2029 0
a range +51000 +52200 2009 1001 0
a range +51000 +52200 2020 1002 0
a range +50400 +52200 2021 1001 0
a range +51000 +52200 2029 1004 0
a range +52200 +52800 1001 2019 0
a range +52200 +52800 1002 2031 0
a range +51000 +52800 1004 2007 0
a range +51000 +52800 2007 1004 0
a range +52200 +52800 2019 1001 0
a range +52200 +52800 2031 1002 0
a range +52800 +53400 1001 2031 0
a range +51600 +53400 1005 2013 0
a range +51000 +53400 1006 2025 0
a range +51600 +53400 1006 2014 0
a range +51600 +53400 2013 1005 0
a range +51600 +53400 2014 1006 0
a range +51000 +53400 2025 1006 0
a range +52800 +53400 2031 1001 0
a range +47400 +54000 1001 2004 0
a range +52200 +54000 1001 2003 0
a range +51000 +54000 1004 2023 0
a range +52200 +54000 1004 2018 0
a range +51600 +54000 1005 2010 0
a range +52200 +54000 2003 1001 0
a range +47400 +54000 2004 1001 0
a range +51600 +54000 2010 1005 0
a range +52200 +54000 2018 1004 0
a range +51000 +54000 2023 1004 0
a range +54000 +54600 1004 2003 0
a range +52800 +54600 1004 2011 0
a range +53400 +54600 1006 2014 0
a range +53400 +54600 1006 2031 0
a range +54000 +54600 2003 1004 0
a range +52800 +54600 2011 1004 0
a range +53400 +54600 2014 1006 0
a range +53400 +54600 2031 1006 0
a range +52800 +55200 1002 9004 0
a range +51000 +55200 1003 2012 0
a range +51000 +55200 2012 1003 0
a range +52800 +55200 9004 1002 0
a range +54000 +55800 1001 2018 0
a range +54000 +55800 1001 2029 0
a range +53400 +55800 1001 2006 0
a range +54600 +55800 1004 2003 0
a range +54600 +55800 1006 2001 0
a range +54600 +55800 2001 1006 0
a range +54600 +55800 2003 1004 0
a range +53400 +55800 2006 1001 0
a range +54000 +55800 2018 1001 0
a range +54000 +55800 2029 1001 0
a range +55200 +56400 1003 2014 0
a range +54600 +56400 1004 2021 0
a range +49200 +56400 1005 2026 0
a range +54000 +56400 1005 2009 0
a range +51000 +56400 1006 2008 0
a range +51000 +56400 2008 1006 0
a range +54000 +56400 2009 1005 0
a range +55200 +56400 2014 1003 0
a range +54600 +56400 2021 1004 0
a range +49200 +56400 2026 1005 0
a range +55800 +57000 1001 2001 0
a range +55800 +57000 1001 2002 0
a range +55800 +57000 1001 2018 0
a range +56400 +57000 1003 9004 0
a range +54600 +57000 1006 2004 0
a range +55800 +57000 1006 9001 0
a range +55800 +57000 2001 1001 0
a range +55800 +57000 2002 1001 0
a range +54600 +57000 2004 1006 0
a range +55800 +57000 2018 1001 0
a range +55800 +57000 9001 1006 0
a range +56400 +57000 9004 1003 0
a range +57000 +57600 1001 9001 0
a range +50400 +57600 1003 2024 0
a range +55800 +57600 1004 2029 0
a range +56400 +57600 1005 2030 0
a range +50400 +57600 2024 1003 0
a range +55800 +57600 2029 1004 0
a range +56400 +57600 2030 1005 0
a range +57000 +57600 9001 1001 0
a range +51000 +59400 1002 2015 0
a range +50400 +59400 1003 2005 0
a range +50400 +59400 2005 1003 0
a range +51000 +59400 2015 1002 0
a range +57000 +60000 1001 2001 0
a range +57600 +60000 1004 2008 0
a range +56400 +60000 1005 2028 0
a range +56400 +60000 1006 9003 0
a range +57000 +60000 2001 1001 0
a range +57600 +60000 2008 1004 0
a range +56400 +60000 2028 1005 0
a range +56400 +60000 9003 1006 0
a range +57000 +60600 1001 2023 0
a range +57600 +60600 1001 2020 0
a range +51000 +60600 1002 2016 0
a range +57000 +60600 1003 2012 0
a range +54000 +60600 1004 2027 0
a range +57600 +60600 1005 2019 0
a range +53400 +60600 1005 2017 0
a range +57000 +60600 1006 2031 0
a range +57000 +60600 1006 2007 0
a range +57000 +60600 2007 1006 0
a range +57000 +60600 2012 1003 0
a range +51000 +60600 2016 1002 0
a range +53400 +60600 2017 1005 0
a range +57600 +60600 2019 1005 0
a range +57600 +60600 2020 1001 0
a range +57000 +60600 2023 1001 0
a range +54000 +60600 2027 1004 0
a range +57000 +60600 2031 1006 0
a range +60600 +61200 1001 2031 0
a range +59400 +61200 1002 2005 0
a range +59400 +61200 2005 1002 0
a range +60600 +61200 2031 1001 0
a range +60000 +61800 1001 2030 0
a range +61200 +61800 1001 2008 0
a range +60600 +61800 1004 9004 0
a range +56400 +61800 1004 2013 0
a range +60000 +61800 1006 2028 0
a range +61200 +61800 2008 1001 0
a range +56400 +61800 2013 1004 0
a range +60000 +61800 2028 1006 0
a range +60000 +61800 2030 1001 0
a range +60600 +61800 9004 1004 0
a range +60600 +62400 1002 2007 0
a range +55200 +62400 1002 2025 0
a range +60600 +62400 1005 2027 0
a range +60600 +62400 1005 2029 0
a range +60600 +62400 1006 2015 0
a range +61800 +62400 1006 9001 0
a range +60600 +62400 2007 1002 0
a range +60600 +62400 2015 1006 0
a range +55200 +62400 2025 1002 0
a range +60600 +62400 2027 1005 0
a range +60600 +62400 2029 1005 0
a range +61800 +62400 9001 1006 0
a range +61800 +63000 1001 2003 0
a range +61800 +63000 1001 2030 0
a range +62400 +63000 1002 2015 0
a range +60000 +63000 1004 2002 0
a range +60000 +63000 2002 1004 0
a range +61800 +63000 2003 1001 0
a range +62400 +63000 2015 1002 0
a range +61800 +63000 2030 1001 0
a range +62400 +63600 1002 2011 0
a range +61800 +63600 1004 2013 0
a range +62400 +63600 1005 2001 0
a range +62400 +63600 1006 2028 0
a range +60600 +63600 1006 2032 0
a range +62400 +63600 2001 1005 0
a range +62400 +63600 2011 1002 0
a range +61800 +63600 2013 1004 0
a range +62400 +63600 2028 1006 0
a range +60600 +63600 2032 1006 0
a range +63000 +64200 1001 2027 0
a range +60600 +64200 1003 2017 0
a range +62400 +64200 1005 2020 0
a range +62400 +64200 1006 2024 0
a range +63600 +64200 1006 2011 0
a range +63600 +64200 2011 1006 0
a range +60600 +64200 2017 1003 0
a range +62400 +64200 2020 1005 0
a range +62400 +64200 2024 1006 0
a range +63000 +64200 2027 1001 0
a range +63000 +64800 1001 2026 0
a range +63600 +64800 1002 2005 0
a range +63000 +64800 1002 2031 0
a range +63600 +64800 1004 2028 0
a range +61800 +64800 1004 9004 0
a range +63000 +64800 1004 2030 0
a range +64200 +64800 1005 2007 0
a range +60000 +64800 1005 2021 0
a range +63600 +64800 2005 1002 0
a range +64200 +64800 2007 1005 0
a range +60000 +64800 2021 1005 0
a range +63000 +64800 2026 1001 0
a range +63600 +64800 2028 1004 0
a range +63000 +64800 2030 1004 0
a range +63000 +64800 2031 1002 0
a range +61800 +64800 9004 1004 0
a range +60600 +65400 1001 2019 0
a range +64200 +65400 1001 2029 0
a range +61200 +65400 1002 2023 0
a range +60600 +65400 2019 1001 0
a range +61200 +65400 2023 1002 0
a range +64200 +65400 2029 1001 0
a range +65400 +66000 1002 9003 0
a range +64800 +66000 1002 2028 0
a range +64800 +66000 1004 9002 0
a range +64800 +66000 1005 2031 0
a range +63600 +66000 1005 2032 0
a range +63600 +66000 1006 2006 0
a range +63600 +66000 2006 1006 0
a range +64800 +66000 2028 1002 0
a range +64800 +66000 2031 1005 0
a range +63600 +66000 2032 1005 0
a range +64800 +66000 9002 1004 0
a range +65400 +66000 9003 1002 0
a range +65400 +66600 1001 2010 0
a range +64800 +66600 1001 2007 0
a range +64800 +66600 1002 2005 0
a range +64800 +66600 1004 2030 0
a range +66000 +66600 1006 2028 0
a range +64800 +66600 2005 1002 0
a range +64800 +66600 2007 1001 0
a range +65400 +66600 2010 1001 0
a range +66000 +66600 2028 1006 0
a range +64800 +66600 2030 1004 0
a range +65400 +67200 1001 2008 0
a range +66000 +67200 1005 2012 0
a range +65400 +67200 2008 1001 0
a range +66000 +67200 2012 1005 0
a range +59400 +67800 1003 2004 0
a range +67200 +67800 1005 9002 0
a range +59400 +67800 2004 1003 0
a range +67200 +67800 9002 1005 0
a range +64200 +69600 1006 2024 0
a range +64200 +69600 2024 1006 0
a range +66600 +70200 1001 2031 0
a range +66000 +70200 1002 2029 0
a range +64200 +70200 1003 2003 0
a range +66000 +70200 1004 2002 0
a range +64800 +70200 1004 2014 0
a range +67800 +70200 1005 2020 0
a range +66000 +70200 1005 2015 0
a range +64200 +70200 1006 2011 0
a range +66000 +70200 2002 1004 0
a range +64200 +70200 2003 1003 0
a range +64200 +70200 2011 1006 0
a range +64800 +70200 2014 1004 0
a range +66000 +70200 2015 1005 0
a range +67800 +70200 2020 1005 0
a range +66000 +70200 2029 1002 0
a range +66600 +70200 2031 1001 0
a range +67200 +70800 1001 2012 0
a range +66600 +70800 1001 2026 0
a range +66000 +70800 1002 2006 0
a range +66600 +70800 1002 2007 0
a range +67800 +70800 1003 2008 0
a range +66600 +70800 1004 2021 0
a range +64800 +70800 1005 2025 0
a range +70200 +70800 1006 2031 0
a range +66000 +70800 2006 1002 0
a range +66600 +70800 2007 1002 0
a range +67800 +70800 2008 1003 0
a range +67200 +70800 2012 1001 0
a range +66600 +70800 2021 1004 0
a range +64800 +70800 2025 1005 0
a range +66600 +70800 2026 1001 0
a range +70200 +70800 2031 1006 0
a range +70800 +71400 1001 2025 0
a range +70800 +71400 1003 9001 0
a range +57600 +71400 1003 2009 0
a range +57600 +71400 2009 1003 0
a range +70800 +71400 2025 1001 0
a range +70800 +71400 9001 1003 0
a range +70200 +72000 1002 2018 0
a range +70800 +72000 1002 9004 0
a range +70800 +72000 1004 2022 0
a range +70200 +72000 2018 1002 0
a range +70800 +72000 2022 1004 0
a range +70800 +72000 9004 1002 0
a range +72000 +72600 1002 9003 0
a range +71400 +72600 1003 2026 0
a range +70800 +72600 1005 2005 0
a range +70800 +72600 2005 1005 0
a range +71400 +72600 2026 1003 0
a range +72000 +72600 9003 1002 0
a range +72000 +73200 1002 2022 0
a range +71400 +73200 1003 2029 0
a range +66600 +73200 1006 2023 0
a range +72000 +73200 2022 1002 0
a range +66600 +73200 2023 1006 0
a range +71400 +73200 2029 1003 0
a range +70800 +73800 1001 2006 0
a range +70200 +73800 1001 2010 0
a range +73200 +73800 1002 9003 0
a range +70200 +73800 1005 2002 0
a range +70800 +73800 1006 2015 0
a range +69600 +73800 1006 2001 0
a range +69600 +73800 2001 1006 0
a range +70200 +73800 2002 1005 0
a range +70800 +73800 2006 1001 0
a range +70200 +73800 2010 1001 0
a range +70800 +73800 2015 1006 0
a range +73200 +73800 9003 1002 0
a range +73800 +74400 1001 2002 0
a range +70200 +74400 1004 2027 0
a range +72600 +74400 1005 9004 0
a range +73200 +74400 1006 2017 0
a range +73800 +74400 2002 1001 0
a range +73200 +74400 2017 1006 0
a range +70200 +74400 2027 1004 0
a range +72600 +74400 9004 1005 0
a range +72600 +75000 1003 9001 0
a range +73800 +75000 1005 2024 0
a range +70200 +75000 1005 2032 0
a range +73800 +75000 2024 1005 0
a range +70200 +75000 2032 1005 0
a range +72600 +75000 9001 1003 0
a range +73800 +75600 1001 2026 0
a range +74400 +75600 1001 2013 0
a range +72600 +75600 1002 2011 0
a range +73800 +75600 1002 2001 0
a range +70200 +75600 1003 2014 0
a range +74400 +75600 1004 2008 0
a range +73800 +75600 1006 2018 0
a range +73800 +75600 2001 1002 0
a range +74400 +75600 2008 1004 0
a range +72600 +75600 2011 1002 0
a range +74400 +75600 2013 1001 0
a range +70200 +75600 2014 1003 0
a range +73800 +75600 2018 1006 0
a range +73800 +75600 2026 1001 0
a range +71400 +76200 1001 2016 0
a range +75600 +76200 1001 2010 0
a range +75600 +76200 1002 2013 0
a range +74400 +76200 1005 2002 0
a range +73800 +76200 1006 2023 0
a range +74400 +76200 1006 2015 0
a range +74400 +76200 2002 1005 0
a range +75600 +76200 2010 1001 0
a range +75600 +76200 2013 1002 0
a range +74400 +76200 2015 1006 0
a range +71400 +76200 2016 1001 0
a range +73800 +76200 2023 1006 0
a range +75600 +76800 1003 9001 0
a range +70200 +76800 1004 2019 0
a range +70200 +76800 2019 1004 0
a range +75600 +76800 9001 1003 0
a range +72000 +77400 1004 2009 0
a range +72000 +77400 2009 1004 0
a range +75600 +78000 1001 2025 0
a range +75600 +78000 2025 1001 0
a range +75600 +79800 1004 2004 0
a range +75600 +79800 2004 1004 0
a range +76200 +80400 1001 2007 0
a range +75600 +80400 1002 2011 0
a range +75000 +80400 1003 9004 0
a range +77400 +80400 1004 2003 0
a range +75000 +80400 1005 2032 0
a range +76200 +80400 1006 2010 0
a range +77400 +80400 2003 1004 0
a range +76200 +80400 2007 1001 0
a range +76200 +80400 2010 1006 0
a range +75600 +80400 2011 1002 0
a range +75000 +80400 2032 1005 0
a range +75000 +80400 9004 1003 0
a range +76200 +81000 1001 2001 0
a range +76200 +81000 1002 2002 0
a range +76800 +81000 1003 2015 0
a range +73200 +81000 1003 9002 0
a range +76200 +81000 1005 2028 0
a range +75600 +81000 1006 2014 0
a range +76200 +81000 1006 2008 0
a range +76200 +81000 2001 1001 0
a range +76200 +81000 2002 1002 0
a range +76200 +81000 2008 1006 0
a range +75600 +81000 2014 1006 0
a range +76800 +81000 2015 1003 0
a range +76200 +81000 2028 1005 0
a range +73200 +81000 9002 1003 0
a range +81000 +81600 1001 2014 0
a range +70800 +81600 1002 2012 0
a range +81000 +81600 1003 9004 0
a range +79800 +81600 1004 2018 0
a range +81000 +81600 1005 2015 0
a range +70800 +81600 2012 1002 0
a range +81000 +81600 2014 1001 0
a range +81000 +81600 2015 1005 0
a range +79800 +81600 2018 1004 0
a range +81000 +81600 9004 1003 0
a range +80400 +82200 1001 2020 0
a range +78000 +82200 1001 2030 0
a range +81600 +82200 1001 9001 0
a range +81000 +82200 1002 2008 0
a range +80400 +82200 1004 2004 0
a range +76800 +82200 1004 2013 0
a range +81600 +82200 1004 2011 0
a range +75000 +82200 1005 2022 0
a range +81000 +82200 1006 2017 0
a range +81000 +82200 1006 2007 0
a range +80400 +82200 2004 1004 0
a range +81000 +82200 2007 1006 0
a range +81000 +82200 2008 1002 0
a range +81600 +82200 2011 1004 0
a range +76800 +82200 2013 1004 0
a range +81000 +82200 2017 1006 0
a range +80400 +82200 2020 1001 0
a range +75000 +82200 2022 1005 0
a range +78000 +82200 2030 1001 0
a range +81600 +82200 9001 1001 0
a range +82200 +82800 1001 2025 0
a range +81600 +82800 1002 2005 0
a range +81600 +82800 1003 2018 0
a range +82200 +82800 1005 2013 0
a range +82200 +82800 1006 2016 0
a range +81600 +82800 2005 1002 0
a range +82200 +82800 2013 1005 0
a range +82200 +82800 2016 1006 0
a range +81600 +82800 2018 1003 0
a range +82200 +82800 2025 1001 0
a range +80400 +83400 1002 2024 0
a range +80400 +83400 1003 2003 0
a range +82200 +83400 1004 2012 0
a range +82200 +83400 1004 2001 0
a range +82800 +83400 1005 2030 0
a range +81600 +83400 1005 2014 0
a range +82200 +83400 1006 9004 0
a range +82200 +83400 2001 1004 0
a range +80400 +83400 2003 1003 0
a range +82200 +83400 2012 1004 0
a range +81600 +83400 2014 1005 0
a range +80400 +83400 2024 1002 0
a range +82800 +83400 2030 1005 0
a range +82200 +83400 9004 1006 0
a range +82200 +84000 1001 2009 0
a range +82200 +84000 1001 2029 0
a range +82800 +84000 1002 2015 0
a range +82800 +84000 1003 2007 0
a range +83400 +84000 1004 2030 0
a range +83400 +84000 1004 2011 0
a range +80400 +84000 1005 2010 0
a range +83400 +84000 1005 2022 0
a range +80400 +84000 1006 2031 0
a range +82800 +84000 2007 1003 0
a range +82200 +84000 2009 1001 0
a range +80400 +84000 2010 1005 0
a range +83400 +84000 2011 1004 0
a range +82800 +84000 2015 1002 0
a range +83400 +84000 2022 1005 0
a range +82200 +84000 2029 1001 0
a range +83400 +84000 2030 1004 0
a range +80400 +84000 2031 1006 0
a range +82200 +84600 1004 9003 0
a range +82200 +84600 9003 1004 0
a range +82200 +85200 1002 2004 0
a range +84000 +85200 1003 2011 0
a range +83400 +85200 1003 2016 0
a range +84000 +85200 1005 2008 0
a range +83400 +85200 1005 2020 0
a range +83400 +85200 1006 2013 0
a range +82200 +85200 2004 1002 0
a range +84000 +85200 2008 1005 0
a range +84000 +85200 2011 1003 0
a range +83400 +85200 2013 1006 0
a range +83400 +85200 2016 1003 0
a range +83400 +85200 2020 1005 0
a range +84000 +85800 1001 2031 0
a range +84000 +85800 1001 2015 0
a range +85200 +85800 1002 2012 0
a range +84000 +85800 1004 2003 0
a range +84000 +85800 1006 2005 0
a range +84000 +85800 2003 1004 0
a range +84000 +85800 2005 1006 0
a range +85200 +85800 2012 1002 0
a range +84000 +85800 2015 1001 0
a range +84000 +85800 2031 1001 0
a range +85800 +86400 1001 9001 0
a range +85800 +86400 1001 2009 0
a range +82800 +86400 1001 2018 0
a range +85800 +86400 1002 2004 0
a range +83400 +86400 1002 2014 0
a range +84000 +86400 1002 2001 0
a range +85200 +86400 1003 2006 0
a range +85200 +86400 1003 2028 0
a range +81000 +86400 1003 2021 0
a range +84600 +86400 1004 2002 0
a range +85800 +86400 1004 9002 0
a range +84000 +86400 1004 9004 0
a range +84000 +86400 1005 2007 0
a range +85200 +86400 1005 9003 0
a range +85200 +86400 1005 2011 0
a range +85800 +86400 1006 2031 0
a range +82800 +86400 1006 2026 0
a range +85200 +86400 1006 2027 0
a range +84000 +86400 2001 1002 0
a range +84600 +86400 2002 1004 0
a range +85800 +86400 2004 1002 0
a range +85200 +86400 2006 1003 0
a range +84000 +86400 2007 1005 0
a range +85800 +86400 2009 1001 0
a range +85200 +86400 2011 1005 0
a range +83400 +86400 2014 1002 0
a range +82800 +86400 2018 1001 0
a range +81000 +86400 2021 1003 0
a range +82800 +86400 2026 1006 0
a range +85200 +86400 2027 1006 0
a range +85200 +86400 2028 1003 0
a range +85800 +86400 2031 1006 0
a range +85800 +86400 9001 1001 0
a range +85800 +86400 9002 1004 0
a range +85200 +86400 9003 1005 0
a range +84000 +86400 9004 1004 0
