a contact +1600 +1900 2003 9001 1000
a contact +1600 +1900 9001 2003 1000
a contact +2400 +3000 2003 9002 1000
a contact +2400 +3000 9002 2003 1000
a contact +3000 +3600 1001 2004 1000
a contact +3000 +3600 2001 9001 1000
a contact +3000 +3600 2002 9002 1000
a contact +3000 +3600 2004 1001 1000
a contact +3000 +3600 9001 2001 1000
a contact +3000 +3600 9002 2002 1000
a contact +6000 +6600 1001 2002 1000
a contact +6000 +6600 2002 1001 1000
a contact +6600 +7200 1001 2004 1000
a contact +6600 +7200 2004 1001 1000
a contact +7200 +7800 2001 2004 1000
a contact +7200 +7800 2004 2001 1000
a contact +8400 +9000 2001 9001 1000
a contact +8400 +9000 9001 2001 1000
a contact +9600 +10000 1001 9001 1000
a contact +9600 +10000 9001 1001 1000
a contact +10000 +10600 2003 9001 1000
a contact +10000 +10600 9001 2003 1000
a contact +10600 +11200 1001 9002 1000
a contact +10600 +11200 9002 1001 1000
a contact +11200 +11300 2002 2004 1000
a contact +11200 +11300 2004 2002 1000
a contact +11300 +11900 2002 9001 1000
a contact +11300 +11900 9001 2002 1000
a contact +13200 +13800 2003 9001 1000
a contact +13200 +13800 9001 2003 1000
a contact +21600 +22200 2001 2003 1000
a contact +21600 +22200 2003 2001 1000
a contact +23200 +23800 2002 2004 1000
a contact +23200 +23800 2004 2002 1000
a contact +27200 +27800 2001 2004 1000
a contact +27200 +27800 2004 2001 1000
a contact +27800 +28400 1001 9001 1000
a contact +27800 +28400 2001 9002 1000
a contact +27800 +28400 9001 1001 1000
a contact +27800 +28400 9002 2001 1000
a contact +28400 +29000 1001 9002 1000
a contact +28400 +29000 2002 2004 1000
a contact +28400 +29000 2004 2002 1000
a contact +28400 +29000 9002 1001 1000
a contact +29600 +29800 1001 9002 1000
a contact +29600 +29800 2002 2004 1000
a contact +29600 +29800 2004 2002 1000
a contact +29600 +29800 9002 1001 1000
a contact +34700 +35300 2001 9003 1000
a contact +34700 +35300 9003 2001 1000
a contact +35900 +36800 2003 9003 1000
a contact +35900 +36800 9003 2003 1000
a contact +42800 +44000 1001 9001 1000
a contact +42800 +44000 9001 1001 1000
a contact +46900 +47300 1001 9002 1000
a contact +46900 +47300 9002 1001 1000
a contact +47900 +48500 1001 9002 1000
a contact +47900 +48500 9002 1001 1000
a contact +49500 +50100 2001 9003 1000
a contact +49500 +50100 9003 2001 1000
a contact +50100 +50700 2001 2003 1000
a contact +50100 +50700 2003 2001 1000
a contact +54600 +54700 1001 2003 1000
a contact +54600 +54700 2003 1001 1000
a contact +58200 +58700 2003 9001 1000
a contact +58200 +58700 9001 2003 1000
a contact +58700 +59300 1001 2004 1000
a contact +58700 +59300 2004 1001 1000
a contact +61300 +61900 2002 9001 1000
a contact +61300 +61900 9001 2002 1000
a contact +61900 +62500 2001 9001 1000
a contact +61900 +62500 9001 2001 1000
a contact +64300 +64900 2001 9001 1000
a contact +64300 +64900 9001 2001 1000
a contact +66200 +66800 2003 9001 1000
a contact +66200 +66800 9001 2003 1000
a contact +68500 +69100 2002 9001 1000
a contact +68500 +69100 9001 2002 1000
a contact +70300 +70900 2001 9003 1000
a contact +70300 +70900 2003 9001 1000
a contact +70300 +70900 9001 2003 1000
a contact +70300 +70900 9003 2001 1000
a contact +70900 +71500 2002 9001 1000
a contact +70900 +71500 9001 2002 1000
a contact +71500 +72100 2001 9003 1000
a contact +71500 +72100 9003 2001 1000
a contact +73100 +73700 2003 9001 1000
a contact +73100 +73700 9001 2003 1000
a contact +74300 +74900 2001 2004 1000
a contact +74300 +74900 2002 9001 1000
a contact +74300 +74900 2004 2001 1000
a contact +74300 +74900 9001 2002 1000
a contact +75600 +75900 2001 9001 1000
a contact +75600 +75900 9001 2001 1000
a contact +76500 +77100 2001 9001 1000
a contact +76500 +77100 9001 2001 1000
a contact +78000 +78200 2001 2003 1000
a contact +78000 +78200 2003 2001 1000
a contact +78200 +78400 2001 2004 1000
a contact +78200 +78400 2002 9001 1000
a contact +78200 +78400 2004 2001 1000
a contact +78200 +78400 9001 2002 1000
a contact +80200 +80800 2004 9002 1000
a contact +80200 +80800 9002 2004 1000
a contact +80800 +81000 2001 9002 1000
a contact +80800 +81000 9002 2001 1000
a contact +82800 +83400 2001 2004 1000
a contact +82800 +83400 2004 2001 1000
a contact +83800 +84400 2004 9002 1000
a contact +83800 +84400 9002 2004 1000
a contact +85000 +85600 1001 2004 1000
a contact +85000 +85600 2001 9001 1000
a contact +85000 +85600 2002 9002 1000
a contact +85000 +85600 2004 1001 1000
a contact +85000 +85600 9001 2001 1000
a contact +85000 +85600 9002 2002 1000

a range +1600 +1900 2003 9001 1102.3349
a range +1600 +1900 9001 2003 1102.3349
a range +2400 +3000 2003 9002 1102.4935
a range +2400 +3000 9002 2003 1102.4935
a range +3000 +3600 1001 2004 1102.6941
a range +3000 +3600 2001 9001 1102.3343
a range +3000 +3600 2002 9002 1102.4702
a range +3000 +3600 2004 1001 1102.6941
a range +3000 +3600 9001 2001 1102.3343
a range +3000 +3600 9002 2002 1102.4702
a range +6000 +6600 1001 2002 1102.4888
a range +6000 +6600 2002 1001 1102.4888
a range +6600 +7200 1001 2004 1102.6941
a range +6600 +7200 2004 1001 1102.6941
a range +7200 +7800 2001 2004 0.0432
a range +7200 +7800 2004 2001 0.0432
a range +8400 +9000 2001 9001 1102.3343
a range +8400 +9000 9001 2001 1102.3343
a range +9600 +10000 1001 9001 0.0592
a range +9600 +10000 9001 1001 0.0592
a range +10000 +10600 2003 9001 1102.3349
a range +10000 +10600 9001 2003 1102.3349
a range +10600 +11200 1001 9002 0.0591
a range +10600 +11200 9002 1001 0.0591
a range +11200 +11300 2002 2004 0.0337
a range +11200 +11300 2004 2002 0.0337
a range +11300 +11900 2002 9001 1102.335
a range +11300 +11900 9001 2002 1102.335
a range +13200 +13800 2003 9001 1102.3349
a range +13200 +13800 9001 2003 1102.3349
a range +21600 +22200 2001 2003 0.0337
a range +21600 +22200 2003 2001 0.0337
a range +23200 +23800 2002 2004 0.0337
a range +23200 +23800 2004 2002 0.0337
a range +27200 +27800 2001 2004 0.043
a range +27200 +27800 2004 2001 0.043
a range +27800 +28400 1001 9001 0.0595
a range +27800 +28400 2001 9002 1103.3763
a range +27800 +28400 9001 1001 0.0595
a range +27800 +28400 9002 2001 1103.3763
a range +28400 +29000 1001 9002 0.0594
a range +28400 +29000 2002 2004 0.0337
a range +28400 +29000 2004 2002 0.0337
a range +28400 +29000 9002 1001 0.0594
a range +29600 +29800 1001 9002 0.0594
a range +29600 +29800 2002 2004 0.0337
a range +29600 +29800 2004 2002 0.0337
a range +29600 +29800 9002 1001 0.0594
a range +34700 +35300 2001 9003 1104.7676
a range +34700 +35300 9003 2001 1104.7676
a range +35900 +36800 2003 9003 1103.2285
a range +35900 +36800 9003 2003 1103.2285
a range +42800 +44000 1001 9001 0.0593
a range +42800 +44000 9001 1001 0.0593
a range +46900 +47300 1001 9002 0.0591
a range +46900 +47300 9002 1001 0.0591
a range +47900 +48500 1001 9002 0.0591
a range +47900 +48500 9002 1001 0.0591
a range +49500 +50100 2001 9003 1104.7676
a range +49500 +50100 9003 2001 1104.7676
a range +50100 +50700 2001 2003 0.0337
a range +50100 +50700 2003 2001 0.0337
a range +54600 +54700 1001 2003 1103.9173
a range +54600 +54700 2003 1001 1103.9173
a range +58200 +58700 2003 9001 1104.6705
a range +58200 +58700 9001 2003 1104.6705
a range +58700 +59300 1001 2004 1104.5028
a range +58700 +59300 2004 1001 1104.5028
a range +61300 +61900 2002 9001 1104.6512
a range +61300 +61900 9001 2002 1104.6512
a range +61900 +62500 2001 9001 1105.0474
a range +61900 +62500 9001 2001 1105.0474
a range +64300 +64900 2001 9001 1105.0474
a range +64300 +64900 9001 2001 1105.0474
a range +66200 +66800 2003 9001 1104.6705
a range +66200 +66800 9001 2003 1104.6705
a range +68500 +69100 2002 9001 1104.6512
a range +68500 +69100 9001 2002 1104.6512
a range +70300 +70900 2001 9003 1104.7676
a range +70300 +70900 2003 9001 1104.6705
a range +70300 +70900 9001 2003 1104.6705
a range +70300 +70900 9003 2001 1104.7676
a range +70900 +71500 2002 9001 1104.6512
a range +70900 +71500 9001 2002 1104.6512
a range +71500 +72100 2001 9003 1104.7676
a range +71500 +72100 9003 2001 1104.7676
a range +73100 +73700 2003 9001 1104.6705
a range +73100 +73700 9001 2003 1104.6705
a range +74300 +74900 2001 2004 0.0433
a range +74300 +74900 2002 9001 1104.6512
a range +74300 +74900 2004 2001 0.0433
a range +74300 +74900 9001 2002 1104.6512
a range +75600 +75900 2001 9001 1105.0474
a range +75600 +75900 9001 2001 1105.0474
a range +76500 +77100 2001 9001 1105.0474
a range +76500 +77100 9001 2001 1105.0474
a range +78000 +78200 2001 2003 0.0337
a range +78000 +78200 2003 2001 0.0337
a range +78200 +78400 2001 2004 0.0432
a range +78200 +78400 2002 9001 1105.0351
a range +78200 +78400 2004 2001 0.0432
a range +78200 +78400 9001 2002 1105.0351
a range +80200 +80800 2004 9002 1105.0567
a range +80200 +80800 9002 2004 1105.0567
a range +80800 +81000 2001 9002 1105.0546
a range +80800 +81000 9002 2001 1105.0546
a range +82800 +83400 2001 2004 0.0432
a range +82800 +83400 2004 2001 0.0432
a range +83800 +84400 2004 9002 1105.0567
a range +83800 +84400 9002 2004 1105.0567
a range +85000 +85600 1001 2004 1105.0216
a range +85000 +85600 2001 9001 1105.0474
a range +85000 +85600 2002 9002 1105.0424
a range +85000 +85600 2004 1001 1105.0216
a range +85000 +85600 9001 2001 1105.0474
a range +85000 +85600 9002 2002 1105.0424
