a contact +0 +600 1002 2003 10000
a contact +0 +600 1002 2020 10000
a contact +0 +600 1003 9001 100000
a contact +0 +600 1003 2019 10000
a contact +0 +600 1003 2006 10000
a contact +0 +600 1004 2010 10000
a contact +0 +600 1004 2004 10000
a contact +0 +600 1004 2001 10000
a contact +0 +600 1005 9002 100000
a contact +0 +600 1005 2017 10000
a contact +0 +600 1005 2027 10000
a contact +0 +600 2001 1004 10000
a contact +0 +600 2003 1002 10000
a contact +0 +600 2004 1004 10000
a contact +0 +600 2006 1003 10000
a contact +0 +600 2010 1004 10000
a contact +0 +600 2017 1005 10000
a contact +0 +600 2019 1003 10000
a contact +0 +600 2020 1002 10000
a contact +0 +600 2027 1005 10000
a contact +0 +600 9001 1003 100000
a contact +0 +600 9002 1005 100000
a contact +0 +1200 1002 2030 10000
a contact +0 +1200 2030 1002 10000
a contact +0 +2400 1001 9003 100000
a contact +0 +2400 9003 1001 100000
a contact +2400 +3000 1004 2031 10000
a contact +2400 +3000 2031 1004 10000
a contact +6000 +6600 1004 9002 100000
a contact +6000 +6600 9002 1004 100000
a contact +5400 +7200 1005 9003 100000
a contact +5400 +7200 9003 1005 100000
a contact +9600 +10200 1001 2011 10000
a contact +9600 +10200 2011 1001 10000
a contact +11400 +12000 1001 2036 10000
a contact +10200 +12000 1004 9003 100000
a contact +11400 +12000 2036 1001 10000
a contact +10200 +12000 9003 1004 100000
a contact +12600 +13200 1001 2001 10000
a contact +12600 +13200 2001 1001 10000
a contact +13800 +15600 1003 9003 100000
a contact +13800 +15600 9003 1003 100000
a contact +15600 +16200 1002 2018 10000
a contact +15600 +16200 2018 1002 10000
a contact +16200 +16800 1003 9001 100000
a contact +16200 +16800 1003 9003 100000
a contact +16200 +16800 9001 1003 100000
a contact +16200 +16800 9003 1003 100000
a contact +19800 +21600 1002 9001 100000
a contact +19800 +21600 1002 9003 100000
a contact +19800 +21600 9001 1002 100000
a contact +19800 +21600 9003 1002 100000
a contact +22800 +23400 1005 9003 100000
a contact +22800 +23400 1005 2031 10000
a contact +22800 +23400 2031 1005 10000
a contact +22800 +23400 9003 1005 100000
a contact +24000 +25200 1001 9003 100000
a contact +24000 +25200 1001 9001 100000
a contact +24000 +25200 9001 1001 100000
a contact +24000 +25200 9003 1001 100000
a contact +25800 +26400 1001 9001 100000
a contact +25800 +26400 9001 1001 100000
a contact +26400 +27000 1003 2009 10000
a contact +26400 +27000 1005 2023 10000
a contact +26400 +27000 2009 1003 10000
a contact +26400 +27000 2023 1005 10000
a contact +27000 +27600 1003 2011 10000
a contact +27000 +27600 2011 1003 10000
a contact +28800 +29400 1005 9003 100000
a contact +28800 +29400 9003 1005 100000
a contact +30600 +31200 1001 2021 10000
a contact +28800 +31200 1005 9001 100000
a contact +30600 +31200 2021 1001 10000
a contact +28800 +31200 9001 1005 100000
a contact +33600 +34200 1004 9001 100000
a contact +33600 +34200 9001 1004 100000
a contact +34800 +35400 1004 9001 100000
a contact +34800 +35400 9001 1004 100000
a contact +36600 +37200 1002 2004 10000
a contact +36600 +37200 2004 1002 10000
a contact +38400 +39000 1003 9001 100000
a contact +38400 +39000 9001 1003 100000
a contact +39000 +39600 1005 9002 100000
a contact +39000 +39600 9002 1005 100000
a contact +40200 +40800 1005 2029 10000
a contact +40200 +40800 2029 1005 10000
a contact +40800 +41400 1005 2011 10000
a contact +40800 +41400 2011 1005 10000
a contact +42600 +43200 1002 9001 100000
a contact +42600 +43200 9001 1002 100000
a contact +43800 +44400 1001 2035 10000
a contact +43800 +44400 1002 9001 100000
a contact +43800 +44400 1002 9002 100000
a contact +43800 +44400 2035 1001 10000
a contact +43800 +44400 9001 1002 100000
a contact +43800 +44400 9002 1002 100000
a contact +48000 +48600 1001 9002 100000
a contact +47400 +48600 1002 2016 10000
a contact +47400 +48600 2016 1002 10000
a contact +48000 +48600 9002 1001 100000
a contact +48000 +49200 1001 9001 100000
a contact +48000 +49200 9001 1001 100000
a contact +49200 +49800 1001 9002 100000
a contact +49200 +49800 9002 1001 100000
a contact +51000 +51600 1005 2026 10000
a contact +51000 +51600 2026 1005 10000
a contact +51600 +52200 1003 2021 10000
a contact +51600 +52200 2021 1003 10000
a contact +52200 +52800 1001 2023 10000
a contact +52200 +52800 1005 9001 100000
a contact +52200 +52800 2023 1001 10000
a contact +52200 +52800 9001 1005 100000
a contact +53400 +54000 1003 2004 10000
a contact +53400 +54000 2004 1003 10000
a contact +52200 +54600 1005 9002 100000
a contact +52200 +54600 9002 1005 100000
a contact +57000 +57600 1004 9002 100000
a contact +57000 +57600 9002 1004 100000
a contact +58800 +59400 1004 9002 100000
a contact +58800 +59400 9002 1004 100000
a contact +61200 +61800 1001 2001 10000
a contact +61200 +61800 2001 1001 10000
a contact +61200 +63600 1003 9002 100000
a contact +61200 +63600 9002 1003 100000
a contact +65400 +66000 1005 9001 100000
a contact +65400 +66000 9001 1005 100000
a contact +65400 +67200 1002 9002 100000
a contact +65400 +67200 9002 1002 100000
a contact +67800 +68400 1002 9002 100000
a contact +67800 +68400 1004 2001 10000
a contact +67800 +68400 2001 1004 10000
a contact +67800 +68400 9002 1002 100000
a contact +70200 +70800 1002 2001 10000
a contact +70200 +70800 2001 1002 10000
a contact +70200 +73200 1001 9002 100000
a contact +70200 +73200 9002 1001 100000
a contact +73200 +73800 1004 2023 10000
a contact +73200 +73800 2023 1004 10000
a contact +75600 +76200 1005 9002 100000
a contact +75600 +76200 9002 1005 100000
a contact +77400 +78000 1005 9003 100000
a contact +77400 +78000 9003 1005 100000
a contact +79800 +80400 1004 9002 100000
a contact +79800 +80400 9002 1004 100000
a contact +81000 +81600 1005 2005 10000
a contact +81000 +81600 2005 1005 10000
a contact +81600 +82200 1005 2031 10000
a contact +81600 +82200 2031 1005 10000
a contact +81600 +82800 1004 9003 100000
a contact +81600 +82800 9003 1004 100000
a contact +85200 +86400 1003 9003 100000
a contact +85200 +86400 9003 1003 100000

a range +0 +600 1002 2003 0
a range +0 +600 1002 2020 0
a range +0 +600 1003 9001 0
a range +0 +600 1003 2019 0
a range +0 +600 1003 2006 0
a range +0 +600 1004 2010 0
a range +0 +600 1004 2004 0
a range +0 +600 1004 2001 0
a range +0 +600 1005 9002 0
a range +0 +600 1005 2017 0
a range +0 +600 1005 2027 0
a range +0 +600 2001 1004 0
a range +0 +600 2003 1002 0
a range +0 +600 2004 1004 0
a range +0 +600 2006 1003 0
a range +0 +600 2010 1004 0
a range +0 +600 2017 1005 0
a range +0 +600 2019 1003 0
a range +0 +600 2020 1002 0
a range +0 +600 2027 1005 0
a range +0 +600 9001 1003 0
a range +0 +600 9002 1005 0
a range +0 +1200 1002 2030 0
a range +0 +1200 2030 1002 0
a range +0 +2400 1001 9003 0
a range +0 +2400 9003 1001 0
a range +2400 +3000 1004 2031 0
a range +2400 +3000 2031 1004 0
a range +6000 +6600 1004 9002 0
a range +6000 +6600 9002 1004 0
a range +5400 +7200 1005 9003 0
a range +5400 +7200 9003 1005 0
a range +9600 +10200 1001 2011 0
a range +9600 +10200 2011 1001 0
a range +11400 +12000 1001 2036 0
a range +10200 +12000 1004 9003 0
a range +11400 +12000 2036 1001 0
a range +10200 +12000 9003 1004 0
a range +12600 +13200 1001 2001 0
a range +12600 +13200 2001 1001 0
a range +13800 +15600 1003 9003 0
a range +13800 +15600 9003 1003 0
a range +15600 +16200 1002 2018 0
a range +15600 +16200 2018 1002 0
a range +16200 +16800 1003 9001 0
a range +16200 +16800 1003 9003 0
a range +16200 +16800 9001 1003 0
a range +16200 +16800 9003 1003 0
a range +19800 +21600 1002 9001 0
a range +19800 +21600 1002 9003 0
a range +19800 +21600 9001 1002 0
a range +19800 +21600 9003 1002 0
a range +22800 +23400 1005 9003 0
a range +22800 +23400 1005 2031 0
a range +22800 +23400 2031 1005 0
a range +22800 +23400 9003 1005 0
a range +24000 +25200 1001 9003 0
a range +24000 +25200 1001 9001 0
a range +24000 +25200 9001 1001 0
a range +24000 +25200 9003 1001 0
a range +25800 +26400 1001 9001 0
a range +25800 +26400 9001 1001 0
a range +26400 +27000 1003 2009 0
a range +26400 +27000 1005 2023 0
a range +26400 +27000 2009 1003 0
a range +26400 +27000 2023 1005 0
a range +27000 +27600 1003 2011 0
a range +27000 +27600 2011 1003 0
a range +28800 +29400 1005 9003 0
a range +28800 +29400 9003 1005 0
a range +30600 +31200 1001 2021 0
a range +28800 +31200 1005 9001 0
a range +30600 +31200 2021 1001 0
a range +28800 +31200 9001 1005 0
a range +33600 +34200 1004 9001 0
a range +33600 +34200 9001 1004 0
a range +34800 +35400 1004 9001 0
a range +34800 +35400 9001 1004 0
a range +36600 +37200 1002 2004 0
a range +36600 +37200 2004 1002 0
a range +38400 +39000 1003 9001 0
a range +38400 +39000 9001 1003 0
a range +39000 +39600 1005 9002 0
a range +39000 +39600 9002 1005 0
a range +40200 +40800 1005 2029 0
a range +40200 +40800 2029 1005 0
a range +40800 +41400 1005 2011 0
a range +40800 +41400 2011 1005 0
a range +42600 +43200 1002 9001 0
a range +42600 +43200 9001 1002 0
a range +43800 +44400 1001 2035 0
a range +43800 +44400 1002 9001 0
a range +43800 +44400 1002 9002 0
a range +43800 +44400 2035 1001 0
a range +43800 +44400 9001 1002 0
a range +43800 +44400 9002 1002 0
a range +48000 +48600 1001 9002 0
a range +47400 +48600 1002 2016 0
a range +47400 +48600 2016 1002 0
a range +48000 +48600 9002 1001 0
a range +48000 +49200 1001 9001 0
a range +48000 +49200 9001 1001 0
a range +49200 +49800 1001 9002 0
a range +49200 +49800 9002 1001 0
a range +51000 +51600 1005 2026 0
a range +51000 +51600 2026 1005 0
a range +51600 +52200 1003 2021 0
a range +51600 +52200 2021 1003 0
a range +52200 +52800 1001 2023 0
a range +52200 +52800 1005 9001 0
a range +52200 +52800 2023 1001 0
a range +52200 +52800 9001 1005 0
a range +53400 +54000 1003 2004 0
a range +53400 +54000 2004 1003 0
a range +52200 +54600 1005 9002 0
a range +52200 +54600 9002 1005 0
a range +57000 +57600 1004 9002 0
a range +57000 +57600 9002 1004 0
a range +58800 +59400 1004 9002 0
a range +58800 +59400 9002 1004 0
a range +61200 +61800 1001 2001 0
a range +61200 +61800 2001 1001 0
a range +61200 +63600 1003 9002 0
a range +61200 +63600 9002 1003 0
a range +65400 +66000 1005 9001 0
a range +65400 +66000 9001 1005 0
a range +65400 +67200 1002 9002 0
a range +65400 +67200 9002 1002 0
a range +67800 +68400 1002 9002 0
a range +67800 +68400 1004 2001 0
a range +67800 +68400 2001 1004 0
a range +67800 +68400 9002 1002 0
a range +70200 +70800 1002 2001 0
a range +70200 +70800 2001 1002 0
a range +70200 +73200 1001 9002 0
a range +70200 +73200 9002 1001 0
a range +73200 +73800 1004 2023 0
a range +73200 +73800 2023 1004 0
a range +75600 +76200 1005 9002 0
a range +75600 +76200 9002 1005 0
a range +77400 +78000 1005 9003 0
a range +77400 +78000 9003 1005 0
a range +79800 +80400 1004 9002 0
a range +79800 +80400 9002 1004 0
a range +81000 +81600 1005 2005 0
a range +81000 +81600 2005 1005 0
a range +81600 +82200 1005 2031 0
a range +81600 +82200 2031 1005 0
a range +81600 +82800 1004 9003 0
a range +81600 +82800 9003 1004 0
a range +85200 +86400 1003 9003 0
a range +85200 +86400 9003 1003 0
