a contact +800 +1400 2004 9001 1000
a contact +800 +1400 9001 2004 1000
a contact +1400 +1600 2003 2004 1000
a contact +1400 +1600 2004 2003 1000
a contact +2800 +3400 1002 9002 1000
a contact +2800 +3400 2002 9001 1000
a contact +2800 +3400 9001 2002 1000
a contact +2800 +3400 9002 1002 1000
a contact +4200 +4800 1002 2004 1000
a contact +4200 +4800 2004 1002 1000
a contact +6000 +6600 1002 2003 1000
a contact +6000 +6600 2002 9002 1000
a contact +6000 +6600 2003 1002 1000
a contact +6000 +6600 9002 2002 1000
a contact +6600 +7200 1002 9002 1000
a contact +6600 +7200 9002 1002 1000
a contact +7800 +8400 1002 2004 1000
a contact +7800 +8400 2001 9002 1000
a contact +7800 +8400 2004 1002 1000
a contact +7800 +8400 9002 2001 1000
a contact +8400 +8600 1001 9001 1000
a contact +8400 +8600 9001 1001 1000
a contact +14800 +15900 1002 9001 1000
a contact +14800 +15900 9001 1002 1000
a contact +17600 +17700 1002 2004 1000
a contact +17600 +17700 2004 1002 1000
a contact +20000 +20500 2003 2004 1000
a contact +20000 +20500 2004 2003 1000
a contact +20500 +20800 1002 2003 1000
a contact +20500 +20800 2003 1002 1000
a contact +21200 +21800 1002 2004 1000
a contact +21200 +21800 2004 1002 1000
a contact +21800 +22400 2002 9002 1000
a contact +21800 +22400 9002 2002 1000
a contact +22400 +22600 1002 9002 1000
a contact +22400 +22600 9002 1002 1000
a contact +22600 +23200 1001 9001 1000
a contact +22600 +23200 9001 1001 1000
a contact +23200 +23800 1001 9003 1000
a contact +23200 +23800 2001 2004 1000
a contact +23200 +23800 2004 2001 1000
a contact +23200 +23800 9003 1001 1000
a contact +24400 +25000 1001 9003 1000
a contact +24400 +25000 9003 1001 1000
a contact +29800 +30200 2002 2003 1000
a contact +29800 +30200 2003 2002 1000
a contact +31100 +31700 1001 9002 1000
a contact +31100 +31700 9002 1001 1000
a contact +31800 +32400 1002 9001 1000
a contact +31800 +32400 9001 1002 1000
a contact +34800 +34900 2002 9003 1000
a contact +34800 +34900 9003 2002 1000
a contact +35600 +36200 1002 9001 1000
a contact +35600 +36200 9001 1002 1000
a contact +38200 +38800 1002 9002 1000
a contact +38200 +38800 9002 1002 1000
a contact +40400 +41000 1002 2004 1000
a contact +40400 +41000 2004 1002 1000
a contact +44000 +44700 1001 9001 1000
a contact +44000 +44700 9001 1001 1000
a contact +44700 +45300 1002 2003 1000
a contact +44700 +45300 2003 1002 1000
a contact +45500 +46100 1002 9003 1000
a contact +45500 +46100 9003 1002 1000
a contact +46100 +46700 1002 2004 1000
a contact +46100 +46700 2004 1002 1000
a contact +46700 +46900 1002 9003 1000
a contact +46700 +46900 9003 1002 1000
a contact +48500 +49000 2003 2004 1000
a contact +48500 +49000 2004 2003 1000
a contact +50900 +51500 2002 2003 1000
a contact +50900 +51500 2003 2002 1000
a contact +51500 +51900 1002 9001 1000
a contact +51500 +51900 9001 1002 1000
a contact +53900 +54500 2003 9003 1000
a contact +53900 +54500 9003 2003 1000
a contact +54500 +54600 2004 9003 1000
a contact +54500 +54600 9003 2004 1000
a contact +54500 +54700 1001 2003 1000
a contact +54600 +54700 1002 9001 1000
a contact +54600 +54700 2002 9003 1000
a contact +54500 +54700 2003 1001 1000
a contact +54600 +54700 9001 1002 1000
a contact +54600 +54700 9003 2002 1000
a contact +57000 +57600 2004 9001 1000
a contact +57000 +57600 9001 2004 1000
a contact +60100 +60700 1002 9002 1000
a contact +60100 +60700 9002 1002 1000
a contact +61300 +61900 1002 2004 1000
a contact +61300 +61900 2001 9001 1000
a contact +61300 +61900 2004 1002 1000
a contact +61300 +61900 9001 2001 1000
a contact +65100 +65300 1002 2004 1000
a contact +65100 +65300 2004 1002 1000
a contact +68700 +69300 1002 2004 1000
a contact +68700 +69300 2004 1002 1000
a contact +69900 +70300 2001 2004 1000
a contact +69900 +70300 2004 2001 1000
a contact +71500 +71800 2003 2004 1000
a contact +71500 +71800 2004 2003 1000
a contact +71800 +72400 2002 9003 1000
a contact +71800 +72400 9003 2002 1000
a contact +73000 +73100 1002 9001 1000
a contact +73000 +73100 2001 9003 1000
a contact +73000 +73100 9001 1002 1000
a contact +73000 +73100 9003 2001 1000
a contact +73100 +73700 1002 2003 1000
a contact +73100 +73700 2003 1002 1000
a contact +74600 +75200 1002 9002 1000
a contact +74600 +75200 9002 1002 1000
a contact +75200 +75400 2003 2004 1000
a contact +75200 +75400 2004 2003 1000
a contact +76500 +76600 2003 2004 1000
a contact +76500 +76600 2004 2003 1000
a contact +76600 +77100 2004 9001 1000
a contact +76600 +77100 9001 2004 1000
a contact +79000 +79600 1001 9003 1000
a contact +79000 +79600 9003 1001 1000
a contact +79600 +80200 1002 2004 1000
a contact +79600 +80200 2004 1002 1000
a contact +81600 +82000 1001 9001 1000
a contact +81600 +82000 9001 1001 1000
a contact +82300 +82400 1001 9001 1000
a contact +82300 +82400 9001 1001 1000
a contact +82400 +83000 1001 2003 1000
a contact +82400 +83000 2003 1001 1000
a contact +83600 +83800 1001 9001 1000
a contact +83600 +83800 1002 9003 1000
a contact +83600 +83800 9001 1001 1000
a contact +83600 +83800 9003 1002 1000
a contact +84400 +84800 1002 9003 1000
a contact +84400 +84800 9003 1002 1000

a range +800 +1400 2004 9001 1102.3341
a range +800 +1400 9001 2004 1102.3341
a range +1400 +1600 2003 2004 0.0182
a range +1400 +1600 2004 2003 0.0182
a range +2800 +3400 1002 9002 0.0592
a range +2800 +3400 2002 9001 1102.335
a range +2800 +3400 9001 2002 1102.335
a range +2800 +3400 9002 1002 0.0592
a range +4200 +4800 1002 2004 1102.2314
a range +4200 +4800 2004 1002 1102.2314
a range +6000 +6600 1002 2003 1102.2184
a range +6000 +6600 2002 9002 1102.4702
a range +6000 +6600 2003 1002 1102.2184
a range +6000 +6600 9002 2002 1102.4702
a range +6600 +7200 1002 9002 0.0592
a range +6600 +7200 9002 1002 0.0592
a range +7800 +8400 1002 2004 1102.2314
a range +7800 +8400 2001 9002 1103.3763
a range +7800 +8400 2004 1002 1102.2314
a range +7800 +8400 9002 2001 1103.3763
a range +8400 +8600 1001 9001 0.0592
a range +8400 +8600 9001 1001 0.0592
a range +14800 +15900 1002 9001 0.0591
a range +14800 +15900 9001 1002 0.0591
a range +17600 +17700 1002 2004 1103.1486
a range +17600 +17700 2004 1002 1103.1486
a range +20000 +20500 2003 2004 0.0182
a range +20000 +20500 2004 2003 0.0182
a range +20500 +20800 1002 2003 1103.1532
a range +20500 +20800 2003 1002 1103.1532
a range +21200 +21800 1002 2004 1103.1486
a range +21200 +21800 2004 1002 1103.1486
a range +21800 +22400 2002 9002 1103.2146
a range +21800 +22400 9002 2002 1103.2146
a range +22400 +22600 1002 9002 0.0595
a range +22400 +22600 9002 1002 0.0595
a range +22600 +23200 1001 9001 0.0595
a range +22600 +23200 9001 1001 0.0595
a range +23200 +23800 1001 9003 0.0591
a range +23200 +23800 2001 2004 0.043
a range +23200 +23800 2004 2001 0.043
a range +23200 +23800 9003 1001 0.0591
a range +24400 +25000 1001 9003 0.0591
a range +24400 +25000 9003 1001 0.0591
a range +29800 +30200 2002 2003 0.0182
a range +29800 +30200 2003 2002 0.0182
a range +31100 +31700 1001 9002 0.0594
a range +31100 +31700 9002 1001 0.0594
a range +31800 +32400 1002 9001 0.0594
a range +31800 +32400 9001 1002 0.0594
a range +34800 +34900 2002 9003 1103.2098
a range +34800 +34900 9003 2002 1103.2098
a range +35600 +36200 1002 9001 0.0594
a range +35600 +36200 9001 1002 0.0594
a range +38200 +38800 1002 9002 0.0592
a range +38200 +38800 9002 1002 0.0592
a range +40400 +41000 1002 2004 1104.0597
a range +40400 +41000 2004 1002 1104.0597
a range +44000 +44700 1001 9001 0.0593
a range +44000 +44700 9001 1001 0.0593
a range +44700 +45300 1002 2003 1104.0032
a range +44700 +45300 2003 1002 1104.0032
a range +45500 +46100 1002 9003 0.0592
a range +45500 +46100 9003 1002 0.0592
a range +46100 +46700 1002 2004 1104.0597
a range +46100 +46700 2004 1002 1104.0597
a range +46700 +46900 1002 9003 0.0592
a range +46700 +46900 9003 1002 0.0592
a range +48500 +49000 2003 2004 0.0182
a range +48500 +49000 2004 2003 0.0182
a range +50900 +51500 2002 2003 0.0182
a range +50900 +51500 2003 2002 0.0182
a range +51500 +51900 1002 9001 0.0591
a range +51500 +51900 9001 1002 0.0591
a range +53900 +54500 2003 9003 1103.9432
a range +53900 +54500 9003 2003 1103.9432
a range +54500 +54600 2004 9003 1104.7658
a range +54500 +54600 9003 2004 1104.7658
a range +54500 +54700 1001 2003 1103.9173
a range +54600 +54700 1002 9001 0.0591
a range +54600 +54700 2002 9003 1103.9278
a range +54500 +54700 2003 1001 1103.9173
a range +54600 +54700 9001 1002 0.0591
a range +54600 +54700 9003 2002 1103.9278
a range +57000 +57600 2004 9001 1105.0495
a range +57000 +57600 9001 2004 1105.0495
a range +60100 +60700 1002 9002 0.0595
a range +60100 +60700 9002 1002 0.0595
a range +61300 +61900 1002 2004 1104.9544
a range +61300 +61900 2001 9001 1105.0474
a range +61300 +61900 2004 1002 1104.9544
a range +61300 +61900 9001 2001 1105.0474
a range +65100 +65300 1002 2004 1104.9544
a range +65100 +65300 2004 1002 1104.9544
a range +68700 +69300 1002 2004 1104.9544
a range +68700 +69300 2004 1002 1104.9544
a range +69900 +70300 2001 2004 0.0433
a range +69900 +70300 2004 2001 0.0433
a range +71500 +71800 2003 2004 0.0182
a range +71500 +71800 2004 2003 0.0182
a range +71800 +72400 2002 9003 1104.6691
a range +71800 +72400 9003 2002 1104.6691
a range +73000 +73100 1002 9001 0.0594
a range +73000 +73100 2001 9003 1104.7676
a range +73000 +73100 9001 1002 0.0594
a range +73000 +73100 9003 2001 1104.7676
a range +73100 +73700 1002 2003 1104.6638
a range +73100 +73700 2003 1002 1104.6638
a range +74600 +75200 1002 9002 0.0593
a range +74600 +75200 9002 1002 0.0593
a range +75200 +75400 2003 2004 0.0182
a range +75200 +75400 2004 2003 0.0182
a range +76500 +76600 2003 2004 0.0182
a range +76500 +76600 2004 2003 0.0182
a range +76600 +77100 2004 9001 1105.0495
a range +76600 +77100 9001 2004 1105.0495
a range +79000 +79600 1001 9003 0.0594
a range +79000 +79600 9003 1001 0.0594
a range +79600 +80200 1002 2004 1104.9544
a range +79600 +80200 2004 1002 1104.9544
a range +81600 +82000 1001 9001 0.0593
a range +81600 +82000 9001 1001 0.0593
a range +82300 +82400 1001 9001 0.0593
a range +82300 +82400 9001 1001 0.0593
a range +82400 +83000 1001 2003 1105.0081
a range +82400 +83000 2003 1001 1105.0081
a range +83600 +83800 1001 9001 0.0593
a range +83600 +83800 1002 9003 0.0435
a range +83600 +83800 9001 1001 0.0593
a range +83600 +83800 9003 1002 0.0435
a range +84400 +84800 1002 9003 0.0435
a range +84400 +84800 9003 1002 0.0435
