a contact +600 +1200 4 12 50000000
a contact +1200 +1800 11 2 50000000
a contact +2400 +3000 10 3 50000000
a contact +4200 +4800 8 2 50000000
a contact +4200 +4800 11 3 50000000
a contact +5400 +6000 10 2 50000000
a contact +6600 +7200 10 1 50000000
a contact +7200 +7800 10 3 50000000
a contact +9600 +10200 9 3 50000000
a contact +10800 +11400 7 3 50000000
a contact +10800 +11400 9 1 50000000
a contact +11400 +12000 4 12 50000000
a contact +11400 +12000 6 13 50000000
a contact +11400 +12000 11 2 50000000
a contact +12600 +13200 10 2 50000000
a contact +13200 +13800 7 2 50000000
a contact +16200 +16800 8 2 50000000
a contact +15600 +16800 11 3 50000000
a contact +18000 +18600 10 1 50000000
a contact +25200 +25800 9 1 50000000
a contact +25800 +26400 10 2 50000000
a contact +27000 +27600 6 13 50000000
a contact +28200 +28800 8 1 50000000
a contact +29400 +30000 7 3 50000000
a contact +30000 +30600 4 13 50000000
a contact +31800 +32400 4 14 50000000
a contact +33600 +34200 7 3 50000000
a contact +34200 +34800 9 1 50000000
a contact +34800 +35400 5 13 50000000
a contact +35400 +36000 11 3 50000000
a contact +37200 +37800 7 3 50000000
a contact +37800 +38400 7 2 50000000
a contact +40800 +41400 9 1 50000000
a contact +41400 +42000 10 2 50000000
a contact +43200 +43800 11 2 50000000
a contact +46200 +46800 7 3 50000000
a contact +46800 +47400 11 3 50000000
a contact +48600 +49200 9 2 50000000
a contact +49800 +50400 9 1 50000000
a contact +50400 +51000 9 3 50000000
a contact +51600 +52200 11 3 50000000
a contact +54000 +54600 11 2 50000000
a contact +56400 +57000 5 12 50000000
a contact +60600 +61200 9 1 50000000
a contact +61200 +61800 9 3 50000000
a contact +63000 +63600 4 12 50000000
a contact +63600 +64200 9 1 50000000
a contact +64200 +64800 6 12 50000000
a contact +64800 +65400 8 2 50000000
a contact +66000 +66600 9 2 50000000
a contact +67800 +68400 10 1 50000000
a contact +68400 +69000 9 3 50000000
a contact +69000 +69600 8 3 50000000
a contact +70800 +71400 11 3 50000000
a contact +72000 +72600 7 1 50000000
a contact +77400 +78000 6 12 50000000
a contact +83400 +84000 11 3 50000000
a contact +85200 +85800 8 3 50000000
a contact +85800 +86400 9 3 50000000
a contact +600 +86400 12 15 100000000000
a contact +600 +86400 15 12 100000000000
a contact +600 +86400 13 15 100000000000
a contact +600 +86400 15 13 100000000000
a contact +600 +86400 14 15 100000000000
a contact +600 +86400 15 14 100000000000

a range +600 +1200 4 12 1102.3348
a range +1200 +1800 11 2 0.055
a range +2400 +3000 10 3 0.0542
a range +4200 +4800 8 2 0.0552
a range +4200 +4800 11 3 0.0552
a range +5400 +6000 10 2 0.0543
a range +6600 +7200 10 1 0.0556
a range +7200 +7800 10 3 0.0542
a range +9600 +10200 9 3 0.054
a range +10800 +11400 7 3 0.0558
a range +10800 +11400 9 1 0.0543
a range +11400 +12000 4 12 1102.3348
a range +11400 +12000 6 13 1102.6981
a range +11400 +12000 11 2 0.0558
a range +12600 +13200 10 2 0.0543
a range +13200 +13800 7 2 0.055
a range +16200 +16800 8 2 0.0552
a range +15600 +16800 11 3 0.0542
a range +18000 +18600 10 1 0.0553
a range +25200 +25800 9 1 0.0543
a range +25800 +26400 10 2 0.0544
a range +27000 +27600 6 13 1103.4031
a range +28200 +28800 8 1 0.0552
a range +29400 +30000 7 3 0.0558
a range +30000 +30600 4 13 1103.3938
a range +31800 +32400 4 14 1104.7646
a range +33600 +34200 7 3 0.0558
a range +34200 +34800 9 1 0.0543
a range +34800 +35400 5 13 1103.382
a range +35400 +36000 11 3 0.0546
a range +37200 +37800 7 3 0.0558
a range +37800 +38400 7 2 0.0437
a range +40800 +41400 9 1 0.0543
a range +41400 +42000 10 2 0.0437
a range +43200 +43800 11 2 0.0558
a range +46200 +46800 7 3 0.0558
a range +46800 +47400 11 3 0.0546
a range +48600 +49200 9 2 0.0542
a range +49800 +50400 9 1 0.0543
a range +50400 +51000 9 3 0.0326
a range +51600 +52200 11 3 0.0546
a range +54000 +54600 11 2 0.0558
a range +56400 +57000 5 12 1105.0472
a range +60600 +61200 9 1 0.0553
a range +61200 +61800 9 3 0.0326
a range +63000 +63600 4 12 1105.068
a range +63600 +64200 9 1 0.0553
a range +64200 +64800 6 12 1105.0805
a range +64800 +65400 8 2 0.0097
a range +66000 +66600 9 2 0.0542
a range +67800 +68400 10 1 0.0553
a range +68400 +69000 9 3 0.0326
a range +69000 +69600 8 3 0.0555
a range +70800 +71400 11 3 0.0546
a range +72000 +72600 7 1 0.0549
a range +77400 +78000 6 12 1105.0805
a range +83400 +84000 11 3 0.0546
a range +85200 +85800 8 3 0.0491
a range +85800 +86400 9 3 0.0326
a range +600 +86400 12 15 0.0
a range +600 +86400 15 12 0.0
a range +600 +86400 13 15 0.0
a range +600 +86400 15 13 0.0
a range +600 +86400 14 15 0.0
a range +600 +86400 15 14 0.0
