a contact +0 +600 2006 1001 50
a contact +600 +1200 2007 1002 50
a contact +1200 +1800 2001 9001 50
a contact +1800 +2400 2008 1002 50
a contact +3600 +4200 2008 1003 50
a contact +5400 +6000 2003 9002 50
a contact +4200 +6000 2005 1003 50
a contact +6000 +6600 1002 9003 1200
a contact +6600 +7200 2007 1001 50
a contact +7200 +7800 2007 1002 50
a contact +9000 +9600 2008 1003 50
a contact +13800 +14400 2005 1001 50
a contact +13200 +14400 2008 1002 50
a contact +15000 +15600 2002 9003 50
a contact +15000 +15600 2006 1003 50
a contact +16800 +17400 2003 9003 50
a contact +16200 +17400 2007 1003 50
a contact +18000 +18600 2003 9002 50
a contact +20400 +21600 2008 1003 50
a contact +21600 +22200 2003 9001 50
a contact +22200 +22800 2008 1003 50
a contact +25200 +25800 2008 1002 50
a contact +26400 +27600 2006 1003 50
a contact +31200 +31800 2002 9002 50
a contact +33000 +33600 2004 1001 50
a contact +33000 +33600 2007 1002 50
a contact +34200 +34800 2006 1002 50
a contact +34200 +35400 2008 1002 50
a contact +36000 +36600 2006 1001 50
a contact +37800 +38400 2005 1003 50
a contact +40200 +40800 1002 9001 1200
a contact +42000 +42600 2008 1003 50
a contact +43800 +44400 2007 1003 50
a contact +45000 +45600 2007 1001 50
a contact +45600 +46200 2007 1002 50
a contact +46200 +46800 2005 1001 50
a contact +46200 +46800 2008 1002 50
a contact +48600 +49200 2001 9001 50
a contact +49200 +49800 2004 1002 50
a contact +51600 +52200 1002 9001 1200
a contact +54000 +54600 2006 1003 50
a contact +55800 +56400 2006 1002 50
a contact +59400 +60000 2005 1003 50
a contact +61800 +62400 2002 9001 50
a contact +61800 +62400 2007 1003 50
a contact +62400 +63000 2006 1001 50
a contact +64800 +65400 2007 1001 50
a contact +65400 +66000 2004 1002 50
a contact +66600 +67200 2006 1003 50
a contact +67800 +68400 2004 1001 50
a contact +72000 +72600 2002 9002 50
a contact +74400 +75000 2004 1003 50
a contact +75600 +76200 1002 9001 1200
a contact +75000 +76200 2006 1001 50
a contact +76200 +76800 2006 1002 50
a contact +77400 +78000 2005 1001 50
a contact +79200 +79800 2005 1001 50
a contact +80400 +81000 2004 1002 50
a contact +80400 +81600 2003 9002 50
a contact +81600 +82200 2006 1001 50
a contact +82200 +82800 2002 9003 50
a contact +81600 +82800 2004 1002 50
a contact +82800 +83400 2006 1003 50
a contact +83400 +84000 2004 1003 50
a contact +84000 +84600 2004 1002 50
a contact +84000 +84600 2007 1003 50
a contact +85200 +85800 2001 9003 50
a contact +85800 +86400 2003 9003 50

a range +0 +600 2006 1001 0.0277
a range +600 +1200 2007 1002 0.0543
a range +1200 +1800 2001 9001 1105.068
a range +1800 +2400 2008 1002 0.0558
a range +3600 +4200 2008 1003 0.0546
a range +5400 +6000 2003 9002 1102.6981
a range +4200 +6000 2005 1003 0.0547
a range +6000 +6600 1002 9003 1104.7107
a range +6600 +7200 2007 1001 0.0553
a range +7200 +7800 2007 1002 0.0543
a range +9000 +9600 2008 1003 0.0546
a range +13800 +14400 2005 1001 0.0545
a range +13200 +14400 2008 1002 0.0558
a range +15000 +15600 2002 9003 1104.7851
a range +15000 +15600 2006 1003 0.0544
a range +16800 +17400 2003 9003 1103.5084
a range +16200 +17400 2007 1003 0.0542
a range +18000 +18600 2003 9002 1102.6981
a range +20400 +21600 2008 1003 0.0546
a range +21600 +22200 2003 9001 1105.0805
a range +22200 +22800 2008 1003 0.0546
a range +25200 +25800 2008 1002 0.0558
a range +26400 +27600 2006 1003 0.0326
a range +31200 +31800 2002 9002 1103.382
a range +33000 +33600 2004 1001 0.0549
a range +33000 +33600 2007 1002 0.0437
a range +34200 +34800 2006 1002 0.0542
a range +34200 +35400 2008 1002 0.0558
a range +36000 +36600 2006 1001 0.0277
a range +37800 +38400 2005 1003 0.0547
a range +40200 +40800 1002 9001 1102.3712
a range +42000 +42600 2008 1003 0.0542
a range +43800 +44400 2007 1003 0.0542
a range +45000 +45600 2007 1001 0.0553
a range +45600 +46200 2007 1002 0.0437
a range +46200 +46800 2005 1001 0.052
a range +46200 +46800 2008 1002 0.0558
a range +48600 +49200 2001 9001 1102.3348
a range +49200 +49800 2004 1002 0.0437
a range +51600 +52200 1002 9001 1102.3712
a range +54000 +54600 2006 1003 0.054
a range +55800 +56400 2006 1002 0.0549
a range +59400 +60000 2005 1003 0.0547
a range +61800 +62400 2002 9001 1102.3568
a range +61800 +62400 2007 1003 0.0542
a range +62400 +63000 2006 1001 0.0543
a range +64800 +65400 2007 1001 0.0553
a range +65400 +66000 2004 1002 0.0437
a range +66600 +67200 2006 1003 0.054
a range +67800 +68400 2004 1001 0.0549
a range +72000 +72600 2002 9002 1103.382
a range +74400 +75000 2004 1003 0.0558
a range +75600 +76200 1002 9001 1102.3712
a range +75000 +76200 2006 1001 0.0543
a range +76200 +76800 2006 1002 0.0543
a range +77400 +78000 2005 1001 0.052
a range +79200 +79800 2005 1001 0.052
a range +80400 +81000 2004 1002 0.0437
a range +80400 +81600 2003 9002 1103.4031
a range +81600 +82200 2006 1001 0.0543
a range +82200 +82800 2002 9003 1104.7851
a range +81600 +82800 2004 1002 0.0437
a range +82800 +83400 2006 1003 0.054
a range +83400 +84000 2004 1003 0.0558
a range +84000 +84600 2004 1002 0.055
a range +84000 +84600 2007 1003 0.0542
a range +85200 +85800 2001 9003 1104.7646
a range +85800 +86400 2003 9003 1104.7551
