a contact +2400 +3000 7 2 50000000
a contact +2400 +3000 10 3 50000000
a contact +3600 +4200 9 2 50000000
a contact +4200 +4800 4 13 50000000
a contact +4200 +4800 6 12 50000000
a contact +4200 +4800 11 1 50000000
a contact +4800 +6000 4 12 50000000
a contact +5400 +6000 10 1 50000000
a contact +5400 +6000 11 3 50000000
a contact +8400 +9000 7 2 50000000
a contact +12600 +13200 8 2 50000000
a contact +12000 +13200 10 3 50000000
a contact +15000 +15600 11 1 50000000
a contact +16200 +16800 11 1 50000000
a contact +19200 +19800 10 1 50000000
a contact +19800 +20400 7 1 50000000
a contact +19800 +20400 10 2 50000000
a contact +22200 +22800 7 2 50000000
a contact +26400 +27000 10 2 50000000
a contact +25200 +27600 6 13 50000000
a contact +28200 +28800 10 2 50000000
a contact +28800 +29400 7 2 50000000
a contact +28800 +29400 10 3 50000000
a contact +30000 +30600 3 13 1200000000
a contact +30600 +31200 7 3 50000000
a contact +31200 +31800 8 2 50000000
a contact +31800 +33000 4 13 50000000
a contact +32400 +33000 8 2 50000000
a contact +33000 +33600 7 3 50000000
a contact +33600 +34200 8 2 50000000
a contact +34200 +34800 7 3 50000000
a contact +34800 +35400 9 2 50000000
a contact +34800 +36000 5 14 50000000
a contact +35400 +36000 7 1 50000000
a contact +35400 +36600 8 3 50000000
a contact +36600 +37200 1 13 1200000000
a contact +37200 +37800 2 13 1200000000
a contact +37200 +37800 10 1 50000000
a contact +38400 +39000 10 1 50000000
a contact +39600 +40200 10 1 50000000
a contact +40200 +40800 11 1 50000000
a contact +40800 +41400 10 3 50000000
a contact +41400 +42000 11 1 50000000
a contact +40800 +42600 5 13 50000000
a contact +42000 +42600 10 3 50000000
a contact +42600 +43200 7 2 50000000
a contact +45000 +45600 7 2 50000000
a contact +45600 +46200 4 14 50000000
a contact +47400 +48000 7 2 50000000
a contact +51600 +52200 7 3 50000000
a contact +51600 +52200 9 1 50000000
a contact +52800 +53400 2 14 1200000000
a contact +56400 +57000 10 2 50000000
a contact +57600 +58200 10 2 50000000
a contact +55800 +58800 6 12 50000000
a contact +58800 +59400 9 1 50000000
a contact +60000 +60600 9 1 50000000
a contact +61200 +61800 9 2 50000000
a contact +64200 +64800 7 3 50000000
a contact +65400 +66000 9 2 50000000
a contact +66600 +67200 9 2 50000000
a contact +70200 +70800 7 2 50000000
a contact +71400 +72000 8 1 50000000
a contact +71400 +72000 11 2 50000000
a contact +72000 +72600 2 14 1200000000
a contact +76200 +76800 9 2 50000000
a contact +76800 +77400 5 12 50000000
a contact +76800 +77400 7 2 50000000
a contact +76800 +77400 10 3 50000000
a contact +77400 +78000 6 14 50000000
a contact +79800 +80400 10 2 50000000
a contact +80400 +81000 4 12 50000000
a contact +80400 +81000 11 2 50000000
a contact +81600 +82200 7 2 50000000
a contact +82200 +82800 4 13 50000000
a contact +2400 +82800 12 15 100000000000
a contact +2400 +82800 15 12 100000000000
a contact +2400 +82800 13 15 100000000000
a contact +2400 +82800 15 13 100000000000
a contact +2400 +82800 14 15 100000000000
a contact +2400 +82800 15 14 100000000000

a range +2400 +3000 7 2 0.055
a range +2400 +3000 10 3 0.0542
a range +3600 +4200 9 2 0.0549
a range +4200 +4800 4 13 1103.3938
a range +4200 +4800 6 12 1102.3244
a range +4200 +4800 11 1 0.0542
a range +4800 +6000 4 12 1102.3348
a range +5400 +6000 10 1 0.0556
a range +5400 +6000 11 3 0.0552
a range +8400 +9000 7 2 0.055
a range +12600 +13200 8 2 0.0552
a range +12000 +13200 10 3 0.0542
a range +15000 +15600 11 1 0.0542
a range +16200 +16800 11 1 0.0542
a range +19200 +19800 10 1 0.0553
a range +19800 +20400 7 1 0.0549
a range +19800 +20400 10 2 0.0543
a range +22200 +22800 7 2 0.055
a range +26400 +27000 10 2 0.0544
a range +25200 +27600 6 13 1103.4031
a range +28200 +28800 10 2 0.0544
a range +28800 +29400 7 2 0.0541
a range +28800 +29400 10 3 0.0542
a range +30000 +30600 3 13 1103.2048
a range +30600 +31200 7 3 0.0558
a range +31200 +31800 8 2 0.0552
a range +31800 +33000 4 13 1103.3938
a range +32400 +33000 8 2 0.0552
a range +33000 +33600 7 3 0.0558
a range +33600 +34200 8 2 0.0552
a range +34200 +34800 7 3 0.0558
a range +34800 +35400 9 2 0.0542
a range +34800 +36000 5 14 1104.7851
a range +35400 +36000 7 1 0.0549
a range +35400 +36600 8 3 0.0547
a range +36600 +37200 1 13 1103.3556
a range +37200 +37800 2 13 1103.4001
a range +37200 +37800 10 1 0.0553
a range +38400 +39000 10 1 0.0553
a range +39600 +40200 10 1 0.0553
a range +40200 +40800 11 1 0.0543
a range +40800 +41400 10 3 0.0542
a range +41400 +42000 11 1 0.0543
a range +40800 +42600 5 13 1103.382
a range +42000 +42600 10 3 0.0542
a range +42600 +43200 7 2 0.0437
a range +45000 +45600 7 2 0.0437
a range +45600 +46200 4 14 1104.7646
a range +47400 +48000 7 2 0.0437
a range +51600 +52200 7 3 0.0558
a range +51600 +52200 9 1 0.0543
a range +52800 +53400 2 14 1104.7107
a range +56400 +57000 10 2 0.0437
a range +57600 +58200 10 2 0.0437
a range +55800 +58800 6 12 1105.0805
a range +58800 +59400 9 1 0.0553
a range +60000 +60600 9 1 0.0553
a range +61200 +61800 9 2 0.0542
a range +64200 +64800 7 3 0.0551
a range +65400 +66000 9 2 0.0542
a range +66600 +67200 9 2 0.0542
a range +70200 +70800 7 2 0.0437
a range +71400 +72000 8 1 0.052
a range +71400 +72000 11 2 0.0548
a range +72000 +72600 2 14 1104.7107
a range +76200 +76800 9 2 0.0554
a range +76800 +77400 5 12 1105.0472
a range +76800 +77400 7 2 0.0437
a range +76800 +77400 10 3 0.0149
a range +77400 +78000 6 14 1104.7551
a range +79800 +80400 10 2 0.0437
a range +80400 +81000 4 12 1105.068
a range +80400 +81000 11 2 0.0396
a range +81600 +82200 7 2 0.0437
a range +82200 +82800 4 13 1105.0752
a range +2400 +82800 12 15 0.0
a range +2400 +82800 15 12 0.0
a range +2400 +82800 13 15 0.0
a range +2400 +82800 15 13 0.0
a range +2400 +82800 14 15 0.0
a range +2400 +82800 15 14 0.0
