a contact +2400 +3000 2004 1002 50
a contact +2400 +3000 2007 1003 50
a contact +3600 +4200 2006 1002 50
a contact +4200 +4800 2001 9002 50
a contact +4200 +4800 2003 9001 50
a contact +4200 +4800 2008 1001 50
a contact +4800 +6000 2001 9001 50
a contact +5400 +6000 2007 1001 50
a contact +5400 +6000 2008 1003 50
a contact +8400 +9000 2004 1002 50
a contact +12600 +13200 2005 1002 50
a contact +12000 +13200 2007 1003 50
a contact +15000 +15600 2008 1001 50
a contact +16200 +16800 2008 1001 50
a contact +19200 +19800 2007 1001 50
a contact +19800 +20400 2004 1001 50
a contact +19800 +20400 2007 1002 50
a contact +22200 +22800 2004 1002 50
a contact +26400 +27000 2007 1002 50
a contact +25200 +27600 2003 9002 50
a contact +28200 +28800 2007 1002 50
a contact +28800 +29400 2004 1002 50
a contact +28800 +29400 2007 1003 50
a contact +30000 +30600 1003 9002 1200
a contact +30600 +31200 2004 1003 50
a contact +31200 +31800 2005 1002 50
a contact +31800 +33000 2001 9002 50
a contact +32400 +33000 2005 1002 50
a contact +33000 +33600 2004 1003 50
a contact +33600 +34200 2005 1002 50
a contact +34200 +34800 2004 1003 50
a contact +34800 +35400 2006 1002 50
a contact +34800 +36000 2002 9003 50
a contact +35400 +36000 2004 1001 50
a contact +35400 +36600 2005 1003 50
a contact +36600 +37200 1001 9002 1200
a contact +37200 +37800 1002 9002 1200
a contact +37200 +37800 2007 1001 50
a contact +38400 +39000 2007 1001 50
a contact +39600 +40200 2007 1001 50
a contact +40200 +40800 2008 1001 50
a contact +40800 +41400 2007 1003 50
a contact +41400 +42000 2008 1001 50
a contact +40800 +42600 2002 9002 50
a contact +42000 +42600 2007 1003 50
a contact +42600 +43200 2004 1002 50
a contact +45000 +45600 2004 1002 50
a contact +45600 +46200 2001 9003 50
a contact +47400 +48000 2004 1002 50
a contact +51600 +52200 2004 1003 50
a contact +51600 +52200 2006 1001 50
a contact +52800 +53400 1002 9003 1200
a contact +56400 +57000 2007 1002 50
a contact +57600 +58200 2007 1002 50
a contact +55800 +58800 2003 9001 50
a contact +58800 +59400 2006 1001 50
a contact +60000 +60600 2006 1001 50
a contact +61200 +61800 2006 1002 50
a contact +64200 +64800 2004 1003 50
a contact +65400 +66000 2006 1002 50
a contact +66600 +67200 2006 1002 50
a contact +70200 +70800 2004 1002 50
a contact +71400 +72000 2005 1001 50
a contact +71400 +72000 2008 1002 50
a contact +72000 +72600 1002 9003 1200
a contact +76200 +76800 2006 1002 50
a contact +76800 +77400 2002 9001 50
a contact +76800 +77400 2004 1002 50
a contact +76800 +77400 2007 1003 50
a contact +77400 +78000 2003 9003 50
a contact +79800 +80400 2007 1002 50
a contact +80400 +81000 2001 9001 50
a contact +80400 +81000 2008 1002 50
a contact +81600 +82200 2004 1002 50
a contact +82200 +82800 2001 9002 50

a range +2400 +3000 2004 1002 0.055
a range +2400 +3000 2007 1003 0.0542
a range +3600 +4200 2006 1002 0.0549
a range +4200 +4800 2001 9002 1103.3938
a range +4200 +4800 2003 9001 1102.3244
a range +4200 +4800 2008 1001 0.0542
a range +4800 +6000 2001 9001 1102.3348
a range +5400 +6000 2007 1001 0.0556
a range +5400 +6000 2008 1003 0.0552
a range +8400 +9000 2004 1002 0.055
a range +12600 +13200 2005 1002 0.0552
a range +12000 +13200 2007 1003 0.0542
a range +15000 +15600 2008 1001 0.0542
a range +16200 +16800 2008 1001 0.0542
a range +19200 +19800 2007 1001 0.0553
a range +19800 +20400 2004 1001 0.0549
a range +19800 +20400 2007 1002 0.0543
a range +22200 +22800 2004 1002 0.055
a range +26400 +27000 2007 1002 0.0544
a range +25200 +27600 2003 9002 1103.4031
a range +28200 +28800 2007 1002 0.0544
a range +28800 +29400 2004 1002 0.0541
a range +28800 +29400 2007 1003 0.0542
a range +30000 +30600 1003 9002 1103.2048
a range +30600 +31200 2004 1003 0.0558
a range +31200 +31800 2005 1002 0.0552
a range +31800 +33000 2001 9002 1103.3938
a range +32400 +33000 2005 1002 0.0552
a range +33000 +33600 2004 1003 0.0558
a range +33600 +34200 2005 1002 0.0552
a range +34200 +34800 2004 1003 0.0558
a range +34800 +35400 2006 1002 0.0542
a range +34800 +36000 2002 9003 1104.7851
a range +35400 +36000 2004 1001 0.0549
a range +35400 +36600 2005 1003 0.0547
a range +36600 +37200 1001 9002 1103.3556
a range +37200 +37800 1002 9002 1103.4001
a range +37200 +37800 2007 1001 0.0553
a range +38400 +39000 2007 1001 0.0553
a range +39600 +40200 2007 1001 0.0553
a range +40200 +40800 2008 1001 0.0543
a range +40800 +41400 2007 1003 0.0542
a range +41400 +42000 2008 1001 0.0543
a range +40800 +42600 2002 9002 1103.382
a range +42000 +42600 2007 1003 0.0542
a range +42600 +43200 2004 1002 0.0437
a range +45000 +45600 2004 1002 0.0437
a range +45600 +46200 2001 9003 1104.7646
a range +47400 +48000 2004 1002 0.0437
a range +51600 +52200 2004 1003 0.0558
a range +51600 +52200 2006 1001 0.0543
a range +52800 +53400 1002 9003 1104.7107
a range +56400 +57000 2007 1002 0.0437
a range +57600 +58200 2007 1002 0.0437
a range +55800 +58800 2003 9001 1105.0805
a range +58800 +59400 2006 1001 0.0553
a range +60000 +60600 2006 1001 0.0553
a range +61200 +61800 2006 1002 0.0542
a range +64200 +64800 2004 1003 0.0551
a range +65400 +66000 2006 1002 0.0542
a range +66600 +67200 2006 1002 0.0542
a range +70200 +70800 2004 1002 0.0437
a range +71400 +72000 2005 1001 0.052
a range +71400 +72000 2008 1002 0.0548
a range +72000 +72600 1002 9003 1104.7107
a range +76200 +76800 2006 1002 0.0554
a range +76800 +77400 2002 9001 1105.0472
a range +76800 +77400 2004 1002 0.0437
a range +76800 +77400 2007 1003 0.0149
a range +77400 +78000 2003 9003 1104.7551
a range +79800 +80400 2007 1002 0.0437
a range +80400 +81000 2001 9001 1105.068
a range +80400 +81000 2008 1002 0.0396
a range +81600 +82200 2004 1002 0.0437
a range +82200 +82800 2001 9002 1105.0752
