a contact +600 +1200 2001 9001 50
a contact +1200 +1800 2008 1002 50
a contact +2400 +3000 2007 1003 50
a contact +4200 +4800 2005 1002 50
a contact +4200 +4800 2008 1003 50
a contact +5400 +6000 2007 1002 50
a contact +6600 +7200 2007 1001 50
a contact +7200 +7800 2007 1003 50
a contact +9600 +10200 2006 1003 50
a contact +10800 +11400 2004 1003 50
a contact +10800 +11400 2006 1001 50
a contact +11400 +12000 2001 9001 50
a contact +11400 +12000 2003 9002 50
a contact +11400 +12000 2008 1002 50
a contact +12600 +13200 2007 1002 50
a contact +13200 +13800 2004 1002 50
a contact +16200 +16800 2005 1002 50
a contact +15600 +16800 2008 1003 50
a contact +18000 +18600 2007 1001 50
a contact +25200 +25800 2006 1001 50
a contact +25800 +26400 2007 1002 50
a contact +27000 +27600 2003 9002 50
a contact +28200 +28800 2005 1001 50
a contact +29400 +30000 2004 1003 50
a contact +30000 +30600 2001 9002 50
a contact +31800 +32400 2001 9003 50
a contact +33600 +34200 2004 1003 50
a contact +34200 +34800 2006 1001 50
a contact +34800 +35400 2002 9002 50
a contact +35400 +36000 2008 1003 50
a contact +37200 +37800 2004 1003 50
a contact +37800 +38400 2004 1002 50
a contact +40800 +41400 2006 1001 50
a contact +41400 +42000 2007 1002 50
a contact +43200 +43800 2008 1002 50
a contact +46200 +46800 2004 1003 50
a contact +46800 +47400 2008 1003 50
a contact +48600 +49200 2006 1002 50
a contact +49800 +50400 2006 1001 50
a contact +50400 +51000 2006 1003 50
a contact +51600 +52200 2008 1003 50
a contact +54000 +54600 2008 1002 50
a contact +56400 +57000 2002 9001 50
a contact +60600 +61200 2006 1001 50
a contact +61200 +61800 2006 1003 50
a contact +63000 +63600 2001 9001 50
a contact +63600 +64200 2006 1001 50
a contact +64200 +64800 2003 9001 50
a contact +64800 +65400 2005 1002 50
a contact +66000 +66600 2006 1002 50
a contact +67800 +68400 2007 1001 50
a contact +68400 +69000 2006 1003 50
a contact +69000 +69600 2005 1003 50
a contact +70800 +71400 2008 1003 50
a contact +72000 +72600 2004 1001 50
a contact +77400 +78000 2003 9001 50
a contact +83400 +84000 2008 1003 50
a contact +85200 +85800 2005 1003 50
a contact +85800 +86400 2006 1003 50

a range +600 +1200 2001 9001 1102.3348
a range +1200 +1800 2008 1002 0.055
a range +2400 +3000 2007 1003 0.0542
a range +4200 +4800 2005 1002 0.0552
a range +4200 +4800 2008 1003 0.0552
a range +5400 +6000 2007 1002 0.0543
a range +6600 +7200 2007 1001 0.0556
a range +7200 +7800 2007 1003 0.0542
a range +9600 +10200 2006 1003 0.054
a range +10800 +11400 2004 1003 0.0558
a range +10800 +11400 2006 1001 0.0543
a range +11400 +12000 2001 9001 1102.3348
a range +11400 +12000 2003 9002 1102.6981
a range +11400 +12000 2008 1002 0.0558
a range +12600 +13200 2007 1002 0.0543
a range +13200 +13800 2004 1002 0.055
a range +16200 +16800 2005 1002 0.0552
a range +15600 +16800 2008 1003 0.0542
a range +18000 +18600 2007 1001 0.0553
a range +25200 +25800 2006 1001 0.0543
a range +25800 +26400 2007 1002 0.0544
a range +27000 +27600 2003 9002 1103.4031
a range +28200 +28800 2005 1001 0.0552
a range +29400 +30000 2004 1003 0.0558
a range +30000 +30600 2001 9002 1103.3938
a range +31800 +32400 2001 9003 1104.7646
a range +33600 +34200 2004 1003 0.0558
a range +34200 +34800 2006 1001 0.0543
a range +34800 +35400 2002 9002 1103.382
a range +35400 +36000 2008 1003 0.0546
a range +37200 +37800 2004 1003 0.0558
a range +37800 +38400 2004 1002 0.0437
a range +40800 +41400 2006 1001 0.0543
a range +41400 +42000 2007 1002 0.0437
a range +43200 +43800 2008 1002 0.0558
a range +46200 +46800 2004 1003 0.0558
a range +46800 +47400 2008 1003 0.0546
a range +48600 +49200 2006 1002 0.0542
a range +49800 +50400 2006 1001 0.0543
a range +50400 +51000 2006 1003 0.0326
a range +51600 +52200 2008 1003 0.0546
a range +54000 +54600 2008 1002 0.0558
a range +56400 +57000 2002 9001 1105.0472
a range +60600 +61200 2006 1001 0.0553
a range +61200 +61800 2006 1003 0.0326
a range +63000 +63600 2001 9001 1105.068
a range +63600 +64200 2006 1001 0.0553
a range +64200 +64800 2003 9001 1105.0805
a range +64800 +65400 2005 1002 0.0097
a range +66000 +66600 2006 1002 0.0542
a range +67800 +68400 2007 1001 0.0553
a range +68400 +69000 2006 1003 0.0326
a range +69000 +69600 2005 1003 0.0555
a range +70800 +71400 2008 1003 0.0546
a range +72000 +72600 2004 1001 0.0549
a range +77400 +78000 2003 9001 1105.0805
a range +83400 +84000 2008 1003 0.0546
a range +85200 +85800 2005 1003 0.0491
a range +85800 +86400 2006 1003 0.0326
