a contact +1200 +1800 9 2 50000000
a contact +2400 +3000 9 1 50000000
a contact +2400 +3000 11 3 50000000
a contact +3000 +3600 7 2 50000000
a contact +3000 +3600 10 3 50000000
a contact +5400 +6000 10 1 50000000
a contact +9600 +10200 9 1 50000000
a contact +10800 +11400 3 13 1200000000
a contact +12600 +13200 5 13 50000000
a contact +12600 +13200 10 3 50000000
a contact +12600 +13200 11 2 50000000
a contact +14400 +15000 9 3 50000000
a contact +15000 +15600 11 3 50000000
a contact +16200 +16800 11 2 50000000
a contact +19800 +20400 11 1 50000000
a contact +22200 +22800 9 2 50000000
a contact +22800 +23400 9 3 50000000
a contact +24000 +24600 9 1 50000000
a contact +25200 +25800 7 2 50000000
a contact +25800 +26400 2 13 1200000000
a contact +28800 +30000 9 2 50000000
a contact +30000 +30600 8 1 50000000
a contact +30600 +31200 8 2 50000000
a contact +32400 +33000 10 3 50000000
a contact +33600 +34200 11 3 50000000
a contact +36000 +36600 5 13 50000000
a contact +36600 +37200 10 1 50000000
a contact +37800 +38400 6 14 50000000
a contact +37800 +38400 7 2 50000000
a contact +43200 +43800 5 14 50000000
a contact +43200 +43800 9 3 50000000
a contact +45000 +45600 8 1 50000000
a contact +45000 +45600 11 2 50000000
a contact +45600 +46200 7 3 50000000
a contact +46200 +46800 10 1 50000000
a contact +47400 +48000 7 1 50000000
a contact +51000 +51600 8 3 50000000
a contact +52200 +52800 4 14 50000000
a contact +54000 +54600 8 3 50000000
a contact +55800 +56400 10 2 50000000
a contact +57600 +58200 11 2 50000000
a contact +58200 +58800 7 2 50000000
a contact +58200 +58800 10 3 50000000
a contact +59400 +60600 11 1 50000000
a contact +63600 +64200 10 1 50000000
a contact +64200 +64800 10 3 50000000
a contact +64800 +65400 11 3 50000000
a contact +65400 +66000 6 12 50000000
a contact +64800 +66000 8 2 50000000
a contact +66600 +67200 10 1 50000000
a contact +69000 +69600 7 2 50000000
a contact +69000 +69600 10 3 50000000
a contact +69600 +70200 2 12 1200000000
a contact +71400 +72000 6 12 50000000
a contact +72600 +73200 8 3 50000000
a contact +73800 +74400 9 2 50000000
a contact +74400 +75000 10 3 50000000
a contact +76200 +76800 6 14 50000000
a contact +76800 +77400 3 12 1200000000
a contact +78000 +78600 10 3 50000000
a contact +79200 +79800 2 13 1200000000
a contact +79200 +79800 10 1 50000000
a contact +81600 +82200 4 12 50000000
a contact +82200 +82800 9 1 50000000
a contact +83400 +84000 7 2 50000000
a contact +83400 +84000 9 3 50000000
a contact +84600 +85200 7 1 50000000
a contact +85800 +86400 11 1 50000000
a contact +1200 +86400 12 15 100000000000
a contact +1200 +86400 15 12 100000000000
a contact +1200 +86400 13 15 100000000000
a contact +1200 +86400 15 13 100000000000
a contact +1200 +86400 14 15 100000000000
a contact +1200 +86400 15 14 100000000000

a range +1200 +1800 9 2 0.0549
a range +2400 +3000 9 1 0.0543
a range +2400 +3000 11 3 0.0552
a range +3000 +3600 7 2 0.055
a range +3000 +3600 10 3 0.0542
a range +5400 +6000 10 1 0.0556
a range +9600 +10200 9 1 0.0543
a range +10800 +11400 3 13 1103.2048
a range +12600 +13200 5 13 1103.382
a range +12600 +13200 10 3 0.0542
a range +12600 +13200 11 2 0.0558
a range +14400 +15000 9 3 0.054
a range +15000 +15600 11 3 0.0542
a range +16200 +16800 11 2 0.0558
a range +19800 +20400 11 1 0.0542
a range +22200 +22800 9 2 0.0543
a range +22800 +23400 9 3 0.054
a range +24000 +24600 9 1 0.0543
a range +25200 +25800 7 2 0.0541
a range +25800 +26400 2 13 1103.4001
a range +28800 +30000 9 2 0.0542
a range +30000 +30600 8 1 0.0552
a range +30600 +31200 8 2 0.0552
a range +32400 +33000 10 3 0.0542
a range +33600 +34200 11 3 0.0546
a range +36000 +36600 5 13 1103.382
a range +36600 +37200 10 1 0.0553
a range +37800 +38400 6 14 1103.5084
a range +37800 +38400 7 2 0.0437
a range +43200 +43800 5 14 1104.7851
a range +43200 +43800 9 3 0.0544
a range +45000 +45600 8 1 0.052
a range +45000 +45600 11 2 0.0558
a range +45600 +46200 7 3 0.0558
a range +46200 +46800 10 1 0.0553
a range +47400 +48000 7 1 0.0549
a range +51000 +51600 8 3 0.0547
a range +52200 +52800 4 14 1104.7646
a range +54000 +54600 8 3 0.0547
a range +55800 +56400 10 2 0.0437
a range +57600 +58200 11 2 0.0558
a range +58200 +58800 7 2 0.0437
a range +58200 +58800 10 3 0.0551
a range +59400 +60600 11 1 0.0199
a range +63600 +64200 10 1 0.0553
a range +64200 +64800 10 3 0.0551
a range +64800 +65400 11 3 0.0546
a range +65400 +66000 6 12 1105.0805
a range +64800 +66000 8 2 0.0097
a range +66600 +67200 10 1 0.0553
a range +69000 +69600 7 2 0.0437
a range +69000 +69600 10 3 0.0149
a range +69600 +70200 2 12 1104.6917
a range +71400 +72000 6 12 1105.0805
a range +72600 +73200 8 3 0.0555
a range +73800 +74400 9 2 0.0542
a range +74400 +75000 10 3 0.0149
a range +76200 +76800 6 14 1104.7551
a range +76800 +77400 3 12 1105.0361
a range +78000 +78600 10 3 0.0149
a range +79200 +79800 2 13 1105.0544
a range +79200 +79800 10 1 0.0555
a range +81600 +82200 4 12 1105.068
a range +82200 +82800 9 1 0.0277
a range +83400 +84000 7 2 0.0437
a range +83400 +84000 9 3 0.0326
a range +84600 +85200 7 1 0.0554
a range +85800 +86400 11 1 0.0199
a range +1200 +86400 12 15 0.0
a range +1200 +86400 15 12 0.0
a range +1200 +86400 13 15 0.0
a range +1200 +86400 15 13 0.0
a range +1200 +86400 14 15 0.0
a range +1200 +86400 15 14 0.0
