a contact +0 +600 4 2 50000000
a contact +0 +600 6 1 50000000
a contact +0 +600 8 3 50000000
a contact +0 +600 9 1 50000000
a contact +0 +600 10 3 50000000
a contact +0 +600 11 2 50000000
a contact +600 +1200 6 12 50000000
a contact +600 +1200 7 13 50000000
a contact +1200 +1800 4 3 50000000
a contact +1200 +1800 5 1 50000000
a contact +1200 +1800 6 1 50000000
a contact +1200 +1800 7 2 50000000
a contact +1200 +1800 9 3 50000000
a contact +1200 +1800 11 2 50000000
a contact +1800 +2400 1 13 1200000000
a contact +1800 +2400 3 12 1200000000
a contact +2400 +3000 4 3 50000000
a contact +2400 +3000 6 1 50000000
a contact +2400 +3000 7 2 50000000
a contact +2400 +3000 8 1 50000000
a contact +2400 +3000 10 3 50000000
a contact +2400 +3000 11 2 50000000
a contact +3000 +3600 9 13 50000000
a contact +3000 +3600 10 12 50000000
a contact +3600 +4200 4 3 50000000
a contact +3600 +4200 5 1 50000000
a contact +3600 +4200 7 3 50000000
a contact +3600 +4200 9 2 50000000
a contact +3600 +4200 10 2 50000000
a contact +3600 +4200 11 1 50000000
a contact +4200 +4800 1 13 1200000000
a contact +4200 +4800 6 12 50000000
a contact +4800 +5400 4 1 50000000
a contact +4800 +5400 6 1 50000000
a contact +4800 +5400 7 2 50000000
a contact +4800 +5400 8 2 50000000
a contact +4800 +5400 9 3 50000000
a contact +4800 +5400 11 3 50000000
a contact +5400 +6000 6 13 50000000
a contact +5400 +6000 10 12 50000000
a contact +6000 +6600 4 3 50000000
a contact +6000 +6600 7 3 50000000
a contact +6000 +6600 8 2 50000000
a contact +6000 +6600 9 1 50000000
a contact +6000 +6600 10 2 50000000
a contact +6000 +6600 11 1 50000000
a contact +6600 +7200 4 12 50000000
a contact +6600 +7200 11 13 50000000
a contact +7200 +7800 5 2 50000000
a contact +7200 +7800 6 1 50000000
a contact +7200 +7800 7 3 50000000
a contact +7200 +7800 8 2 50000000
a contact +7200 +7800 10 1 50000000
a contact +7200 +7800 11 3 50000000
a contact +7800 +8400 7 13 50000000
a contact +7800 +8400 10 12 50000000
a contact +8400 +9000 5 1 50000000
a contact +8400 +9000 6 2 50000000
a contact +8400 +9000 7 3 50000000
a contact +8400 +9000 8 2 50000000
a contact +8400 +9000 10 1 50000000
a contact +8400 +9000 11 3 50000000
a contact +9000 +9600 8 13 50000000
a contact +9000 +9600 10 12 50000000
a contact +9600 +10200 6 3 50000000
a contact +9600 +10200 7 2 50000000
a contact +9600 +10200 8 1 50000000
a contact +9600 +10200 9 2 50000000
a contact +9600 +10200 10 1 50000000
a contact +9600 +10200 11 3 50000000
a contact +10200 +10800 5 13 50000000
a contact +10200 +10800 7 12 50000000
a contact +10800 +11400 4 3 50000000
a contact +10800 +11400 5 1 50000000
a contact +10800 +11400 7 2 50000000
a contact +10800 +11400 8 2 50000000
a contact +10800 +11400 9 3 50000000
a contact +10800 +11400 11 1 50000000
a contact +11400 +12000 1 13 1200000000
a contact +11400 +12000 7 12 50000000
a contact +12000 +12600 4 3 50000000
a contact +12000 +12600 5 1 50000000
a contact +12000 +12600 6 2 50000000
a contact +12000 +12600 7 2 50000000
a contact +12000 +12600 9 1 50000000
a contact +12000 +12600 10 3 50000000
a contact +12600 +13200 6 12 50000000
a contact +12600 +13200 9 13 50000000
a contact +13200 +13800 4 3 50000000
a contact +13200 +13800 5 1 50000000
a contact +13200 +13800 6 2 50000000
a contact +13200 +13800 9 1 50000000
a contact +13200 +13800 10 3 50000000
a contact +13200 +13800 11 2 50000000
a contact +13800 +14400 4 13 50000000
a contact +13800 +14400 9 12 50000000
a contact +14400 +15000 5 1 50000000
a contact +14400 +15000 6 1 50000000
a contact +14400 +15000 7 3 50000000
a contact +14400 +15000 8 2 50000000
a contact +14400 +15000 10 3 50000000
a contact +14400 +15000 11 2 50000000
a contact +15000 +15600 3 13 1200000000
a contact +15000 +15600 3 12 1200000000
a contact +15600 +16200 5 2 50000000
a contact +15600 +16200 7 2 50000000
a contact +15600 +16200 8 1 50000000
a contact +15600 +16200 9 3 50000000
a contact +15600 +16200 10 3 50000000
a contact +15600 +16200 11 1 50000000
a contact +16200 +16800 10 13 50000000
a contact +16800 +17400 4 3 50000000
a contact +16800 +17400 5 1 50000000
a contact +16800 +17400 6 2 50000000
a contact +16800 +17400 7 3 50000000
a contact +16800 +17400 8 1 50000000
a contact +16800 +17400 11 2 50000000
a contact +17400 +18000 7 13 50000000
a contact +18000 +18600 4 1 50000000
a contact +18000 +18600 5 3 50000000
a contact +18000 +18600 6 2 50000000
a contact +18000 +18600 7 1 50000000
a contact +18000 +18600 8 3 50000000
a contact +18000 +18600 10 2 50000000
a contact +18600 +19200 8 13 50000000
a contact +19200 +19800 4 3 50000000
a contact +19200 +19800 5 2 50000000
a contact +19200 +19800 7 1 50000000
a contact +19200 +19800 8 2 50000000
a contact +19200 +19800 10 1 50000000
a contact +19200 +19800 11 3 50000000
a contact +19800 +20400 7 13 50000000
a contact +20400 +21000 4 1 50000000
a contact +20400 +21000 6 3 50000000
a contact +20400 +21000 7 2 50000000
a contact +20400 +21000 8 3 50000000
a contact +20400 +21000 9 2 50000000
a contact +20400 +21000 10 1 50000000
a contact +21000 +21600 5 13 50000000
a contact +21600 +22200 4 1 50000000
a contact +21600 +22200 5 2 50000000
a contact +21600 +22200 6 2 50000000
a contact +21600 +22200 7 3 50000000
a contact +21600 +22200 9 3 50000000
a contact +21600 +22200 10 1 50000000
a contact +22200 +22800 11 13 50000000
a contact +22800 +23400 5 2 50000000
a contact +22800 +23400 6 1 50000000
a contact +22800 +23400 8 3 50000000
a contact +22800 +23400 9 2 50000000
a contact +22800 +23400 10 3 50000000
a contact +22800 +23400 11 1 50000000
a contact +23400 +24000 3 13 1200000000
a contact +24000 +24600 4 3 50000000
a contact +24000 +24600 5 3 50000000
a contact +24000 +24600 6 1 50000000
a contact +24000 +24600 7 1 50000000
a contact +24000 +24600 8 2 50000000
a contact +24000 +24600 11 2 50000000
a contact +24600 +25200 10 13 50000000
a contact +25200 +25800 4 1 50000000
a contact +25200 +25800 5 2 50000000
a contact +25200 +25800 6 2 50000000
a contact +25200 +25800 8 3 50000000
a contact +25200 +25800 9 3 50000000
a contact +25200 +25800 10 1 50000000
a contact +25800 +26400 9 13 50000000
a contact +26400 +27000 5 2 50000000
a contact +26400 +27000 7 1 50000000
a contact +26400 +27000 8 2 50000000
a contact +26400 +27000 9 3 50000000
a contact +26400 +27000 10 3 50000000
a contact +26400 +27000 11 1 50000000
a contact +27000 +27600 7 13 50000000
a contact +27600 +28200 4 1 50000000
a contact +27600 +28200 5 1 50000000
a contact +27600 +28200 6 3 50000000
a contact +27600 +28200 9 3 50000000
a contact +27600 +28200 10 2 50000000
a contact +27600 +28200 11 2 50000000
a contact +28200 +28800 5 13 50000000
a contact +28800 +29400 5 2 50000000
a contact +28800 +29400 6 1 50000000
a contact +28800 +29400 7 3 50000000
a contact +28800 +29400 8 2 50000000
a contact +28800 +29400 9 1 50000000
a contact +28800 +29400 10 3 50000000
a contact +29400 +30000 9 13 50000000
a contact +30000 +30600 4 3 50000000
a contact +30000 +30600 5 3 50000000
a contact +30000 +30600 7 2 50000000
a contact +30000 +30600 9 1 50000000
a contact +30000 +30600 10 2 50000000
a contact +30000 +30600 11 1 50000000
a contact +30600 +31200 10 14 50000000
a contact +30600 +31200 11 13 50000000
a contact +31200 +31800 4 3 50000000
a contact +31200 +31800 5 3 50000000
a contact +31200 +31800 6 1 50000000
a contact +31200 +31800 8 1 50000000
a contact +31200 +31800 9 2 50000000
a contact +31200 +31800 11 2 50000000
a contact +31800 +32400 3 13 1200000000
a contact +31800 +32400 8 14 50000000
a contact +32400 +33000 5 2 50000000
a contact +32400 +33000 6 3 50000000
a contact +32400 +33000 7 1 50000000
a contact +32400 +33000 9 2 50000000
a contact +32400 +33000 10 1 50000000
a contact +32400 +33000 11 3 50000000
a contact +33000 +33600 3 14 1200000000
a contact +33000 +33600 11 13 50000000
a contact +33600 +34200 4 1 50000000
a contact +33600 +34200 5 3 50000000
a contact +33600 +34200 6 3 50000000
a contact +33600 +34200 9 2 50000000
a contact +33600 +34200 10 1 50000000
a contact +33600 +34200 11 2 50000000
a contact +34200 +34800 8 14 50000000
a contact +34200 +34800 11 13 50000000
a contact +34800 +35400 5 2 50000000
a contact +34800 +35400 6 1 50000000
a contact +34800 +35400 7 1 50000000
a contact +34800 +35400 8 3 50000000
a contact +34800 +35400 9 2 50000000
a contact +34800 +35400 11 3 50000000
a contact +35400 +36000 3 14 1200000000
a contact +35400 +36000 4 13 50000000
a contact +36000 +36600 4 1 50000000
a contact +36000 +36600 5 2 50000000
a contact +36000 +36600 6 3 50000000
a contact +36000 +36600 7 1 50000000
a contact +36000 +36600 8 3 50000000
a contact +36000 +36600 11 2 50000000
a contact +36600 +37200 9 13 50000000
a contact +36600 +37200 10 14 50000000
a contact +37200 +37800 4 3 50000000
a contact +37200 +37800 6 3 50000000
a contact +37200 +37800 7 1 50000000
a contact +37200 +37800 8 2 50000000
a contact +37200 +37800 9 1 50000000
a contact +37200 +37800 11 2 50000000
a contact +37800 +38400 9 13 50000000
a contact +37800 +38400 10 14 50000000
a contact +38400 +39000 4 1 50000000
a contact +38400 +39000 6 1 50000000
a contact +38400 +39000 7 3 50000000
a contact +38400 +39000 8 2 50000000
a contact +38400 +39000 9 2 50000000
a contact +38400 +39000 11 3 50000000
a contact +39000 +39600 6 14 50000000
a contact +39000 +39600 9 13 50000000
a contact +39600 +40200 4 2 50000000
a contact +39600 +40200 6 1 50000000
a contact +39600 +40200 7 3 50000000
a contact +39600 +40200 8 2 50000000
a contact +39600 +40200 9 3 50000000
a contact +39600 +40200 11 1 50000000
a contact +40200 +40800 4 14 50000000
a contact +40200 +40800 10 13 50000000
a contact +40800 +41400 4 1 50000000
a contact +40800 +41400 6 2 50000000
a contact +40800 +41400 7 3 50000000
a contact +40800 +41400 8 2 50000000
a contact +40800 +41400 10 1 50000000
a contact +40800 +41400 11 3 50000000
a contact +41400 +42000 3 13 1200000000
a contact +41400 +42000 7 14 50000000
a contact +42000 +42600 4 1 50000000
a contact +42000 +42600 5 2 50000000
a contact +42000 +42600 6 3 50000000
a contact +42000 +42600 7 2 50000000
a contact +42000 +42600 9 3 50000000
a contact +42000 +42600 10 1 50000000
a contact +42600 +43200 7 14 50000000
a contact +43200 +43800 4 1 50000000
a contact +43200 +43800 5 1 50000000
a contact +43200 +43800 8 3 50000000
a contact +43200 +43800 9 2 50000000
a contact +43200 +43800 10 3 50000000
a contact +43200 +43800 11 2 50000000
a contact +43800 +44400 1 14 1200000000
a contact +44400 +45000 5 3 50000000
a contact +44400 +45000 7 1 50000000
a contact +44400 +45000 8 3 50000000
a contact +44400 +45000 9 1 50000000
a contact +44400 +45000 10 2 50000000
a contact +44400 +45000 11 2 50000000
a contact +45000 +45600 1 14 1200000000
a contact +45600 +46200 4 2 50000000
a contact +45600 +46200 5 3 50000000
a contact +45600 +46200 7 1 50000000
a contact +45600 +46200 8 3 50000000
a contact +45600 +46200 9 1 50000000
a contact +45600 +46200 11 2 50000000
a contact +46200 +46800 11 14 50000000
a contact +46800 +47400 4 1 50000000
a contact +46800 +47400 6 2 50000000
a contact +46800 +47400 7 3 50000000
a contact +46800 +47400 8 1 50000000
a contact +46800 +47400 9 2 50000000
a contact +46800 +47400 11 3 50000000
a contact +47400 +48000 11 14 50000000
a contact +48000 +48600 4 2 50000000
a contact +48000 +48600 6 1 50000000
a contact +48000 +48600 7 3 50000000
a contact +48000 +48600 8 2 50000000
a contact +48000 +48600 10 1 50000000
a contact +48000 +48600 11 3 50000000
a contact +48600 +49200 10 14 50000000
a contact +49200 +49800 4 2 50000000
a contact +49200 +49800 5 3 50000000
a contact +49200 +49800 7 3 50000000
a contact +49200 +49800 8 2 50000000
a contact +49200 +49800 9 1 50000000
a contact +49200 +49800 11 1 50000000
a contact +49800 +50400 5 14 50000000
a contact +50400 +51000 4 1 50000000
a contact +50400 +51000 6 3 50000000
a contact +50400 +51000 7 1 50000000
a contact +50400 +51000 8 2 50000000
a contact +50400 +51000 9 2 50000000
a contact +50400 +51000 11 3 50000000
a contact +51000 +51600 10 14 50000000
a contact +51600 +52200 4 3 50000000
a contact +51600 +52200 6 1 50000000
a contact +51600 +52200 7 2 50000000
a contact +51600 +52200 9 3 50000000
a contact +51600 +52200 10 1 50000000
a contact +51600 +52200 11 2 50000000
a contact +52200 +52800 5 12 50000000
a contact +52200 +52800 11 14 50000000
a contact +52800 +53400 4 2 50000000
a contact +52800 +53400 6 1 50000000
a contact +52800 +53400 8 3 50000000
a contact +52800 +53400 9 3 50000000
a contact +52800 +53400 10 1 50000000
a contact +52800 +53400 11 2 50000000
a contact +53400 +54000 1 12 1200000000
a contact +53400 +54000 9 14 50000000
a contact +54000 +54600 4 3 50000000
a contact +54000 +54600 5 3 50000000
a contact +54000 +54600 8 2 50000000
a contact +54000 +54600 9 2 50000000
a contact +54000 +54600 10 1 50000000
a contact +54000 +54600 11 1 50000000
a contact +54600 +55200 3 12 1200000000
a contact +54600 +55200 7 14 50000000
a contact +55200 +55800 4 3 50000000
a contact +55200 +55800 7 1 50000000
a contact +55200 +55800 8 3 50000000
a contact +55200 +55800 9 2 50000000
a contact +55200 +55800 10 2 50000000
a contact +55200 +55800 11 1 50000000
a contact +55800 +56400 2 14 1200000000
a contact +55800 +56400 4 12 50000000
a contact +56400 +57000 4 3 50000000
a contact +56400 +57000 6 2 50000000
a contact +56400 +57000 7 1 50000000
a contact +56400 +57000 8 1 50000000
a contact +56400 +57000 9 2 50000000
a contact +56400 +57000 11 3 50000000
a contact +57000 +57600 4 12 50000000
a contact +57000 +57600 6 14 50000000
a contact +57600 +58200 4 1 50000000
a contact +57600 +58200 6 3 50000000
a contact +57600 +58200 7 2 50000000
a contact +57600 +58200 8 3 50000000
a contact +57600 +58200 9 1 50000000
a contact +57600 +58200 10 2 50000000
a contact +58200 +58800 3 14 1200000000
a contact +58200 +58800 7 12 50000000
a contact +58800 +59400 4 2 50000000
a contact +58800 +59400 5 1 50000000
a contact +58800 +59400 6 2 50000000
a contact +58800 +59400 7 3 50000000
a contact +58800 +59400 8 1 50000000
a contact +58800 +59400 9 3 50000000
a contact +59400 +60000 2 14 1200000000
a contact +59400 +60000 11 12 50000000
a contact +60000 +60600 5 2 50000000
a contact +60000 +60600 6 3 50000000
a contact +60000 +60600 7 3 50000000
a contact +60000 +60600 8 2 50000000
a contact +60000 +60600 9 1 50000000
a contact +60000 +60600 11 1 50000000
a contact +60600 +61200 9 12 50000000
a contact +60600 +61200 11 14 50000000
a contact +61200 +61800 4 1 50000000
a contact +61200 +61800 5 2 50000000
a contact +61200 +61800 6 1 50000000
a contact +61200 +61800 9 2 50000000
a contact +61200 +61800 10 3 50000000
a contact +61200 +61800 11 3 50000000
a contact +61800 +62400 2 14 1200000000
a contact +61800 +62400 4 12 50000000
a contact +62400 +63000 4 1 50000000
a contact +62400 +63000 5 2 50000000
a contact +62400 +63000 6 3 50000000
a contact +62400 +63000 7 2 50000000
a contact +62400 +63000 8 1 50000000
a contact +62400 +63000 10 3 50000000
a contact +63000 +63600 6 14 50000000
a contact +63000 +63600 8 12 50000000
a contact +63600 +64200 4 1 50000000
a contact +63600 +64200 5 2 50000000
a contact +63600 +64200 6 3 50000000
a contact +63600 +64200 7 2 50000000
a contact +63600 +64200 10 3 50000000
a contact +63600 +64200 11 1 50000000
a contact +64200 +64800 2 12 1200000000
a contact +64200 +64800 6 14 50000000
a contact +64800 +65400 4 3 50000000
a contact +64800 +65400 7 1 50000000
a contact +64800 +65400 8 1 50000000
a contact +64800 +65400 9 2 50000000
a contact +64800 +65400 10 2 50000000
a contact +64800 +65400 11 3 50000000
a contact +65400 +66000 1 12 1200000000
a contact +65400 +66000 4 14 50000000
a contact +66000 +66600 4 3 50000000
a contact +66000 +66600 5 2 50000000
a contact +66000 +66600 6 3 50000000
a contact +66000 +66600 8 2 50000000
a contact +66000 +66600 10 1 50000000
a contact +66000 +66600 11 1 50000000
a contact +66600 +67200 1 12 1200000000
a contact +66600 +67200 2 14 1200000000
a contact +67200 +67800 4 2 50000000
a contact +67200 +67800 5 1 50000000
a contact +67200 +67800 6 3 50000000
a contact +67200 +67800 7 1 50000000
a contact +67200 +67800 8 3 50000000
a contact +67200 +67800 10 2 50000000
a contact +67800 +68400 4 12 50000000
a contact +67800 +68400 10 14 50000000
a contact +68400 +69000 4 3 50000000
a contact +68400 +69000 5 1 50000000
a contact +68400 +69000 6 1 50000000
a contact +68400 +69000 8 3 50000000
a contact +68400 +69000 9 2 50000000
a contact +68400 +69000 11 2 50000000
a contact +69000 +69600 2 14 1200000000
a contact +69000 +69600 4 12 50000000
a contact +69600 +70200 4 3 50000000
a contact +69600 +70200 5 3 50000000
a contact +69600 +70200 7 2 50000000
a contact +69600 +70200 8 1 50000000
a contact +69600 +70200 10 1 50000000
a contact +69600 +70200 11 2 50000000
a contact +70200 +70800 5 14 50000000
a contact +70200 +70800 9 12 50000000
a contact +70800 +71400 5 3 50000000
a contact +70800 +71400 7 2 50000000
a contact +70800 +71400 8 3 50000000
a contact +70800 +71400 9 2 50000000
a contact +70800 +71400 10 1 50000000
a contact +70800 +71400 11 1 50000000
a contact +71400 +72000 3 14 1200000000
a contact +71400 +72000 10 12 50000000
a contact +72000 +72600 4 3 50000000
a contact +72000 +72600 6 1 50000000
a contact +72000 +72600 7 2 50000000
a contact +72000 +72600 8 2 50000000
a contact +72000 +72600 10 1 50000000
a contact +72000 +72600 11 3 50000000
a contact +72600 +73200 4 14 50000000
a contact +72600 +73200 8 12 50000000
a contact +73200 +73800 4 1 50000000
a contact +73200 +73800 5 1 50000000
a contact +73200 +73800 7 3 50000000
a contact +73200 +73800 8 2 50000000
a contact +73200 +73800 9 3 50000000
a contact +73200 +73800 10 2 50000000
a contact +73800 +74400 3 12 1200000000
a contact +73800 +74400 5 14 50000000
a contact +74400 +75000 4 1 50000000
a contact +74400 +75000 5 3 50000000
a contact +74400 +75000 6 2 50000000
a contact +74400 +75000 8 1 50000000
a contact +74400 +75000 9 3 50000000
a contact +74400 +75000 11 2 50000000
a contact +75000 +75600 9 14 50000000
a contact +75000 +75600 10 12 50000000
a contact +75600 +76200 4 3 50000000
a contact +75600 +76200 5 2 50000000
a contact +75600 +76200 6 1 50000000
a contact +75600 +76200 7 2 50000000
a contact +75600 +76200 8 1 50000000
a contact +75600 +76200 9 3 50000000
a contact +76200 +76800 3 14 1200000000
a contact +76200 +76800 10 12 50000000
a contact +76800 +77400 5 2 50000000
a contact +76800 +77400 6 3 50000000
a contact +76800 +77400 7 3 50000000
a contact +76800 +77400 8 2 50000000
a contact +76800 +77400 9 1 50000000
a contact +76800 +77400 11 1 50000000
a contact +77400 +78000 9 14 50000000
a contact +77400 +78000 10 12 50000000
a contact +78000 +78600 4 3 50000000
a contact +78000 +78600 6 3 50000000
a contact +78000 +78600 7 2 50000000
a contact +78000 +78600 9 1 50000000
a contact +78000 +78600 10 2 50000000
a contact +78000 +78600 11 1 50000000
a contact +78600 +79200 8 13 50000000
a contact +78600 +79200 9 12 50000000
a contact +79200 +79800 4 2 50000000
a contact +79200 +79800 6 3 50000000
a contact +79200 +79800 7 2 50000000
a contact +79200 +79800 8 1 50000000
a contact +79200 +79800 9 1 50000000
a contact +79200 +79800 11 3 50000000
a contact +79800 +80400 3 13 1200000000
a contact +79800 +80400 8 12 50000000
a contact +80400 +81000 4 3 50000000
a contact +80400 +81000 5 1 50000000
a contact +80400 +81000 6 3 50000000
a contact +80400 +81000 7 2 50000000
a contact +80400 +81000 10 1 50000000
a contact +80400 +81000 11 2 50000000
a contact +81000 +81600 1 12 1200000000
a contact +81000 +81600 11 13 50000000
a contact +81600 +82200 4 3 50000000
a contact +81600 +82200 6 1 50000000
a contact +81600 +82200 8 2 50000000
a contact +81600 +82200 9 3 50000000
a contact +81600 +82200 10 2 50000000
a contact +81600 +82200 11 1 50000000
a contact +82200 +82800 4 12 50000000
a contact +82200 +82800 9 13 50000000
a contact +82800 +83400 4 2 50000000
a contact +82800 +83400 6 3 50000000
a contact +82800 +83400 7 1 50000000
a contact +82800 +83400 8 3 50000000
a contact +82800 +83400 9 2 50000000
a contact +82800 +83400 11 1 50000000
a contact +83400 +84000 1 12 1200000000
a contact +83400 +84000 6 13 50000000
a contact +84000 +84600 4 2 50000000
a contact +84000 +84600 5 1 50000000
a contact +84000 +84600 6 2 50000000
a contact +84000 +84600 8 3 50000000
a contact +84000 +84600 9 1 50000000
a contact +84000 +84600 11 3 50000000
a contact +84600 +85200 2 13 1200000000
a contact +84600 +85200 6 12 50000000
a contact +85200 +85800 4 3 50000000
a contact +85200 +85800 5 1 50000000
a contact +85200 +85800 6 1 50000000
a contact +85200 +85800 7 2 50000000
a contact +85200 +85800 8 2 50000000
a contact +85200 +85800 10 3 50000000
a contact +85800 +86400 7 13 50000000
a contact +85800 +86400 8 12 50000000
a contact +0 +86400 12 15 100000000000
a contact +0 +86400 15 12 100000000000
a contact +0 +86400 13 15 100000000000
a contact +0 +86400 15 13 100000000000
a contact +0 +86400 14 15 100000000000
a contact +0 +86400 15 14 100000000000

a range +0 +600 4 2 0.0545
a range +0 +600 6 1 0.0543
a range +0 +600 8 3 0.055
a range +0 +600 9 1 0.0543
a range +0 +600 10 3 0.0542
a range +0 +600 11 2 0.055
a range +600 +1200 6 12 1102.3244
a range +600 +1200 7 13 1103.3727
a range +1200 +1800 4 3 0.0555
a range +1200 +1800 5 1 0.0541
a range +1200 +1800 6 1 0.0543
a range +1200 +1800 7 2 0.055
a range +1200 +1800 9 3 0.054
a range +1200 +1800 11 2 0.055
a range +1800 +2400 1 13 1102.7998
a range +1800 +2400 3 12 1102.0661
a range +2400 +3000 4 3 0.0555
a range +2400 +3000 6 1 0.0543
a range +2400 +3000 7 2 0.055
a range +2400 +3000 8 1 0.0545
a range +2400 +3000 10 3 0.0542
a range +2400 +3000 11 2 0.055
a range +3000 +3600 9 13 1103.3944
a range +3000 +3600 10 12 1102.3667
a range +3600 +4200 4 3 0.0555
a range +3600 +4200 5 1 0.0541
a range +3600 +4200 7 3 0.0558
a range +3600 +4200 9 2 0.0549
a range +3600 +4200 10 2 0.0543
a range +3600 +4200 11 1 0.0542
a range +4200 +4800 1 13 1102.7998
a range +4200 +4800 6 12 1102.3244
a range +4800 +5400 4 1 0.054
a range +4800 +5400 6 1 0.0543
a range +4800 +5400 7 2 0.055
a range +4800 +5400 8 2 0.0552
a range +4800 +5400 9 3 0.054
a range +4800 +5400 11 3 0.0552
a range +5400 +6000 6 13 1102.6981
a range +5400 +6000 10 12 1102.3667
a range +6000 +6600 4 3 0.0555
a range +6000 +6600 7 3 0.0558
a range +6000 +6600 8 2 0.0552
a range +6000 +6600 9 1 0.0543
a range +6000 +6600 10 2 0.0543
a range +6000 +6600 11 1 0.0542
a range +6600 +7200 4 12 1102.3348
a range +6600 +7200 11 13 1102.6981
a range +7200 +7800 5 2 0.0548
a range +7200 +7800 6 1 0.0543
a range +7200 +7800 7 3 0.0558
a range +7200 +7800 8 2 0.0552
a range +7200 +7800 10 1 0.0556
a range +7200 +7800 11 3 0.0552
a range +7800 +8400 7 13 1103.3727
a range +7800 +8400 10 12 1102.3667
a range +8400 +9000 5 1 0.0541
a range +8400 +9000 6 2 0.0555
a range +8400 +9000 7 3 0.0558
a range +8400 +9000 8 2 0.0552
a range +8400 +9000 10 1 0.0556
a range +8400 +9000 11 3 0.0552
a range +9000 +9600 8 13 1103.3814
a range +9000 +9600 10 12 1102.3667
a range +9600 +10200 6 3 0.0549
a range +9600 +10200 7 2 0.055
a range +9600 +10200 8 1 0.0545
a range +9600 +10200 9 2 0.0549
a range +9600 +10200 10 1 0.0556
a range +9600 +10200 11 3 0.0552
a range +10200 +10800 5 13 1103.382
a range +10200 +10800 7 12 1102.3672
a range +10800 +11400 4 3 0.0555
a range +10800 +11400 5 1 0.0541
a range +10800 +11400 7 2 0.055
a range +10800 +11400 8 2 0.0552
a range +10800 +11400 9 3 0.054
a range +10800 +11400 11 1 0.0542
a range +11400 +12000 1 13 1102.7998
a range +11400 +12000 7 12 1102.3672
a range +12000 +12600 4 3 0.0555
a range +12000 +12600 5 1 0.0541
a range +12000 +12600 6 2 0.0555
a range +12000 +12600 7 2 0.055
a range +12000 +12600 9 1 0.0543
a range +12000 +12600 10 3 0.0542
a range +12600 +13200 6 12 1102.3244
a range +12600 +13200 9 13 1103.3944
a range +13200 +13800 4 3 0.0555
a range +13200 +13800 5 1 0.0541
a range +13200 +13800 6 2 0.0555
a range +13200 +13800 9 1 0.0543
a range +13200 +13800 10 3 0.0542
a range +13200 +13800 11 2 0.0558
a range +13800 +14400 4 13 1103.3938
a range +13800 +14400 9 12 1102.335
a range +14400 +15000 5 1 0.0541
a range +14400 +15000 6 1 0.0543
a range +14400 +15000 7 3 0.0558
a range +14400 +15000 8 2 0.0552
a range +14400 +15000 10 3 0.0542
a range +14400 +15000 11 2 0.0558
a range +15000 +15600 3 13 1103.2048
a range +15000 +15600 3 12 1102.3509
a range +15600 +16200 5 2 0.0548
a range +15600 +16200 7 2 0.055
a range +15600 +16200 8 1 0.0545
a range +15600 +16200 9 3 0.054
a range +15600 +16200 10 3 0.0542
a range +15600 +16200 11 1 0.0542
a range +16200 +16800 10 13 1103.1011
a range +16800 +17400 4 3 0.0555
a range +16800 +17400 5 1 0.0541
a range +16800 +17400 6 2 0.0555
a range +16800 +17400 7 3 0.0558
a range +16800 +17400 8 1 0.0545
a range +16800 +17400 11 2 0.0558
a range +17400 +18000 7 13 1103.3727
a range +18000 +18600 4 1 0.054
a range +18000 +18600 5 3 0.0544
a range +18000 +18600 6 2 0.0555
a range +18000 +18600 7 1 0.0549
a range +18000 +18600 8 3 0.0547
a range +18000 +18600 10 2 0.0543
a range +18600 +19200 8 13 1103.3814
a range +19200 +19800 4 3 0.0555
a range +19200 +19800 5 2 0.0548
a range +19200 +19800 7 1 0.0549
a range +19200 +19800 8 2 0.0552
a range +19200 +19800 10 1 0.0553
a range +19200 +19800 11 3 0.0542
a range +19800 +20400 7 13 1103.3727
a range +20400 +21000 4 1 0.054
a range +20400 +21000 6 3 0.0559
a range +20400 +21000 7 2 0.055
a range +20400 +21000 8 3 0.0547
a range +20400 +21000 9 2 0.0543
a range +20400 +21000 10 1 0.0553
a range +21000 +21600 5 13 1103.382
a range +21600 +22200 4 1 0.054
a range +21600 +22200 5 2 0.0548
a range +21600 +22200 6 2 0.0555
a range +21600 +22200 7 3 0.0558
a range +21600 +22200 9 3 0.054
a range +21600 +22200 10 1 0.0553
a range +22200 +22800 11 13 1102.6981
a range +22800 +23400 5 2 0.0548
a range +22800 +23400 6 1 0.0543
a range +22800 +23400 8 3 0.0547
a range +22800 +23400 9 2 0.0543
a range +22800 +23400 10 3 0.0542
a range +22800 +23400 11 1 0.0542
a range +23400 +24000 3 13 1103.2048
a range +24000 +24600 4 3 0.0555
a range +24000 +24600 5 3 0.0544
a range +24000 +24600 6 1 0.0543
a range +24000 +24600 7 1 0.0549
a range +24000 +24600 8 2 0.0552
a range +24000 +24600 11 2 0.0558
a range +24600 +25200 10 13 1103.1011
a range +25200 +25800 4 1 0.054
a range +25200 +25800 5 2 0.0548
a range +25200 +25800 6 2 0.0555
a range +25200 +25800 8 3 0.0547
a range +25200 +25800 9 3 0.054
a range +25200 +25800 10 1 0.0553
a range +25800 +26400 9 13 1103.3944
a range +26400 +27000 5 2 0.0548
a range +26400 +27000 7 1 0.0549
a range +26400 +27000 8 2 0.0552
a range +26400 +27000 9 3 0.054
a range +26400 +27000 10 3 0.0542
a range +26400 +27000 11 1 0.0542
a range +27000 +27600 7 13 1103.3727
a range +27600 +28200 4 1 0.054
a range +27600 +28200 5 1 0.0552
a range +27600 +28200 6 3 0.0542
a range +27600 +28200 9 3 0.054
a range +27600 +28200 10 2 0.0544
a range +27600 +28200 11 2 0.0558
a range +28200 +28800 5 13 1103.382
a range +28800 +29400 5 2 0.0548
a range +28800 +29400 6 1 0.0543
a range +28800 +29400 7 3 0.0558
a range +28800 +29400 8 2 0.0552
a range +28800 +29400 9 1 0.0543
a range +28800 +29400 10 3 0.0542
a range +29400 +30000 9 13 1103.3944
a range +30000 +30600 4 3 0.0555
a range +30000 +30600 5 3 0.0544
a range +30000 +30600 7 2 0.0541
a range +30000 +30600 9 1 0.0543
a range +30000 +30600 10 2 0.0544
a range +30000 +30600 11 1 0.0542
a range +30600 +31200 10 14 1103.1034
a range +30600 +31200 11 13 1103.404
a range +31200 +31800 4 3 0.0555
a range +31200 +31800 5 3 0.0544
a range +31200 +31800 6 1 0.0543
a range +31200 +31800 8 1 0.0552
a range +31200 +31800 9 2 0.0542
a range +31200 +31800 11 2 0.0558
a range +31800 +32400 3 13 1103.2048
a range +31800 +32400 8 14 1104.7848
a range +32400 +33000 5 2 0.0548
a range +32400 +33000 6 3 0.0542
a range +32400 +33000 7 1 0.0549
a range +32400 +33000 9 2 0.0542
a range +32400 +33000 10 1 0.0553
a range +32400 +33000 11 3 0.0546
a range +33000 +33600 3 14 1103.2012
a range +33000 +33600 11 13 1103.404
a range +33600 +34200 4 1 0.054
a range +33600 +34200 5 3 0.0544
a range +33600 +34200 6 3 0.0542
a range +33600 +34200 9 2 0.0542
a range +33600 +34200 10 1 0.0553
a range +33600 +34200 11 2 0.0558
a range +34200 +34800 8 14 1104.7848
a range +34200 +34800 11 13 1103.404
a range +34800 +35400 5 2 0.0548
a range +34800 +35400 6 1 0.0541
a range +34800 +35400 7 1 0.0549
a range +34800 +35400 8 3 0.0547
a range +34800 +35400 9 2 0.0542
a range +34800 +35400 11 3 0.0546
a range +35400 +36000 3 14 1103.2012
a range +35400 +36000 4 13 1103.3938
a range +36000 +36600 4 1 0.054
a range +36000 +36600 5 2 0.0548
a range +36000 +36600 6 3 0.0542
a range +36000 +36600 7 1 0.0549
a range +36000 +36600 8 3 0.0547
a range +36000 +36600 11 2 0.0558
a range +36600 +37200 9 13 1103.3944
a range +36600 +37200 10 14 1103.8986
a range +37200 +37800 4 3 0.0543
a range +37200 +37800 6 3 0.0542
a range +37200 +37800 7 1 0.0549
a range +37200 +37800 8 2 0.0552
a range +37200 +37800 9 1 0.0543
a range +37200 +37800 11 2 0.0558
a range +37800 +38400 9 13 1103.3944
a range +37800 +38400 10 14 1103.8986
a range +38400 +39000 4 1 0.054
a range +38400 +39000 6 1 0.0541
a range +38400 +39000 7 3 0.0558
a range +38400 +39000 8 2 0.0552
a range +38400 +39000 9 2 0.0542
a range +38400 +39000 11 3 0.0546
a range +39000 +39600 6 14 1103.5084
a range +39000 +39600 9 13 1103.3944
a range +39600 +40200 4 2 0.054
a range +39600 +40200 6 1 0.0541
a range +39600 +40200 7 3 0.0558
a range +39600 +40200 8 2 0.0552
a range +39600 +40200 9 3 0.0544
a range +39600 +40200 11 1 0.0543
a range +40200 +40800 4 14 1104.7646
a range +40200 +40800 10 13 1103.3718
a range +40800 +41400 4 1 0.054
a range +40800 +41400 6 2 0.0555
a range +40800 +41400 7 3 0.0558
a range +40800 +41400 8 2 0.0552
a range +40800 +41400 10 1 0.0553
a range +40800 +41400 11 3 0.0546
a range +41400 +42000 3 13 1103.408
a range +41400 +42000 7 14 1103.8985
a range +42000 +42600 4 1 0.054
a range +42000 +42600 5 2 0.0548
a range +42000 +42600 6 3 0.0542
a range +42000 +42600 7 2 0.0437
a range +42000 +42600 9 3 0.0544
a range +42000 +42600 10 1 0.0553
a range +42600 +43200 7 14 1103.8985
a range +43200 +43800 4 1 0.054
a range +43200 +43800 5 1 0.0519
a range +43200 +43800 8 3 0.0547
a range +43200 +43800 9 2 0.0542
a range +43200 +43800 10 3 0.0542
a range +43200 +43800 11 2 0.0558
a range +43800 +44400 1 14 1103.9292
a range +44400 +45000 5 3 0.0544
a range +44400 +45000 7 1 0.0549
a range +44400 +45000 8 3 0.0547
a range +44400 +45000 9 1 0.0543
a range +44400 +45000 10 2 0.0437
a range +44400 +45000 11 2 0.0558
a range +45000 +45600 1 14 1103.9292
a range +45600 +46200 4 2 0.054
a range +45600 +46200 5 3 0.0544
a range +45600 +46200 7 1 0.0549
a range +45600 +46200 8 3 0.0547
a range +45600 +46200 9 1 0.0543
a range +45600 +46200 11 2 0.0558
a range +46200 +46800 11 14 1104.2978
a range +46800 +47400 4 1 0.054
a range +46800 +47400 6 2 0.0555
a range +46800 +47400 7 3 0.0558
a range +46800 +47400 8 1 0.052
a range +46800 +47400 9 2 0.0542
a range +46800 +47400 11 3 0.0546
a range +47400 +48000 11 14 1104.2978
a range +48000 +48600 4 2 0.054
a range +48000 +48600 6 1 0.0541
a range +48000 +48600 7 3 0.0558
a range +48000 +48600 8 2 0.0549
a range +48000 +48600 10 1 0.0553
a range +48000 +48600 11 3 0.0546
a range +48600 +49200 10 14 1103.8986
a range +49200 +49800 4 2 0.054
a range +49200 +49800 5 3 0.0544
a range +49200 +49800 7 3 0.0558
a range +49200 +49800 8 2 0.0549
a range +49200 +49800 9 1 0.0543
a range +49200 +49800 11 1 0.054
a range +49800 +50400 5 14 1104.7851
a range +50400 +51000 4 1 0.054
a range +50400 +51000 6 3 0.0542
a range +50400 +51000 7 1 0.0549
a range +50400 +51000 8 2 0.0549
a range +50400 +51000 9 2 0.0542
a range +50400 +51000 11 3 0.0546
a range +51000 +51600 10 14 1103.8986
a range +51600 +52200 4 3 0.0327
a range +51600 +52200 6 1 0.0541
a range +51600 +52200 7 2 0.0437
a range +51600 +52200 9 3 0.0326
a range +51600 +52200 10 1 0.0553
a range +51600 +52200 11 2 0.0558
a range +52200 +52800 5 12 1105.0472
a range +52200 +52800 11 14 1104.2978
a range +52800 +53400 4 2 0.054
a range +52800 +53400 6 1 0.0541
a range +52800 +53400 8 3 0.0547
a range +52800 +53400 9 3 0.0326
a range +52800 +53400 10 1 0.0553
a range +52800 +53400 11 2 0.0558
a range +53400 +54000 1 12 1103.9444
a range +53400 +54000 9 14 1104.7649
a range +54000 +54600 4 3 0.0327
a range +54000 +54600 5 3 0.0544
a range +54000 +54600 8 2 0.0549
a range +54000 +54600 9 2 0.0542
a range +54000 +54600 10 1 0.0553
a range +54000 +54600 11 1 0.054
a range +54600 +55200 3 12 1104.3267
a range +54600 +55200 7 14 1103.8985
a range +55200 +55800 4 3 0.0327
a range +55200 +55800 7 1 0.0549
a range +55200 +55800 8 3 0.0547
a range +55200 +55800 9 2 0.0542
a range +55200 +55800 10 2 0.0437
a range +55200 +55800 11 1 0.054
a range +55800 +56400 2 14 1104.7107
a range +55800 +56400 4 12 1105.068
a range +56400 +57000 4 3 0.0327
a range +56400 +57000 6 2 0.0555
a range +56400 +57000 7 1 0.0549
a range +56400 +57000 8 1 0.052
a range +56400 +57000 9 2 0.0542
a range +56400 +57000 11 3 0.0546
a range +57000 +57600 4 12 1105.068
a range +57000 +57600 6 14 1104.7551
a range +57600 +58200 4 1 0.0551
a range +57600 +58200 6 3 0.0542
a range +57600 +58200 7 2 0.0437
a range +57600 +58200 8 3 0.0547
a range +57600 +58200 9 1 0.0553
a range +57600 +58200 10 2 0.0437
a range +58200 +58800 3 14 1104.3298
a range +58200 +58800 7 12 1104.707
a range +58800 +59400 4 2 0.054
a range +58800 +59400 5 1 0.0519
a range +58800 +59400 6 2 0.0555
a range +58800 +59400 7 3 0.0551
a range +58800 +59400 8 1 0.052
a range +58800 +59400 9 3 0.0326
a range +59400 +60000 2 14 1104.7107
a range +59400 +60000 11 12 1104.2959
a range +60000 +60600 5 2 0.0104
a range +60000 +60600 6 3 0.0542
a range +60000 +60600 7 3 0.0551
a range +60000 +60600 8 2 0.0097
a range +60000 +60600 9 1 0.0553
a range +60000 +60600 11 1 0.0199
a range +60600 +61200 9 12 1105.0682
a range +60600 +61200 11 14 1104.2978
a range +61200 +61800 4 1 0.0551
a range +61200 +61800 5 2 0.0104
a range +61200 +61800 6 1 0.0201
a range +61200 +61800 9 2 0.0542
a range +61200 +61800 10 3 0.0551
a range +61200 +61800 11 3 0.0546
a range +61800 +62400 2 14 1104.7107
a range +61800 +62400 4 12 1105.068
a range +62400 +63000 4 1 0.0551
a range +62400 +63000 5 2 0.0104
a range +62400 +63000 6 3 0.0542
a range +62400 +63000 7 2 0.0437
a range +62400 +63000 8 1 0.052
a range +62400 +63000 10 3 0.0551
a range +63000 +63600 6 14 1104.7551
a range +63000 +63600 8 12 1105.047
a range +63600 +64200 4 1 0.0551
a range +63600 +64200 5 2 0.0104
a range +63600 +64200 6 3 0.0542
a range +63600 +64200 7 2 0.0437
a range +63600 +64200 10 3 0.0551
a range +63600 +64200 11 1 0.0199
a range +64200 +64800 2 12 1104.6917
a range +64200 +64800 6 14 1104.7551
a range +64800 +65400 4 3 0.0327
a range +64800 +65400 7 1 0.0549
a range +64800 +65400 8 1 0.052
a range +64800 +65400 9 2 0.0542
a range +64800 +65400 10 2 0.0437
a range +64800 +65400 11 3 0.0546
a range +65400 +66000 1 12 1105.0649
a range +65400 +66000 4 14 1104.7646
a range +66000 +66600 4 3 0.0327
a range +66000 +66600 5 2 0.0104
a range +66000 +66600 6 3 0.0542
a range +66000 +66600 8 2 0.0097
a range +66000 +66600 10 1 0.0553
a range +66000 +66600 11 1 0.0199
a range +66600 +67200 1 12 1105.0649
a range +66600 +67200 2 14 1104.7107
a range +67200 +67800 4 2 0.054
a range +67200 +67800 5 1 0.0519
a range +67200 +67800 6 3 0.0542
a range +67200 +67800 7 1 0.0549
a range +67200 +67800 8 3 0.0555
a range +67200 +67800 10 2 0.0437
a range +67800 +68400 4 12 1105.068
a range +67800 +68400 10 14 1104.7267
a range +68400 +69000 4 3 0.0327
a range +68400 +69000 5 1 0.0519
a range +68400 +69000 6 1 0.0201
a range +68400 +69000 8 3 0.0555
a range +68400 +69000 9 2 0.0542
a range +68400 +69000 11 2 0.0548
a range +69000 +69600 2 14 1104.7107
a range +69000 +69600 4 12 1105.068
a range +69600 +70200 4 3 0.0327
a range +69600 +70200 5 3 0.0552
a range +69600 +70200 7 2 0.0437
a range +69600 +70200 8 1 0.052
a range +69600 +70200 10 1 0.0553
a range +69600 +70200 11 2 0.0548
a range +70200 +70800 5 14 1104.7851
a range +70200 +70800 9 12 1105.0682
a range +70800 +71400 5 3 0.0552
a range +70800 +71400 7 2 0.0437
a range +70800 +71400 8 3 0.0555
a range +70800 +71400 9 2 0.0542
a range +70800 +71400 10 1 0.0553
a range +70800 +71400 11 1 0.0199
a range +71400 +72000 3 14 1104.7526
a range +71400 +72000 10 12 1104.7069
a range +72000 +72600 4 3 0.0327
a range +72000 +72600 6 1 0.0201
a range +72000 +72600 7 2 0.0437
a range +72000 +72600 8 2 0.0097
a range +72000 +72600 10 1 0.0553
a range +72000 +72600 11 3 0.0546
a range +72600 +73200 4 14 1104.7646
a range +72600 +73200 8 12 1105.047
a range +73200 +73800 4 1 0.0279
a range +73200 +73800 5 1 0.0519
a range +73200 +73800 7 3 0.0153
a range +73200 +73800 8 2 0.0097
a range +73200 +73800 9 3 0.0326
a range +73200 +73800 10 2 0.0437
a range +73800 +74400 3 12 1105.0361
a range +73800 +74400 5 14 1104.7851
a range +74400 +75000 4 1 0.0279
a range +74400 +75000 5 3 0.0552
a range +74400 +75000 6 2 0.0547
a range +74400 +75000 8 1 0.052
a range +74400 +75000 9 3 0.0326
a range +74400 +75000 11 2 0.0548
a range +75000 +75600 9 14 1104.7649
a range +75000 +75600 10 12 1104.7069
a range +75600 +76200 4 3 0.0327
a range +75600 +76200 5 2 0.0104
a range +75600 +76200 6 1 0.0201
a range +75600 +76200 7 2 0.0437
a range +75600 +76200 8 1 0.052
a range +75600 +76200 9 3 0.0326
a range +76200 +76800 3 14 1104.7526
a range +76200 +76800 10 12 1104.7069
a range +76800 +77400 5 2 0.0104
a range +76800 +77400 6 3 0.0542
a range +76800 +77400 7 3 0.0153
a range +76800 +77400 8 2 0.0097
a range +76800 +77400 9 1 0.0277
a range +76800 +77400 11 1 0.0199
a range +77400 +78000 9 14 1104.7649
a range +77400 +78000 10 12 1105.0345
a range +78000 +78600 4 3 0.0327
a range +78000 +78600 6 3 0.0542
a range +78000 +78600 7 2 0.0437
a range +78000 +78600 9 1 0.0277
a range +78000 +78600 10 2 0.0437
a range +78000 +78600 11 1 0.0199
a range +78600 +79200 8 13 1105.0542
a range +78600 +79200 9 12 1105.0682
a range +79200 +79800 4 2 0.0552
a range +79200 +79800 6 3 0.0542
a range +79200 +79800 7 2 0.0437
a range +79200 +79800 8 1 0.052
a range +79200 +79800 9 1 0.0277
a range +79200 +79800 11 3 0.0546
a range +79800 +80400 3 13 1105.0433
a range +79800 +80400 8 12 1105.047
a range +80400 +81000 4 3 0.0327
a range +80400 +81000 5 1 0.0519
a range +80400 +81000 6 3 0.0542
a range +80400 +81000 7 2 0.0437
a range +80400 +81000 10 1 0.0555
a range +80400 +81000 11 2 0.0396
a range +81000 +81600 1 12 1105.0649
a range +81000 +81600 11 13 1105.088
a range +81600 +82200 4 3 0.0327
a range +81600 +82200 6 1 0.0201
a range +81600 +82200 8 2 0.0097
a range +81600 +82200 9 3 0.0326
a range +81600 +82200 10 2 0.0437
a range +81600 +82200 11 1 0.0199
a range +82200 +82800 4 12 1105.068
a range +82200 +82800 9 13 1105.0754
a range +82800 +83400 4 2 0.0552
a range +82800 +83400 6 3 0.0542
a range +82800 +83400 7 1 0.0554
a range +82800 +83400 8 3 0.0491
a range +82800 +83400 9 2 0.0554
a range +82800 +83400 11 1 0.0199
a range +83400 +84000 1 12 1105.0649
a range +83400 +84000 6 13 1105.0877
a range +84000 +84600 4 2 0.0552
a range +84000 +84600 5 1 0.0519
a range +84000 +84600 6 2 0.0396
a range +84000 +84600 8 3 0.0491
a range +84000 +84600 9 1 0.0277
a range +84000 +84600 11 3 0.0546
a range +84600 +85200 2 13 1105.0544
a range +84600 +85200 6 12 1105.0805
a range +85200 +85800 4 3 0.0327
a range +85200 +85800 5 1 0.0519
a range +85200 +85800 6 1 0.0201
a range +85200 +85800 7 2 0.0437
a range +85200 +85800 8 2 0.0097
a range +85200 +85800 10 3 0.0149
a range +85800 +86400 7 13 1105.0419
a range +85800 +86400 8 12 1105.047
a range +0 +86400 12 15 0.0
a range +0 +86400 15 12 0.0
a range +0 +86400 13 15 0.0
a range +0 +86400 15 13 0.0
a range +0 +86400 14 15 0.0
a range +0 +86400 15 14 0.0
