a contact +0 +600 9 1 50000000
a contact +600 +1200 10 2 50000000
a contact +1200 +1800 4 12 50000000
a contact +1800 +2400 11 2 50000000
a contact +3600 +4200 11 3 50000000
a contact +5400 +6000 6 13 50000000
a contact +4200 +6000 8 3 50000000
a contact +6000 +6600 2 14 1200000000
a contact +6600 +7200 10 1 50000000
a contact +7200 +7800 10 2 50000000
a contact +9000 +9600 11 3 50000000
a contact +13800 +14400 8 1 50000000
a contact +13200 +14400 11 2 50000000
a contact +15000 +15600 5 14 50000000
a contact +15000 +15600 9 3 50000000
a contact +16800 +17400 6 14 50000000
a contact +16200 +17400 10 3 50000000
a contact +18000 +18600 6 13 50000000
a contact +20400 +21600 11 3 50000000
a contact +21600 +22200 6 12 50000000
a contact +22200 +22800 11 3 50000000
a contact +25200 +25800 11 2 50000000
a contact +26400 +27600 9 3 50000000
a contact +31200 +31800 5 13 50000000
a contact +33000 +33600 7 1 50000000
a contact +33000 +33600 10 2 50000000
a contact +34200 +34800 9 2 50000000
a contact +34200 +35400 11 2 50000000
a contact +36000 +36600 9 1 50000000
a contact +37800 +38400 8 3 50000000
a contact +40200 +40800 2 12 1200000000
a contact +42000 +42600 11 3 50000000
a contact +43800 +44400 10 3 50000000
a contact +45000 +45600 10 1 50000000
a contact +45600 +46200 10 2 50000000
a contact +46200 +46800 8 1 50000000
a contact +46200 +46800 11 2 50000000
a contact +48600 +49200 4 12 50000000
a contact +49200 +49800 7 2 50000000
a contact +51600 +52200 2 12 1200000000
a contact +54000 +54600 9 3 50000000
a contact +55800 +56400 9 2 50000000
a contact +59400 +60000 8 3 50000000
a contact +61800 +62400 5 12 50000000
a contact +61800 +62400 10 3 50000000
a contact +62400 +63000 9 1 50000000
a contact +64800 +65400 10 1 50000000
a contact +65400 +66000 7 2 50000000
a contact +66600 +67200 9 3 50000000
a contact +67800 +68400 7 1 50000000
a contact +72000 +72600 5 13 50000000
a contact +74400 +75000 7 3 50000000
a contact +75600 +76200 2 12 1200000000
a contact +75000 +76200 9 1 50000000
a contact +76200 +76800 9 2 50000000
a contact +77400 +78000 8 1 50000000
a contact +79200 +79800 8 1 50000000
a contact +80400 +81000 7 2 50000000
a contact +80400 +81600 6 13 50000000
a contact +81600 +82200 9 1 50000000
a contact +82200 +82800 5 14 50000000
a contact +81600 +82800 7 2 50000000
a contact +82800 +83400 9 3 50000000
a contact +83400 +84000 7 3 50000000
a contact +84000 +84600 7 2 50000000
a contact +84000 +84600 10 3 50000000
a contact +85200 +85800 4 14 50000000
a contact +85800 +86400 6 14 50000000
a contact +0 +86400 12 15 100000000000
a contact +0 +86400 15 12 100000000000
a contact +0 +86400 13 15 100000000000
a contact +0 +86400 15 13 100000000000
a contact +0 +86400 14 15 100000000000
a contact +0 +86400 15 14 100000000000

a range +0 +600 9 1 0.0277
a range +600 +1200 10 2 0.0543
a range +1200 +1800 4 12 1105.068
a range +1800 +2400 11 2 0.0558
a range +3600 +4200 11 3 0.0546
a range +5400 +6000 6 13 1102.6981
a range +4200 +6000 8 3 0.0547
a range +6000 +6600 2 14 1104.7107
a range +6600 +7200 10 1 0.0553
a range +7200 +7800 10 2 0.0543
a range +9000 +9600 11 3 0.0546
a range +13800 +14400 8 1 0.0545
a range +13200 +14400 11 2 0.0558
a range +15000 +15600 5 14 1104.7851
a range +15000 +15600 9 3 0.0544
a range +16800 +17400 6 14 1103.5084
a range +16200 +17400 10 3 0.0542
a range +18000 +18600 6 13 1102.6981
a range +20400 +21600 11 3 0.0546
a range +21600 +22200 6 12 1105.0805
a range +22200 +22800 11 3 0.0546
a range +25200 +25800 11 2 0.0558
a range +26400 +27600 9 3 0.0326
a range +31200 +31800 5 13 1103.382
a range +33000 +33600 7 1 0.0549
a range +33000 +33600 10 2 0.0437
a range +34200 +34800 9 2 0.0542
a range +34200 +35400 11 2 0.0558
a range +36000 +36600 9 1 0.0277
a range +37800 +38400 8 3 0.0547
a range +40200 +40800 2 12 1102.3712
a range +42000 +42600 11 3 0.0542
a range +43800 +44400 10 3 0.0542
a range +45000 +45600 10 1 0.0553
a range +45600 +46200 10 2 0.0437
a range +46200 +46800 8 1 0.052
a range +46200 +46800 11 2 0.0558
a range +48600 +49200 4 12 1102.3348
a range +49200 +49800 7 2 0.0437
a range +51600 +52200 2 12 1102.3712
a range +54000 +54600 9 3 0.054
a range +55800 +56400 9 2 0.0549
a range +59400 +60000 8 3 0.0547
a range +61800 +62400 5 12 1102.3568
a range +61800 +62400 10 3 0.0542
a range +62400 +63000 9 1 0.0543
a range +64800 +65400 10 1 0.0553
a range +65400 +66000 7 2 0.0437
a range +66600 +67200 9 3 0.054
a range +67800 +68400 7 1 0.0549
a range +72000 +72600 5 13 1103.382
a range +74400 +75000 7 3 0.0558
a range +75600 +76200 2 12 1102.3712
a range +75000 +76200 9 1 0.0543
a range +76200 +76800 9 2 0.0543
a range +77400 +78000 8 1 0.052
a range +79200 +79800 8 1 0.052
a range +80400 +81000 7 2 0.0437
a range +80400 +81600 6 13 1103.4031
a range +81600 +82200 9 1 0.0543
a range +82200 +82800 5 14 1104.7851
a range +81600 +82800 7 2 0.0437
a range +82800 +83400 9 3 0.054
a range +83400 +84000 7 3 0.0558
a range +84000 +84600 7 2 0.055
a range +84000 +84600 10 3 0.0542
a range +85200 +85800 4 14 1104.7646
a range +85800 +86400 6 14 1104.7551
a range +0 +86400 12 15 0.0
a range +0 +86400 15 12 0.0
a range +0 +86400 13 15 0.0
a range +0 +86400 15 13 0.0
a range +0 +86400 14 15 0.0
a range +0 +86400 15 14 0.0
