a contact +1200 +1800 2006 1002 50
a contact +2400 +3000 2006 1001 50
a contact +2400 +3000 2008 1003 50
a contact +3000 +3600 2004 1002 50
a contact +3000 +3600 2007 1003 50
a contact +5400 +6000 2007 1001 50
a contact +9600 +10200 2006 1001 50
a contact +10800 +11400 1003 9002 1200
a contact +12600 +13200 2002 9002 50
a contact +12600 +13200 2007 1003 50
a contact +12600 +13200 2008 1002 50
a contact +14400 +15000 2006 1003 50
a contact +15000 +15600 2008 1003 50
a contact +16200 +16800 2008 1002 50
a contact +19800 +20400 2008 1001 50
a contact +22200 +22800 2006 1002 50
a contact +22800 +23400 2006 1003 50
a contact +24000 +24600 2006 1001 50
a contact +25200 +25800 2004 1002 50
a contact +25800 +26400 1002 9002 1200
a contact +28800 +30000 2006 1002 50
a contact +30000 +30600 2005 1001 50
a contact +30600 +31200 2005 1002 50
a contact +32400 +33000 2007 1003 50
a contact +33600 +34200 2008 1003 50
a contact +36000 +36600 2002 9002 50
a contact +36600 +37200 2007 1001 50
a contact +37800 +38400 2003 9003 50
a contact +37800 +38400 2004 1002 50
a contact +43200 +43800 2002 9003 50
a contact +43200 +43800 2006 1003 50
a contact +45000 +45600 2005 1001 50
a contact +45000 +45600 2008 1002 50
a contact +45600 +46200 2004 1003 50
a contact +46200 +46800 2007 1001 50
a contact +47400 +48000 2004 1001 50
a contact +51000 +51600 2005 1003 50
a contact +52200 +52800 2001 9003 50
a contact +54000 +54600 2005 1003 50
a contact +55800 +56400 2007 1002 50
a contact +57600 +58200 2008 1002 50
a contact +58200 +58800 2004 1002 50
a contact +58200 +58800 2007 1003 50
a contact +59400 +60600 2008 1001 50
a contact +63600 +64200 2007 1001 50
a contact +64200 +64800 2007 1003 50
a contact +64800 +65400 2008 1003 50
a contact +65400 +66000 2003 9001 50
a contact +64800 +66000 2005 1002 50
a contact +66600 +67200 2007 1001 50
a contact +69000 +69600 2004 1002 50
a contact +69000 +69600 2007 1003 50
a contact +69600 +70200 1002 9001 1200
a contact +71400 +72000 2003 9001 50
a contact +72600 +73200 2005 1003 50
a contact +73800 +74400 2006 1002 50
a contact +74400 +75000 2007 1003 50
a contact +76200 +76800 2003 9003 50
a contact +76800 +77400 1003 9001 1200
a contact +78000 +78600 2007 1003 50
a contact +79200 +79800 1002 9002 1200
a contact +79200 +79800 2007 1001 50
a contact +81600 +82200 2001 9001 50
a contact +82200 +82800 2006 1001 50
a contact +83400 +84000 2004 1002 50
a contact +83400 +84000 2006 1003 50
a contact +84600 +85200 2004 1001 50
a contact +85800 +86400 2008 1001 50

a range +1200 +1800 2006 1002 0.0549
a range +2400 +3000 2006 1001 0.0543
a range +2400 +3000 2008 1003 0.0552
a range +3000 +3600 2004 1002 0.055
a range +3000 +3600 2007 1003 0.0542
a range +5400 +6000 2007 1001 0.0556
a range +9600 +10200 2006 1001 0.0543
a range +10800 +11400 1003 9002 1103.2048
a range +12600 +13200 2002 9002 1103.382
a range +12600 +13200 2007 1003 0.0542
a range +12600 +13200 2008 1002 0.0558
a range +14400 +15000 2006 1003 0.054
a range +15000 +15600 2008 1003 0.0542
a range +16200 +16800 2008 1002 0.0558
a range +19800 +20400 2008 1001 0.0542
a range +22200 +22800 2006 1002 0.0543
a range +22800 +23400 2006 1003 0.054
a range +24000 +24600 2006 1001 0.0543
a range +25200 +25800 2004 1002 0.0541
a range +25800 +26400 1002 9002 1103.4001
a range +28800 +30000 2006 1002 0.0542
a range +30000 +30600 2005 1001 0.0552
a range +30600 +31200 2005 1002 0.0552
a range +32400 +33000 2007 1003 0.0542
a range +33600 +34200 2008 1003 0.0546
a range +36000 +36600 2002 9002 1103.382
a range +36600 +37200 2007 1001 0.0553
a range +37800 +38400 2003 9003 1103.5084
a range +37800 +38400 2004 1002 0.0437
a range +43200 +43800 2002 9003 1104.7851
a range +43200 +43800 2006 1003 0.0544
a range +45000 +45600 2005 1001 0.052
a range +45000 +45600 2008 1002 0.0558
a range +45600 +46200 2004 1003 0.0558
a range +46200 +46800 2007 1001 0.0553
a range +47400 +48000 2004 1001 0.0549
a range +51000 +51600 2005 1003 0.0547
a range +52200 +52800 2001 9003 1104.7646
a range +54000 +54600 2005 1003 0.0547
a range +55800 +56400 2007 1002 0.0437
a range +57600 +58200 2008 1002 0.0558
a range +58200 +58800 2004 1002 0.0437
a range +58200 +58800 2007 1003 0.0551
a range +59400 +60600 2008 1001 0.0199
a range +63600 +64200 2007 1001 0.0553
a range +64200 +64800 2007 1003 0.0551
a range +64800 +65400 2008 1003 0.0546
a range +65400 +66000 2003 9001 1105.0805
a range +64800 +66000 2005 1002 0.0097
a range +66600 +67200 2007 1001 0.0553
a range +69000 +69600 2004 1002 0.0437
a range +69000 +69600 2007 1003 0.0149
a range +69600 +70200 1002 9001 1104.6917
a range +71400 +72000 2003 9001 1105.0805
a range +72600 +73200 2005 1003 0.0555
a range +73800 +74400 2006 1002 0.0542
a range +74400 +75000 2007 1003 0.0149
a range +76200 +76800 2003 9003 1104.7551
a range +76800 +77400 1003 9001 1105.0361
a range +78000 +78600 2007 1003 0.0149
a range +79200 +79800 1002 9002 1105.0544
a range +79200 +79800 2007 1001 0.0555
a range +81600 +82200 2001 9001 1105.068
a range +82200 +82800 2006 1001 0.0277
a range +83400 +84000 2004 1002 0.0437
a range +83400 +84000 2006 1003 0.0326
a range +84600 +85200 2004 1001 0.0554
a range +85800 +86400 2008 1001 0.0199
