a contact +0 +1200 1 7 1000000000
a contact +0 +1200 1 10 1000000000
a contact +0 +1200 7 1 1000000000
a contact +0 +1200 10 1 1000000000
a contact +0 +1800 3 5 1000000000
a contact +0 +1800 3 8 1000000000
a contact +0 +1800 5 3 1000000000
a contact +0 +1800 8 3 1000000000
a contact +0 +2400 4 8 1000000000
a contact +0 +2400 5 9 1000000000
a contact +0 +2400 6 10 1000000000
a contact +0 +2400 7 11 1000000000
a contact +0 +2400 8 4 1000000000
a contact +0 +2400 9 5 1000000000
a contact +0 +2400 10 6 1000000000
a contact +0 +2400 11 7 1000000000
a contact +0 +3000 2 6 1000000000
a contact +0 +3000 2 11 1000000000
a contact +0 +3000 6 2 1000000000
a contact +0 +3000 11 2 1000000000
a contact +1200 +7200 4 7 1000000000
a contact +1200 +7200 4 11 1000000000
a contact +1200 +7200 5 6 1000000000
a contact +1200 +7200 5 10 1000000000
a contact +1200 +7200 6 5 1000000000
a contact +1200 +7200 6 9 1000000000
a contact +1200 +7200 7 4 1000000000
a contact +1200 +7200 7 8 1000000000
a contact +1200 +7200 8 7 1000000000
a contact +1200 +7200 8 11 1000000000
a contact +1200 +7200 9 6 1000000000
a contact +1200 +7200 9 10 1000000000
a contact +1200 +7200 10 5 1000000000
a contact +1200 +7200 10 9 1000000000
a contact +1200 +7200 11 4 1000000000
a contact +1200 +7200 11 8 1000000000
a contact +0 +7800 3 12 1000000000
a contact +0 +7800 3 13 1000000000
a contact +600 +7800 4 9 1000000000
a contact +600 +7800 5 8 1000000000
a contact +600 +7800 6 11 1000000000
a contact +600 +7800 7 10 1000000000
a contact +600 +7800 8 5 1000000000
a contact +600 +7800 9 4 1000000000
a contact +600 +7800 10 7 1000000000
a contact +600 +7800 11 6 1000000000
a contact +0 +7800 12 3 1000000000
a contact +0 +7800 13 3 1000000000
a contact +0 +12000 2 4 1000000000
a contact +0 +12000 2 9 1000000000
a contact +0 +12000 3 6 1000000000
a contact +0 +12000 3 11 1000000000
a contact +0 +12000 4 2 1000000000
a contact +0 +12000 6 3 1000000000
a contact +0 +12000 9 2 1000000000
a contact +0 +12000 11 3 1000000000
a contact +5400 +13200 1 7 1000000000
a contact +5400 +13200 1 10 1000000000
a contact +5400 +13200 4 8 1000000000
a contact +5400 +13200 5 9 1000000000
a contact +5400 +13200 6 10 1000000000
a contact +5400 +13200 7 1 1000000000
a contact +5400 +13200 7 11 1000000000
a contact +5400 +13200 8 4 1000000000
a contact +5400 +13200 9 5 1000000000
a contact +5400 +13200 10 1 1000000000
a contact +5400 +13200 10 6 1000000000
a contact +5400 +13200 11 7 1000000000
a contact +6600 +15000 3 5 1000000000
a contact +6600 +15000 3 8 1000000000
a contact +6600 +15000 5 3 1000000000
a contact +6600 +15000 8 3 1000000000
a contact +1200 +15600 1 12 1000000000
a contact +0 +15600 2 12 1000000000
a contact +10800 +15600 3 12 1000000000
a contact +0 +15600 4 12 1000000000
a contact +0 +15600 5 12 1000000000
a contact +0 +15600 6 12 1000000000
a contact +0 +15600 7 12 1000000000
a contact +0 +15600 8 12 1000000000
a contact +0 +15600 9 12 1000000000
a contact +0 +15600 10 12 1000000000
a contact +0 +15600 11 12 1000000000
a contact +1200 +15600 12 1 1000000000
a contact +0 +15600 12 2 1000000000
a contact +10800 +15600 12 3 1000000000
a contact +0 +15600 12 4 1000000000
a contact +0 +15600 12 5 1000000000
a contact +0 +15600 12 6 1000000000
a contact +0 +15600 12 7 1000000000
a contact +0 +15600 12 8 1000000000
a contact +0 +15600 12 9 1000000000
a contact +0 +15600 12 10 1000000000
a contact +0 +15600 12 11 1000000000
a contact +0 +17400 2 13 1000000000
a contact +11400 +17400 4 7 1000000000
a contact +11400 +17400 4 11 1000000000
a contact +11400 +17400 5 6 1000000000
a contact +11400 +17400 5 10 1000000000
a contact +11400 +17400 6 5 1000000000
a contact +11400 +17400 6 9 1000000000
a contact +11400 +17400 7 4 1000000000
a contact +11400 +17400 7 8 1000000000
a contact +11400 +17400 8 7 1000000000
a contact +11400 +17400 8 11 1000000000
a contact +11400 +17400 9 6 1000000000
a contact +11400 +17400 9 10 1000000000
a contact +11400 +17400 10 5 1000000000
a contact +11400 +17400 10 9 1000000000
a contact +11400 +17400 11 4 1000000000
a contact +11400 +17400 11 8 1000000000
a contact +0 +17400 13 2 1000000000
a contact +10800 +18000 6 11 1000000000
a contact +10800 +18000 7 10 1000000000
a contact +10800 +18000 10 7 1000000000
a contact +10800 +18000 11 6 1000000000
a contact +10800 +18600 4 9 1000000000
a contact +10800 +18600 5 8 1000000000
a contact +10800 +18600 8 5 1000000000
a contact +10800 +18600 9 4 1000000000
a contact +0 +22200 1 5 1000000000
a contact +0 +22200 1 8 1000000000
a contact +0 +22200 2 10 1000000000
a contact +0 +22200 5 1 1000000000
a contact +0 +22200 8 1 1000000000
a contact +0 +22200 10 2 1000000000
a contact +0 +22800 2 7 1000000000
a contact +15000 +22800 3 11 1000000000
a contact +0 +22800 7 2 1000000000
a contact +15000 +22800 11 3 1000000000
a contact +15000 +23400 3 6 1000000000
a contact +16200 +23400 4 8 1000000000
a contact +16200 +23400 5 9 1000000000
a contact +15000 +23400 6 3 1000000000
a contact +16200 +23400 6 10 1000000000
a contact +16200 +23400 7 11 1000000000
a contact +16200 +23400 8 4 1000000000
a contact +16200 +23400 9 5 1000000000
a contact +16200 +23400 10 6 1000000000
a contact +16200 +23400 11 7 1000000000
a contact +16800 +24600 2 4 1000000000
a contact +16800 +24600 2 9 1000000000
a contact +16800 +24600 4 2 1000000000
a contact +0 +24600 6 13 1000000000
a contact +16800 +24600 9 2 1000000000
a contact +0 +24600 11 13 1000000000
a contact +0 +24600 13 6 1000000000
a contact +0 +24600 13 11 1000000000
a contact +1200 +27000 1 13 1000000000
a contact +1200 +27000 13 1 1000000000
a contact +22200 +28200 4 7 1000000000
a contact +22200 +28200 4 11 1000000000
a contact +22200 +28200 5 6 1000000000
a contact +22200 +28200 5 10 1000000000
a contact +22200 +28200 6 5 1000000000
a contact +22200 +28200 6 9 1000000000
a contact +22200 +28200 7 4 1000000000
a contact +22200 +28200 7 8 1000000000
a contact +22200 +28200 8 7 1000000000
a contact +21600 +28200 8 11 1000000000
a contact +22200 +28200 9 6 1000000000
a contact +21600 +28200 9 10 1000000000
a contact +22200 +28200 10 5 1000000000
a contact +21600 +28200 10 9 1000000000
a contact +22200 +28200 11 4 1000000000
a contact +21600 +28200 11 8 1000000000
a contact +21000 +28800 4 9 1000000000
a contact +21000 +28800 5 8 1000000000
a contact +21000 +28800 6 11 1000000000
a contact +21000 +28800 7 10 1000000000
a contact +21000 +28800 8 5 1000000000
a contact +21000 +28800 9 4 1000000000
a contact +21000 +28800 10 7 1000000000
a contact +21000 +28800 11 6 1000000000
a contact +0 +32400 3 9 1000000000
a contact +0 +32400 9 3 1000000000
a contact +0 +33000 1 11 1000000000
a contact +25200 +33000 2 7 1000000000
a contact +25200 +33000 2 10 1000000000
a contact +0 +33000 3 4 1000000000
a contact +0 +33000 4 3 1000000000
a contact +25200 +33000 7 2 1000000000
a contact +25200 +33000 10 2 1000000000
a contact +0 +33000 11 1 1000000000
a contact +0 +33600 1 6 1000000000
a contact +0 +33600 6 1 1000000000
a contact +26400 +33600 6 10 1000000000
a contact +26400 +33600 7 11 1000000000
a contact +26400 +33600 10 6 1000000000
a contact +26400 +33600 11 7 1000000000
a contact +26400 +34200 4 8 1000000000
a contact +26400 +34200 5 9 1000000000
a contact +26400 +34200 8 4 1000000000
a contact +26400 +34200 9 5 1000000000
a contact +27000 +34800 1 5 1000000000
a contact +27000 +34800 1 8 1000000000
a contact +27000 +34800 5 1 1000000000
a contact +27000 +34800 8 1 1000000000
a contact +0 +34800 10 13 1000000000
a contact +30000 +34800 10 14 1000000000
a contact +0 +34800 13 10 1000000000
a contact +30000 +34800 14 10 1000000000
a contact +10800 +37200 3 13 1000000000
a contact +30000 +37200 3 14 1000000000
a contact +10800 +37200 13 3 1000000000
a contact +30000 +37200 14 3 1000000000
a contact +32400 +38400 4 7 1000000000
a contact +32400 +38400 4 11 1000000000
a contact +32400 +38400 5 6 1000000000
a contact +32400 +38400 5 10 1000000000
a contact +32400 +38400 6 5 1000000000
a contact +32400 +38400 6 9 1000000000
a contact +32400 +38400 7 4 1000000000
a contact +32400 +38400 7 8 1000000000
a contact +32400 +38400 8 7 1000000000
a contact +32400 +38400 8 11 1000000000
a contact +32400 +38400 9 6 1000000000
a contact +32400 +38400 9 10 1000000000
a contact +32400 +38400 10 5 1000000000
a contact +32400 +38400 10 9 1000000000
a contact +32400 +38400 11 4 1000000000
a contact +32400 +38400 11 8 1000000000
a contact +31800 +39000 4 9 1000000000
a contact +31800 +39000 5 8 1000000000
a contact +31800 +39000 6 11 1000000000
a contact +31800 +39000 7 10 1000000000
a contact +31800 +39000 8 5 1000000000
a contact +31800 +39000 9 4 1000000000
a contact +31800 +39000 10 7 1000000000
a contact +31800 +39000 11 6 1000000000
a contact +30600 +42600 1 13 1000000000
a contact +21000 +42600 2 13 1000000000
a contact +40200 +42600 3 13 1000000000
a contact +0 +42600 4 13 1000000000
a contact +0 +42600 5 13 1000000000
a contact +25200 +42600 6 13 1000000000
a contact +0 +42600 7 13 1000000000
a contact +0 +42600 8 13 1000000000
a contact +0 +42600 9 13 1000000000
a contact +35400 +42600 10 13 1000000000
a contact +25200 +42600 11 13 1000000000
a contact +30600 +42600 13 1 1000000000
a contact +21000 +42600 13 2 1000000000
a contact +40200 +42600 13 3 1000000000
a contact +0 +42600 13 4 1000000000
a contact +0 +42600 13 5 1000000000
a contact +25200 +42600 13 6 1000000000
a contact +0 +42600 13 7 1000000000
a contact +0 +42600 13 8 1000000000
a contact +0 +42600 13 9 1000000000
a contact +35400 +42600 13 10 1000000000
a contact +25200 +42600 13 11 1000000000
a contact +34200 +43200 1 6 1000000000
a contact +34800 +43200 1 11 1000000000
a contact +0 +43200 2 5 1000000000
a contact +0 +43200 2 8 1000000000
a contact +0 +43200 5 2 1000000000
a contact +34200 +43200 6 1 1000000000
a contact +0 +43200 8 2 1000000000
a contact +34800 +43200 11 1 1000000000
a contact +36600 +44400 3 4 1000000000
a contact +36600 +44400 3 9 1000000000
a contact +36600 +44400 4 3 1000000000
a contact +37200 +44400 4 8 1000000000
a contact +37200 +44400 5 9 1000000000
a contact +36600 +44400 6 10 1000000000
a contact +36600 +44400 7 11 1000000000
a contact +37200 +44400 8 4 1000000000
a contact +36600 +44400 9 3 1000000000
a contact +37200 +44400 9 5 1000000000
a contact +36600 +44400 10 6 1000000000
a contact +36600 +44400 11 7 1000000000
a contact +30000 +45600 6 14 1000000000
a contact +30000 +45600 14 6 1000000000
a contact +30000 +46800 2 14 1000000000
a contact +30000 +46800 14 2 1000000000
a contact +42600 +48600 4 7 1000000000
a contact +42600 +48600 4 11 1000000000
a contact +42600 +48600 5 6 1000000000
a contact +42600 +48600 5 10 1000000000
a contact +42600 +48600 6 5 1000000000
a contact +42600 +48600 6 9 1000000000
a contact +42600 +48600 7 4 1000000000
a contact +42600 +48600 7 8 1000000000
a contact +42600 +48600 8 7 1000000000
a contact +42600 +48600 8 11 1000000000
a contact +42600 +48600 9 6 1000000000
a contact +42600 +48600 9 10 1000000000
a contact +42600 +48600 10 5 1000000000
a contact +42600 +48600 10 9 1000000000
a contact +42600 +48600 11 4 1000000000
a contact +42600 +48600 11 8 1000000000
a contact +42000 +49200 6 11 1000000000
a contact +42000 +49200 7 10 1000000000
a contact +42000 +49200 10 7 1000000000
a contact +42000 +49200 11 6 1000000000
a contact +42000 +49800 4 9 1000000000
a contact +42000 +49800 5 8 1000000000
a contact +42000 +49800 8 5 1000000000
a contact +42000 +49800 9 4 1000000000
a contact +0 +53400 1 4 1000000000
a contact +0 +53400 1 9 1000000000
a contact +0 +53400 3 10 1000000000
a contact +0 +53400 4 1 1000000000
a contact +0 +53400 9 1 1000000000
a contact +0 +53400 10 3 1000000000
a contact +0 +54000 3 7 1000000000
a contact +0 +54000 7 3 1000000000
a contact +46800 +54600 2 5 1000000000
a contact +46800 +54600 2 8 1000000000
a contact +47400 +54600 4 8 1000000000
a contact +46800 +54600 5 2 1000000000
a contact +47400 +54600 5 9 1000000000
a contact +47400 +54600 6 10 1000000000
a contact +47400 +54600 7 11 1000000000
a contact +46800 +54600 8 2 1000000000
a contact +47400 +54600 8 4 1000000000
a contact +47400 +54600 9 5 1000000000
a contact +47400 +54600 10 6 1000000000
a contact +47400 +54600 11 7 1000000000
a contact +52200 +55800 7 12 1000000000
a contact +30000 +55800 7 14 1000000000
a contact +52200 +55800 10 12 1000000000
a contact +35400 +55800 10 14 1000000000
a contact +52200 +55800 12 7 1000000000
a contact +52200 +55800 12 10 1000000000
a contact +30000 +55800 14 7 1000000000
a contact +35400 +55800 14 10 1000000000
a contact +48000 +56400 1 6 1000000000
a contact +48000 +56400 1 11 1000000000
a contact +52200 +56400 1 12 1000000000
a contact +30600 +56400 1 14 1000000000
a contact +48000 +56400 6 1 1000000000
a contact +48000 +56400 11 1 1000000000
a contact +52200 +56400 12 1 1000000000
a contact +30600 +56400 14 1 1000000000
a contact +53400 +59400 4 7 1000000000
a contact +53400 +59400 4 11 1000000000
a contact +53400 +59400 5 6 1000000000
a contact +53400 +59400 5 10 1000000000
a contact +53400 +59400 6 5 1000000000
a contact +53400 +59400 6 9 1000000000
a contact +53400 +59400 7 4 1000000000
a contact +53400 +59400 7 8 1000000000
a contact +53400 +59400 8 7 1000000000
a contact +53400 +59400 8 11 1000000000
a contact +53400 +59400 9 6 1000000000
a contact +53400 +59400 9 10 1000000000
a contact +53400 +59400 10 5 1000000000
a contact +53400 +59400 10 9 1000000000
a contact +53400 +59400 11 4 1000000000
a contact +53400 +59400 11 8 1000000000
a contact +52800 +60000 4 9 1000000000
a contact +52800 +60000 5 8 1000000000
a contact +52200 +60000 6 11 1000000000
a contact +52200 +60000 7 10 1000000000
a contact +52800 +60000 8 5 1000000000
a contact +52800 +60000 9 4 1000000000
a contact +52200 +60000 10 7 1000000000
a contact +52200 +60000 11 6 1000000000
a contact +6600 +64200 2 6 1000000000
a contact +6600 +64200 2 11 1000000000
a contact +16800 +64200 3 5 1000000000
a contact +16800 +64200 3 8 1000000000
a contact +16800 +64200 5 3 1000000000
a contact +6600 +64200 6 2 1000000000
a contact +16800 +64200 8 3 1000000000
a contact +6600 +64200 11 2 1000000000
a contact +57000 +64800 1 4 1000000000
a contact +57000 +64800 1 9 1000000000
a contact +57000 +64800 4 1 1000000000
a contact +57000 +64800 9 1 1000000000
a contact +57600 +65400 4 8 1000000000
a contact +57600 +65400 5 9 1000000000
a contact +57600 +65400 6 10 1000000000
a contact +57600 +65400 7 11 1000000000
a contact +57600 +65400 8 4 1000000000
a contact +57600 +65400 9 5 1000000000
a contact +57600 +65400 10 6 1000000000
a contact +57600 +65400 11 7 1000000000
a contact +52200 +66000 11 12 1000000000
a contact +30000 +66000 11 14 1000000000
a contact +52200 +66000 12 11 1000000000
a contact +30000 +66000 14 11 1000000000
a contact +58200 +66600 3 7 1000000000
a contact +58200 +66600 3 10 1000000000
a contact +52200 +66600 3 12 1000000000
a contact +40200 +66600 3 14 1000000000
a contact +58200 +66600 7 3 1000000000
a contact +58200 +66600 10 3 1000000000
a contact +52200 +66600 12 3 1000000000
a contact +40200 +66600 14 3 1000000000
a contact +63600 +69600 4 7 1000000000
a contact +63600 +69600 4 11 1000000000
a contact +63600 +69600 5 6 1000000000
a contact +63600 +69600 5 10 1000000000
a contact +63600 +69600 6 5 1000000000
a contact +63600 +69600 6 9 1000000000
a contact +63600 +69600 7 4 1000000000
a contact +63600 +69600 7 8 1000000000
a contact +63600 +69600 8 7 1000000000
a contact +63600 +69600 8 11 1000000000
a contact +63600 +69600 9 6 1000000000
a contact +63600 +69600 9 10 1000000000
a contact +63600 +69600 10 5 1000000000
a contact +63600 +69600 10 9 1000000000
a contact +63600 +69600 11 4 1000000000
a contact +63600 +69600 11 8 1000000000
a contact +63000 +70200 4 9 1000000000
a contact +63000 +70200 5 8 1000000000
a contact +63000 +70200 6 11 1000000000
a contact +63000 +70200 7 10 1000000000
a contact +63000 +70200 8 5 1000000000
a contact +63000 +70200 9 4 1000000000
a contact +63000 +70200 10 7 1000000000
a contact +63000 +70200 11 6 1000000000
a contact +17400 +74400 1 7 1000000000
a contact +17400 +74400 1 10 1000000000
a contact +17400 +74400 7 1 1000000000
a contact +17400 +74400 10 1 1000000000
a contact +27600 +75000 2 4 1000000000
a contact +27600 +75000 2 9 1000000000
a contact +66600 +75000 3 5 1000000000
a contact +66600 +75000 3 8 1000000000
a contact +27600 +75000 4 2 1000000000
a contact +66600 +75000 5 3 1000000000
a contact +66600 +75000 8 3 1000000000
a contact +27600 +75000 9 2 1000000000
a contact +68400 +75600 4 8 1000000000
a contact +68400 +75600 5 9 1000000000
a contact +67800 +75600 6 10 1000000000
a contact +67800 +75600 7 11 1000000000
a contact +68400 +75600 8 4 1000000000
a contact +68400 +75600 9 5 1000000000
a contact +67800 +75600 10 6 1000000000
a contact +67800 +75600 11 7 1000000000
a contact +68400 +76200 2 6 1000000000
a contact +68400 +76200 2 11 1000000000
a contact +52200 +76200 2 12 1000000000
a contact +50400 +76200 2 14 1000000000
a contact +68400 +76200 6 2 1000000000
a contact +68400 +76200 11 2 1000000000
a contact +52200 +76200 12 2 1000000000
a contact +50400 +76200 14 2 1000000000
a contact +56400 +76800 7 12 1000000000
a contact +56400 +76800 7 14 1000000000
a contact +56400 +76800 10 12 1000000000
a contact +56400 +76800 10 14 1000000000
a contact +56400 +76800 12 7 1000000000
a contact +56400 +76800 12 10 1000000000
a contact +56400 +76800 14 7 1000000000
a contact +56400 +76800 14 10 1000000000
a contact +60000 +78600 1 14 1000000000
a contact +69600 +78600 3 14 1000000000
a contact +30000 +78600 4 14 1000000000
a contact +30000 +78600 5 14 1000000000
a contact +46200 +78600 6 14 1000000000
a contact +77400 +78600 7 14 1000000000
a contact +30000 +78600 8 14 1000000000
a contact +30000 +78600 9 14 1000000000
a contact +77400 +78600 10 14 1000000000
a contact +66600 +78600 11 14 1000000000
a contact +60000 +78600 14 1 1000000000
a contact +69600 +78600 14 3 1000000000
a contact +30000 +78600 14 4 1000000000
a contact +30000 +78600 14 5 1000000000
a contact +46200 +78600 14 6 1000000000
a contact +77400 +78600 14 7 1000000000
a contact +30000 +78600 14 8 1000000000
a contact +30000 +78600 14 9 1000000000
a contact +77400 +78600 14 10 1000000000
a contact +66600 +78600 14 11 1000000000
a contact +73800 +79800 4 11 1000000000
a contact +73800 +79800 5 10 1000000000
a contact +73800 +79800 6 9 1000000000
a contact +73800 +79800 7 8 1000000000
a contact +73800 +79800 8 7 1000000000
a contact +73800 +79800 8 11 1000000000
a contact +73800 +79800 9 6 1000000000
a contact +73800 +79800 9 10 1000000000
a contact +73800 +79800 10 5 1000000000
a contact +73800 +79800 10 9 1000000000
a contact +73800 +79800 11 4 1000000000
a contact +73800 +79800 11 8 1000000000
a contact +73800 +80400 4 7 1000000000
a contact +73800 +80400 5 6 1000000000
a contact +73800 +80400 6 5 1000000000
a contact +73800 +80400 7 4 1000000000
a contact +73200 +81000 4 9 1000000000
a contact +73200 +81000 5 8 1000000000
a contact +73200 +81000 6 11 1000000000
a contact +73200 +81000 7 10 1000000000
a contact +73200 +81000 8 5 1000000000
a contact +73200 +81000 9 4 1000000000
a contact +73200 +81000 10 7 1000000000
a contact +73200 +81000 11 6 1000000000
a contact +27600 +84600 3 6 1000000000
a contact +27600 +84600 3 11 1000000000
a contact +27600 +84600 6 3 1000000000
a contact +27600 +84600 11 3 1000000000
a contact +75600 +85200 2 4 1000000000
a contact +76200 +85200 2 9 1000000000
a contact +75600 +85200 4 2 1000000000
a contact +76200 +85200 9 2 1000000000
a contact +60000 +85800 1 12 1000000000
a contact +78600 +85800 1 13 1000000000
a contact +78600 +85800 4 8 1000000000
a contact +78600 +85800 5 9 1000000000
a contact +78600 +85800 6 10 1000000000
a contact +78600 +85800 7 11 1000000000
a contact +78600 +85800 8 4 1000000000
a contact +78600 +85800 9 5 1000000000
a contact +78600 +85800 10 6 1000000000
a contact +78600 +85800 11 7 1000000000
a contact +60000 +85800 12 1 1000000000
a contact +78600 +85800 13 1 1000000000
a contact +0 +86400 1 2 1000000000
a contact +0 +86400 1 3 1000000000
a contact +69000 +86400 1 4 1000000000
a contact +38400 +86400 1 5 1000000000
a contact +58800 +86400 1 6 1000000000
a contact +78600 +86400 1 7 1000000000
a contact +37800 +86400 1 8 1000000000
a contact +69000 +86400 1 9 1000000000
a contact +78600 +86400 1 10 1000000000
a contact +58200 +86400 1 11 1000000000
a contact +0 +86400 2 1 1000000000
a contact +0 +86400 2 3 1000000000
a contact +58800 +86400 2 5 1000000000
a contact +79800 +86400 2 6 1000000000
a contact +37800 +86400 2 7 1000000000
a contact +58800 +86400 2 8 1000000000
a contact +37800 +86400 2 10 1000000000
a contact +79800 +86400 2 11 1000000000
a contact +79200 +86400 2 12 1000000000
a contact +79200 +86400 2 13 1000000000
a contact +0 +86400 3 1 1000000000
a contact +0 +86400 3 2 1000000000
a contact +48600 +86400 3 4 1000000000
a contact +79800 +86400 3 5 1000000000
a contact +69000 +86400 3 7 1000000000
a contact +79200 +86400 3 8 1000000000
a contact +48600 +86400 3 9 1000000000
a contact +69000 +86400 3 10 1000000000
a contact +69600 +86400 3 12 1000000000
a contact +78600 +86400 3 13 1000000000
a contact +69000 +86400 4 1 1000000000
a contact +48600 +86400 4 3 1000000000
a contact +0 +86400 4 6 1000000000
a contact +84600 +86400 4 7 1000000000
a contact +84000 +86400 4 9 1000000000
a contact +0 +86400 4 10 1000000000
a contact +84600 +86400 4 11 1000000000
a contact +52200 +86400 4 12 1000000000
a contact +78600 +86400 4 13 1000000000
a contact +38400 +86400 5 1 1000000000
a contact +58800 +86400 5 2 1000000000
a contact +79800 +86400 5 3 1000000000
a contact +84600 +86400 5 6 1000000000
a contact +0 +86400 5 7 1000000000
a contact +84000 +86400 5 8 1000000000
a contact +84600 +86400 5 10 1000000000
a contact +0 +86400 5 11 1000000000
a contact +52200 +86400 5 12 1000000000
a contact +78600 +86400 5 13 1000000000
a contact +58800 +86400 6 1 1000000000
a contact +79800 +86400 6 2 1000000000
a contact +0 +86400 6 4 1000000000
a contact +84600 +86400 6 5 1000000000
a contact +0 +86400 6 8 1000000000
a contact +84600 +86400 6 9 1000000000
a contact +84000 +86400 6 11 1000000000
a contact +52200 +86400 6 12 1000000000
a contact +78600 +86400 6 13 1000000000
a contact +78600 +86400 7 1 1000000000
a contact +37800 +86400 7 2 1000000000
a contact +69000 +86400 7 3 1000000000
a contact +84600 +86400 7 4 1000000000
a contact +0 +86400 7 5 1000000000
a contact +84600 +86400 7 8 1000000000
a contact +0 +86400 7 9 1000000000
a contact +84000 +86400 7 10 1000000000
a contact +77400 +86400 7 12 1000000000
a contact +78600 +86400 7 13 1000000000
a contact +37800 +86400 8 1 1000000000
a contact +58800 +86400 8 2 1000000000
a contact +79200 +86400 8 3 1000000000
a contact +84000 +86400 8 5 1000000000
a contact +0 +86400 8 6 1000000000
a contact +84600 +86400 8 7 1000000000
a contact +0 +86400 8 10 1000000000
a contact +84600 +86400 8 11 1000000000
a contact +52200 +86400 8 12 1000000000
a contact +78600 +86400 8 13 1000000000
a contact +69000 +86400 9 1 1000000000
a contact +48600 +86400 9 3 1000000000
a contact +84000 +86400 9 4 1000000000
a contact +84600 +86400 9 6 1000000000
a contact +0 +86400 9 7 1000000000
a contact +84600 +86400 9 10 1000000000
a contact +0 +86400 9 11 1000000000
a contact +52200 +86400 9 12 1000000000
a contact +78600 +86400 9 13 1000000000
a contact +78600 +86400 10 1 1000000000
a contact +37800 +86400 10 2 1000000000
a contact +69000 +86400 10 3 1000000000
a contact +0 +86400 10 4 1000000000
a contact +84600 +86400 10 5 1000000000
a contact +84000 +86400 10 7 1000000000
a contact +0 +86400 10 8 1000000000
a contact +84600 +86400 10 9 1000000000
a contact +77400 +86400 10 12 1000000000
a contact +78600 +86400 10 13 1000000000
a contact +58200 +86400 11 1 1000000000
a contact +79800 +86400 11 2 1000000000
a contact +84600 +86400 11 4 1000000000
a contact +0 +86400 11 5 1000000000
a contact +84000 +86400 11 6 1000000000
a contact +84600 +86400 11 8 1000000000
a contact +0 +86400 11 9 1000000000
a contact +66600 +86400 11 12 1000000000
a contact +78600 +86400 11 13 1000000000
a contact +79200 +86400 12 2 1000000000
a contact +69600 +86400 12 3 1000000000
a contact +52200 +86400 12 4 1000000000
a contact +52200 +86400 12 5 1000000000
a contact +52200 +86400 12 6 1000000000
a contact +77400 +86400 12 7 1000000000
a contact +52200 +86400 12 8 1000000000
a contact +52200 +86400 12 9 1000000000
a contact +77400 +86400 12 10 1000000000
a contact +66600 +86400 12 11 1000000000
a contact +79200 +86400 13 2 1000000000
a contact +78600 +86400 13 3 1000000000
a contact +78600 +86400 13 4 1000000000
a contact +78600 +86400 13 5 1000000000
a contact +78600 +86400 13 6 1000000000
a contact +78600 +86400 13 7 1000000000
a contact +78600 +86400 13 8 1000000000
a contact +78600 +86400 13 9 1000000000
a contact +78600 +86400 13 10 1000000000
a contact +78600 +86400 13 11 1000000000
a contact +0 +86400 12 15 100000000000
a contact +0 +86400 15 12 100000000000
a contact +0 +86400 13 15 100000000000
a contact +0 +86400 15 13 100000000000
a contact +0 +86400 14 15 100000000000
a contact +0 +86400 15 14 100000000000

a range +0 +1200 1 7 0.0540
a range +0 +1200 1 10 0.0544
a range +0 +1200 7 1 0.0540
a range +0 +1200 10 1 0.0544
a range +0 +1800 3 5 0.0548
a range +0 +1800 3 8 0.0550
a range +0 +1800 5 3 0.0548
a range +0 +1800 8 3 0.0550
a range +0 +2400 4 8 0.0469
a range +0 +2400 5 9 0.0469
a range +0 +2400 6 10 0.0473
a range +0 +2400 7 11 0.0473
a range +0 +2400 8 4 0.0469
a range +0 +2400 9 5 0.0469
a range +0 +2400 10 6 0.0473
a range +0 +2400 11 7 0.0473
a range +0 +3000 2 6 0.0549
a range +0 +3000 2 11 0.0550
a range +0 +3000 6 2 0.0549
a range +0 +3000 11 2 0.0550
a range +1200 +7200 4 7 0.0479
a range +1200 +7200 4 11 0.0481
a range +1200 +7200 5 6 0.0479
a range +1200 +7200 5 10 0.0481
a range +1200 +7200 6 5 0.0479
a range +1200 +7200 6 9 0.0481
a range +1200 +7200 7 4 0.0479
a range +1200 +7200 7 8 0.0481
a range +1200 +7200 8 7 0.0481
a range +1200 +7200 8 11 0.0483
a range +1200 +7200 9 6 0.0481
a range +1200 +7200 9 10 0.0483
a range +1200 +7200 10 5 0.0481
a range +1200 +7200 10 9 0.0483
a range +1200 +7200 11 4 0.0481
a range +1200 +7200 11 8 0.0483
a range +0 +7800 3 12 1102.0661
a range +0 +7800 3 13 1102.0593
a range +600 +7800 4 9 0.0480
a range +600 +7800 5 8 0.0480
a range +600 +7800 6 11 0.0484
a range +600 +7800 7 10 0.0484
a range +600 +7800 8 5 0.0480
a range +600 +7800 9 4 0.0480
a range +600 +7800 10 7 0.0484
a range +600 +7800 11 6 0.0484
a range +0 +7800 12 3 1102.0661
a range +0 +7800 13 3 1102.0593
a range +0 +12000 2 4 0.0545
a range +0 +12000 2 9 0.0549
a range +0 +12000 3 6 0.0549
a range +0 +12000 3 11 0.0552
a range +0 +12000 4 2 0.0545
a range +0 +12000 6 3 0.0549
a range +0 +12000 9 2 0.0549
a range +0 +12000 11 3 0.0552
a range +5400 +13200 1 7 0.0555
a range +5400 +13200 1 10 0.0556
a range +5400 +13200 4 8 0.0492
a range +5400 +13200 5 9 0.0492
a range +5400 +13200 6 10 0.0494
a range +5400 +13200 7 1 0.0555
a range +5400 +13200 7 11 0.0494
a range +5400 +13200 8 4 0.0492
a range +5400 +13200 9 5 0.0492
a range +5400 +13200 10 1 0.0556
a range +5400 +13200 10 6 0.0494
a range +5400 +13200 11 7 0.0494
a range +6600 +15000 3 5 0.0544
a range +6600 +15000 3 8 0.0543
a range +6600 +15000 5 3 0.0544
a range +6600 +15000 8 3 0.0543
a range +1200 +15600 1 12 1102.3154
a range +0 +15600 2 12 1102.3712
a range +10800 +15600 3 12 1102.3509
a range +0 +15600 4 12 1102.3348
a range +0 +15600 5 12 1102.3568
a range +0 +15600 6 12 1102.3244
a range +0 +15600 7 12 1102.3672
a range +0 +15600 8 12 1102.3566
a range +0 +15600 9 12 1102.3350
a range +0 +15600 10 12 1102.3667
a range +0 +15600 11 12 1102.3249
a range +1200 +15600 12 1 1102.3154
a range +0 +15600 12 2 1102.3712
a range +10800 +15600 12 3 1102.3509
a range +0 +15600 12 4 1102.3348
a range +0 +15600 12 5 1102.3568
a range +0 +15600 12 6 1102.3244
a range +0 +15600 12 7 1102.3672
a range +0 +15600 12 8 1102.3566
a range +0 +15600 12 9 1102.3350
a range +0 +15600 12 10 1102.3667
a range +0 +15600 12 11 1102.3249
a range +0 +17400 2 13 1102.4258
a range +11400 +17400 4 7 0.0470
a range +11400 +17400 4 11 0.0473
a range +11400 +17400 5 6 0.0470
a range +11400 +17400 5 10 0.0473
a range +11400 +17400 6 5 0.0470
a range +11400 +17400 6 9 0.0473
a range +11400 +17400 7 4 0.0470
a range +11400 +17400 7 8 0.0473
a range +11400 +17400 8 7 0.0473
a range +11400 +17400 8 11 0.0475
a range +11400 +17400 9 6 0.0473
a range +11400 +17400 9 10 0.0475
a range +11400 +17400 10 5 0.0473
a range +11400 +17400 10 9 0.0475
a range +11400 +17400 11 4 0.0473
a range +11400 +17400 11 8 0.0475
a range +0 +17400 13 2 1102.4258
a range +10800 +18000 6 11 0.0471
a range +10800 +18000 7 10 0.0471
a range +10800 +18000 10 7 0.0471
a range +10800 +18000 11 6 0.0471
a range +10800 +18600 4 9 0.0500
a range +10800 +18600 5 8 0.0500
a range +10800 +18600 8 5 0.0500
a range +10800 +18600 9 4 0.0500
a range +0 +22200 1 5 0.0541
a range +0 +22200 1 8 0.0545
a range +0 +22200 2 10 0.0543
a range +0 +22200 5 1 0.0541
a range +0 +22200 8 1 0.0545
a range +0 +22200 10 2 0.0543
a range +0 +22800 2 7 0.0550
a range +15000 +22800 3 11 0.0542
a range +0 +22800 7 2 0.0550
a range +15000 +22800 11 3 0.0542
a range +15000 +23400 3 6 0.0559
a range +16200 +23400 4 8 0.0480
a range +16200 +23400 5 9 0.0480
a range +15000 +23400 6 3 0.0559
a range +16200 +23400 6 10 0.0483
a range +16200 +23400 7 11 0.0483
a range +16200 +23400 8 4 0.0480
a range +16200 +23400 9 5 0.0480
a range +16200 +23400 10 6 0.0483
a range +16200 +23400 11 7 0.0483
a range +16800 +24600 2 4 0.0543
a range +16800 +24600 2 9 0.0543
a range +16800 +24600 4 2 0.0543
a range +0 +24600 6 13 1102.6981
a range +16800 +24600 9 2 0.0543
a range +0 +24600 11 13 1102.6981
a range +0 +24600 13 6 1102.6981
a range +0 +24600 13 11 1102.6981
a range +1200 +27000 1 13 1102.7998
a range +1200 +27000 13 1 1102.7998
a range +22200 +28200 4 7 0.0485
a range +22200 +28200 4 11 0.0488
a range +22200 +28200 5 6 0.0485
a range +22200 +28200 5 10 0.0488
a range +22200 +28200 6 5 0.0485
a range +22200 +28200 6 9 0.0487
a range +22200 +28200 7 4 0.0485
a range +22200 +28200 7 8 0.0487
a range +22200 +28200 8 7 0.0487
a range +21600 +28200 8 11 0.0489
a range +22200 +28200 9 6 0.0487
a range +21600 +28200 9 10 0.0489
a range +22200 +28200 10 5 0.0488
a range +21600 +28200 10 9 0.0489
a range +22200 +28200 11 4 0.0488
a range +21600 +28200 11 8 0.0489
a range +21000 +28800 4 9 0.0490
a range +21000 +28800 5 8 0.0490
a range +21000 +28800 6 11 0.0493
a range +21000 +28800 7 10 0.0493
a range +21000 +28800 8 5 0.0490
a range +21000 +28800 9 4 0.0490
a range +21000 +28800 10 7 0.0493
a range +21000 +28800 11 6 0.0493
a range +0 +32400 3 9 0.0540
a range +0 +32400 9 3 0.0540
a range +0 +33000 1 11 0.0542
a range +25200 +33000 2 7 0.0541
a range +25200 +33000 2 10 0.0544
a range +0 +33000 3 4 0.0555
a range +0 +33000 4 3 0.0555
a range +25200 +33000 7 2 0.0541
a range +25200 +33000 10 2 0.0544
a range +0 +33000 11 1 0.0542
a range +0 +33600 1 6 0.0543
a range +0 +33600 6 1 0.0543
a range +26400 +33600 6 10 0.0470
a range +26400 +33600 7 11 0.0470
a range +26400 +33600 10 6 0.0470
a range +26400 +33600 11 7 0.0470
a range +26400 +34200 4 8 0.0500
a range +26400 +34200 5 9 0.0500
a range +26400 +34200 8 4 0.0500
a range +26400 +34200 9 5 0.0500
a range +27000 +34800 1 5 0.0552
a range +27000 +34800 1 8 0.0552
a range +27000 +34800 5 1 0.0552
a range +27000 +34800 8 1 0.0552
a range +0 +34800 10 13 1103.1011
a range +30000 +34800 10 14 1103.1034
a range +0 +34800 13 10 1103.1011
a range +30000 +34800 14 10 1103.1034
a range +10800 +37200 3 13 1103.2048
a range +30000 +37200 3 14 1103.2012
a range +10800 +37200 13 3 1103.2048
a range +30000 +37200 14 3 1103.2012
a range +32400 +38400 4 7 0.0477
a range +32400 +38400 4 11 0.0480
a range +32400 +38400 5 6 0.0477
a range +32400 +38400 5 10 0.0480
a range +32400 +38400 6 5 0.0477
a range +32400 +38400 6 9 0.0479
a range +32400 +38400 7 4 0.0477
a range +32400 +38400 7 8 0.0479
a range +32400 +38400 8 7 0.0479
a range +32400 +38400 8 11 0.0481
a range +32400 +38400 9 6 0.0479
a range +32400 +38400 9 10 0.0481
a range +32400 +38400 10 5 0.0480
a range +32400 +38400 10 9 0.0481
a range +32400 +38400 11 4 0.0480
a range +32400 +38400 11 8 0.0481
a range +31800 +39000 4 9 0.0478
a range +31800 +39000 5 8 0.0478
a range +31800 +39000 6 11 0.0481
a range +31800 +39000 7 10 0.0481
a range +31800 +39000 8 5 0.0478
a range +31800 +39000 9 4 0.0478
a range +31800 +39000 10 7 0.0481
a range +31800 +39000 11 6 0.0481
a range +30600 +42600 1 13 1103.3556
a range +21000 +42600 2 13 1103.4001
a range +40200 +42600 3 13 1103.4080
a range +0 +42600 4 13 1103.3938
a range +0 +42600 5 13 1103.3820
a range +25200 +42600 6 13 1103.4031
a range +0 +42600 7 13 1103.3727
a range +0 +42600 8 13 1103.3814
a range +0 +42600 9 13 1103.3944
a range +35400 +42600 10 13 1103.3718
a range +25200 +42600 11 13 1103.4040
a range +30600 +42600 13 1 1103.3556
a range +21000 +42600 13 2 1103.4001
a range +40200 +42600 13 3 1103.4080
a range +0 +42600 13 4 1103.3938
a range +0 +42600 13 5 1103.3820
a range +25200 +42600 13 6 1103.4031
a range +0 +42600 13 7 1103.3727
a range +0 +42600 13 8 1103.3814
a range +0 +42600 13 9 1103.3944
a range +35400 +42600 13 10 1103.3718
a range +25200 +42600 13 11 1103.4040
a range +34200 +43200 1 6 0.0541
a range +34800 +43200 1 11 0.0543
a range +0 +43200 2 5 0.0548
a range +0 +43200 2 8 0.0552
a range +0 +43200 5 2 0.0548
a range +34200 +43200 6 1 0.0541
a range +0 +43200 8 2 0.0552
a range +34800 +43200 11 1 0.0543
a range +36600 +44400 3 4 0.0543
a range +36600 +44400 3 9 0.0544
a range +36600 +44400 4 3 0.0543
a range +37200 +44400 4 8 0.0489
a range +37200 +44400 5 9 0.0489
a range +36600 +44400 6 10 0.0492
a range +36600 +44400 7 11 0.0492
a range +37200 +44400 8 4 0.0489
a range +36600 +44400 9 3 0.0544
a range +37200 +44400 9 5 0.0489
a range +36600 +44400 10 6 0.0492
a range +36600 +44400 11 7 0.0492
a range +30000 +45600 6 14 1103.5084
a range +30000 +45600 14 6 1103.5084
a range +30000 +46800 2 14 1103.5617
a range +30000 +46800 14 2 1103.5617
a range +42600 +48600 4 7 0.0468
a range +42600 +48600 4 11 0.0471
a range +42600 +48600 5 6 0.0468
a range +42600 +48600 5 10 0.0471
a range +42600 +48600 6 5 0.0468
a range +42600 +48600 6 9 0.0471
a range +42600 +48600 7 4 0.0468
a range +42600 +48600 7 8 0.0471
a range +42600 +48600 8 7 0.0471
a range +42600 +48600 8 11 0.0473
a range +42600 +48600 9 6 0.0471
a range +42600 +48600 9 10 0.0473
a range +42600 +48600 10 5 0.0471
a range +42600 +48600 10 9 0.0473
a range +42600 +48600 11 4 0.0471
a range +42600 +48600 11 8 0.0473
a range +42000 +49200 6 11 0.0468
a range +42000 +49200 7 10 0.0468
a range +42000 +49200 10 7 0.0468
a range +42000 +49200 11 6 0.0468
a range +42000 +49800 4 9 0.0498
a range +42000 +49800 5 8 0.0498
a range +42000 +49800 8 5 0.0498
a range +42000 +49800 9 4 0.0498
a range +0 +53400 1 4 0.0540
a range +0 +53400 1 9 0.0543
a range +0 +53400 3 10 0.0542
a range +0 +53400 4 1 0.0540
a range +0 +53400 9 1 0.0543
a range +0 +53400 10 3 0.0542
a range +0 +54000 3 7 0.0558
a range +0 +54000 7 3 0.0558
a range +46800 +54600 2 5 0.0548
a range +46800 +54600 2 8 0.0549
a range +47400 +54600 4 8 0.0477
a range +46800 +54600 5 2 0.0548
a range +47400 +54600 5 9 0.0477
a range +47400 +54600 6 10 0.0481
a range +47400 +54600 7 11 0.0481
a range +46800 +54600 8 2 0.0549
a range +47400 +54600 8 4 0.0477
a range +47400 +54600 9 5 0.0477
a range +47400 +54600 10 6 0.0481
a range +47400 +54600 11 7 0.0481
a range +52200 +55800 7 12 1103.9146
a range +30000 +55800 7 14 1103.8985
a range +52200 +55800 10 12 1103.9146
a range +35400 +55800 10 14 1103.8986
a range +52200 +55800 12 7 1103.9146
a range +52200 +55800 12 10 1103.9146
a range +30000 +55800 14 7 1103.8985
a range +35400 +55800 14 10 1103.8986
a range +48000 +56400 1 6 0.0541
a range +48000 +56400 1 11 0.0540
a range +52200 +56400 1 12 1103.9444
a range +30600 +56400 1 14 1103.9292
a range +48000 +56400 6 1 0.0541
a range +48000 +56400 11 1 0.0540
a range +52200 +56400 12 1 1103.9444
a range +30600 +56400 14 1 1103.9292
a range +53400 +59400 4 7 0.0483
a range +53400 +59400 4 11 0.0486
a range +53400 +59400 5 6 0.0483
a range +53400 +59400 5 10 0.0486
a range +53400 +59400 6 5 0.0483
a range +53400 +59400 6 9 0.0486
a range +53400 +59400 7 4 0.0483
a range +53400 +59400 7 8 0.0486
a range +53400 +59400 8 7 0.0486
a range +53400 +59400 8 11 0.0488
a range +53400 +59400 9 6 0.0486
a range +53400 +59400 9 10 0.0488
a range +53400 +59400 10 5 0.0486
a range +53400 +59400 10 9 0.0488
a range +53400 +59400 11 4 0.0486
a range +53400 +59400 11 8 0.0488
a range +52800 +60000 4 9 0.0487
a range +52800 +60000 5 8 0.0487
a range +52200 +60000 6 11 0.0490
a range +52200 +60000 7 10 0.0490
a range +52800 +60000 8 5 0.0487
a range +52800 +60000 9 4 0.0487
a range +52200 +60000 10 7 0.0490
a range +52200 +60000 11 6 0.0490
a range +6600 +64200 2 6 0.0555
a range +6600 +64200 2 11 0.0558
a range +16800 +64200 3 5 0.0544
a range +16800 +64200 3 8 0.0547
a range +16800 +64200 5 3 0.0544
a range +6600 +64200 6 2 0.0555
a range +16800 +64200 8 3 0.0547
a range +6600 +64200 11 2 0.0558
a range +57000 +64800 1 4 0.0551
a range +57000 +64800 1 9 0.0553
a range +57000 +64800 4 1 0.0551
a range +57000 +64800 9 1 0.0553
a range +57600 +65400 4 8 0.0498
a range +57600 +65400 5 9 0.0498
a range +57600 +65400 6 10 0.0500
a range +57600 +65400 7 11 0.0500
a range +57600 +65400 8 4 0.0498
a range +57600 +65400 9 5 0.0498
a range +57600 +65400 10 6 0.0500
a range +57600 +65400 11 7 0.0500
a range +52200 +66000 11 12 1104.2959
a range +30000 +66000 11 14 1104.2978
a range +52200 +66000 12 11 1104.2959
a range +30000 +66000 14 11 1104.2978
a range +58200 +66600 3 7 0.0551
a range +58200 +66600 3 10 0.0551
a range +52200 +66600 3 12 1104.3267
a range +40200 +66600 3 14 1104.3298
a range +58200 +66600 7 3 0.0551
a range +58200 +66600 10 3 0.0551
a range +52200 +66600 12 3 1104.3267
a range +40200 +66600 14 3 1104.3298
a range +63600 +69600 4 7 0.0475
a range +63600 +69600 4 11 0.0478
a range +63600 +69600 5 6 0.0475
a range +63600 +69600 5 10 0.0478
a range +63600 +69600 6 5 0.0475
a range +63600 +69600 6 9 0.0477
a range +63600 +69600 7 4 0.0475
a range +63600 +69600 7 8 0.0477
a range +63600 +69600 8 7 0.0477
a range +63600 +69600 8 11 0.0480
a range +63600 +69600 9 6 0.0477
a range +63600 +69600 9 10 0.0480
a range +63600 +69600 10 5 0.0478
a range +63600 +69600 10 9 0.0480
a range +63600 +69600 11 4 0.0478
a range +63600 +69600 11 8 0.0480
a range +63000 +70200 4 9 0.0475
a range +63000 +70200 5 8 0.0475
a range +63000 +70200 6 11 0.0479
a range +63000 +70200 7 10 0.0479
a range +63000 +70200 8 5 0.0475
a range +63000 +70200 9 4 0.0475
a range +63000 +70200 10 7 0.0479
a range +63000 +70200 11 6 0.0479
a range +17400 +74400 1 7 0.0549
a range +17400 +74400 1 10 0.0553
a range +17400 +74400 7 1 0.0549
a range +17400 +74400 10 1 0.0553
a range +27600 +75000 2 4 0.0540
a range +27600 +75000 2 9 0.0542
a range +66600 +75000 3 5 0.0552
a range +66600 +75000 3 8 0.0555
a range +27600 +75000 4 2 0.0540
a range +66600 +75000 5 3 0.0552
a range +66600 +75000 8 3 0.0555
a range +27600 +75000 9 2 0.0542
a range +68400 +75600 4 8 0.0487
a range +68400 +75600 5 9 0.0487
a range +67800 +75600 6 10 0.0490
a range +67800 +75600 7 11 0.0490
a range +68400 +75600 8 4 0.0487
a range +68400 +75600 9 5 0.0487
a range +67800 +75600 10 6 0.0490
a range +67800 +75600 11 7 0.0490
a range +68400 +76200 2 6 0.0547
a range +68400 +76200 2 11 0.0548
a range +52200 +76200 2 12 1104.6917
a range +50400 +76200 2 14 1104.7107
a range +68400 +76200 6 2 0.0547
a range +68400 +76200 11 2 0.0548
a range +52200 +76200 12 2 1104.6917
a range +50400 +76200 14 2 1104.7107
a range +56400 +76800 7 12 1104.7070
a range +56400 +76800 7 14 1104.7267
a range +56400 +76800 10 12 1104.7069
a range +56400 +76800 10 14 1104.7267
a range +56400 +76800 12 7 1104.7070
a range +56400 +76800 12 10 1104.7069
a range +56400 +76800 14 7 1104.7267
a range +56400 +76800 14 10 1104.7267
a range +60000 +78600 1 14 1104.7653
a range +69600 +78600 3 14 1104.7526
a range +30000 +78600 4 14 1104.7646
a range +30000 +78600 5 14 1104.7851
a range +46200 +78600 6 14 1104.7551
a range +77400 +78600 7 14 1104.7946
a range +30000 +78600 8 14 1104.7848
a range +30000 +78600 9 14 1104.7649
a range +77400 +78600 10 14 1104.7940
a range +66600 +78600 11 14 1104.7557
a range +60000 +78600 14 1 1104.7653
a range +69600 +78600 14 3 1104.7526
a range +30000 +78600 14 4 1104.7646
a range +30000 +78600 14 5 1104.7851
a range +46200 +78600 14 6 1104.7551
a range +77400 +78600 14 7 1104.7946
a range +30000 +78600 14 8 1104.7848
a range +30000 +78600 14 9 1104.7649
a range +77400 +78600 14 10 1104.7940
a range +66600 +78600 14 11 1104.7557
a range +73800 +79800 4 11 0.0469
a range +73800 +79800 5 10 0.0469
a range +73800 +79800 6 9 0.0469
a range +73800 +79800 7 8 0.0469
a range +73800 +79800 8 7 0.0469
a range +73800 +79800 8 11 0.0471
a range +73800 +79800 9 6 0.0469
a range +73800 +79800 9 10 0.0471
a range +73800 +79800 10 5 0.0469
a range +73800 +79800 10 9 0.0471
a range +73800 +79800 11 4 0.0469
a range +73800 +79800 11 8 0.0471
a range +73800 +80400 4 7 0.0489
a range +73800 +80400 5 6 0.0489
a range +73800 +80400 6 5 0.0489
a range +73800 +80400 7 4 0.0489
a range +73200 +81000 4 9 0.0496
a range +73200 +81000 5 8 0.0496
a range +73200 +81000 6 11 0.0498
a range +73200 +81000 7 10 0.0498
a range +73200 +81000 8 5 0.0496
a range +73200 +81000 9 4 0.0496
a range +73200 +81000 10 7 0.0498
a range +73200 +81000 11 6 0.0498
a range +27600 +84600 3 6 0.0542
a range +27600 +84600 3 11 0.0546
a range +27600 +84600 6 3 0.0542
a range +27600 +84600 11 3 0.0546
a range +75600 +85200 2 4 0.0552
a range +76200 +85200 2 9 0.0554
a range +75600 +85200 4 2 0.0552
a range +76200 +85200 9 2 0.0554
a range +60000 +85800 1 12 1105.0649
a range +78600 +85800 1 13 1105.0733
a range +78600 +85800 4 8 0.0474
a range +78600 +85800 5 9 0.0474
a range +78600 +85800 6 10 0.0478
a range +78600 +85800 7 11 0.0478
a range +78600 +85800 8 4 0.0474
a range +78600 +85800 9 5 0.0474
a range +78600 +85800 10 6 0.0478
a range +78600 +85800 11 7 0.0478
a range +60000 +85800 12 1 1105.0649
a range +78600 +85800 13 1 1105.0733
a range +0 +86400 1 2 0.0565
a range +0 +86400 1 3 0.0565
a range +69000 +86400 1 4 0.0279
a range +38400 +86400 1 5 0.0519
a range +58800 +86400 1 6 0.0201
a range +78600 +86400 1 7 0.0554
a range +37800 +86400 1 8 0.0520
a range +69000 +86400 1 9 0.0277
a range +78600 +86400 1 10 0.0555
a range +58200 +86400 1 11 0.0199
a range +0 +86400 2 1 0.0565
a range +0 +86400 2 3 0.0565
a range +58800 +86400 2 5 0.0104
a range +79800 +86400 2 6 0.0396
a range +37800 +86400 2 7 0.0437
a range +58800 +86400 2 8 0.0097
a range +37800 +86400 2 10 0.0437
a range +79800 +86400 2 11 0.0396
a range +79200 +86400 2 12 1105.0472
a range +79200 +86400 2 13 1105.0544
a range +0 +86400 3 1 0.0565
a range +0 +86400 3 2 0.0565
a range +48600 +86400 3 4 0.0327
a range +79800 +86400 3 5 0.0491
a range +69000 +86400 3 7 0.0153
a range +79200 +86400 3 8 0.0491
a range +48600 +86400 3 9 0.0326
a range +69000 +86400 3 10 0.0149
a range +69600 +86400 3 12 1105.0361
a range +78600 +86400 3 13 1105.0433
a range +69000 +86400 4 1 0.0279
a range +48600 +86400 4 3 0.0327
a range +0 +86400 4 6 0.0356
a range +84600 +86400 4 7 0.0377
a range +84000 +86400 4 9 0.0122
a range +0 +86400 4 10 0.0357
a range +84600 +86400 4 11 0.0377
a range +52200 +86400 4 12 1105.0680
a range +78600 +86400 4 13 1105.0752
a range +38400 +86400 5 1 0.0519
a range +58800 +86400 5 2 0.0104
a range +79800 +86400 5 3 0.0491
a range +84600 +86400 5 6 0.0377
a range +0 +86400 5 7 0.0356
a range +84000 +86400 5 8 0.0122
a range +84600 +86400 5 10 0.0377
a range +0 +86400 5 11 0.0357
a range +52200 +86400 5 12 1105.0472
a range +78600 +86400 5 13 1105.0545
a range +58800 +86400 6 1 0.0201
a range +79800 +86400 6 2 0.0396
a range +0 +86400 6 4 0.0356
a range +84600 +86400 6 5 0.0377
a range +0 +86400 6 8 0.0358
a range +84600 +86400 6 9 0.0376
a range +84000 +86400 6 11 0.0113
a range +52200 +86400 6 12 1105.0805
a range +78600 +86400 6 13 1105.0877
a range +78600 +86400 7 1 0.0554
a range +37800 +86400 7 2 0.0437
a range +69000 +86400 7 3 0.0153
a range +84600 +86400 7 4 0.0377
a range +0 +86400 7 5 0.0356
a range +84600 +86400 7 8 0.0376
a range +0 +86400 7 9 0.0358
a range +84000 +86400 7 10 0.0113
a range +77400 +86400 7 12 1105.0347
a range +78600 +86400 7 13 1105.0419
a range +37800 +86400 8 1 0.0520
a range +58800 +86400 8 2 0.0097
a range +79200 +86400 8 3 0.0491
a range +84000 +86400 8 5 0.0122
a range +0 +86400 8 6 0.0358
a range +84600 +86400 8 7 0.0376
a range +0 +86400 8 10 0.0359
a range +84600 +86400 8 11 0.0375
a range +52200 +86400 8 12 1105.0470
a range +78600 +86400 8 13 1105.0542
a range +69000 +86400 9 1 0.0277
a range +48600 +86400 9 3 0.0326
a range +84000 +86400 9 4 0.0122
a range +84600 +86400 9 6 0.0376
a range +0 +86400 9 7 0.0358
a range +84600 +86400 9 10 0.0375
a range +0 +86400 9 11 0.0359
a range +52200 +86400 9 12 1105.0682
a range +78600 +86400 9 13 1105.0754
a range +78600 +86400 10 1 0.0555
a range +37800 +86400 10 2 0.0437
a range +69000 +86400 10 3 0.0149
a range +0 +86400 10 4 0.0357
a range +84600 +86400 10 5 0.0377
a range +84000 +86400 10 7 0.0113
a range +0 +86400 10 8 0.0359
a range +84600 +86400 10 9 0.0375
a range +77400 +86400 10 12 1105.0345
a range +78600 +86400 10 13 1105.0417
a range +58200 +86400 11 1 0.0199
a range +79800 +86400 11 2 0.0396
a range +84600 +86400 11 4 0.0377
a range +0 +86400 11 5 0.0357
a range +84000 +86400 11 6 0.0113
a range +84600 +86400 11 8 0.0375
a range +0 +86400 11 9 0.0359
a range +66600 +86400 11 12 1105.0807
a range +78600 +86400 11 13 1105.0880
a range +79200 +86400 12 2 1105.0472
a range +69600 +86400 12 3 1105.0361
a range +52200 +86400 12 4 1105.0680
a range +52200 +86400 12 5 1105.0472
a range +52200 +86400 12 6 1105.0805
a range +77400 +86400 12 7 1105.0347
a range +52200 +86400 12 8 1105.0470
a range +52200 +86400 12 9 1105.0682
a range +77400 +86400 12 10 1105.0345
a range +66600 +86400 12 11 1105.0807
a range +79200 +86400 13 2 1105.0544
a range +78600 +86400 13 3 1105.0433
a range +78600 +86400 13 4 1105.0752
a range +78600 +86400 13 5 1105.0545
a range +78600 +86400 13 6 1105.0877
a range +78600 +86400 13 7 1105.0419
a range +78600 +86400 13 8 1105.0542
a range +78600 +86400 13 9 1105.0754
a range +78600 +86400 13 10 1105.0417
a range +78600 +86400 13 11 1105.0880
a range +0 +86400 12 15 0.0
a range +0 +86400 15 12 0.0
a range +0 +86400 13 15 0.0
a range +0 +86400 15 13 0.0
a range +0 +86400 14 15 0.0
a range +0 +86400 15 14 0.0
