a contact +0 +600 57 75 625000
a contact +0 +600 58 74 625000
a contact +0 +600 59 72 625000
a contact +0 +600 60 71 625000
a contact +0 +600 61 69 625000
a contact +0 +600 62 68 625000
a contact +0 +600 63 66 625000
a contact +0 +600 64 65 625000
a contact +600 +1200 57 74 625000
a contact +600 +1200 58 75 625000
a contact +600 +1200 59 71 625000
a contact +600 +1200 60 72 625000
a contact +600 +1200 61 68 625000
a contact +600 +1200 62 69 625000
a contact +600 +1200 63 65 625000
a contact +600 +1200 64 66 625000
a contact +1200 +1800 57 72 625000
a contact +1200 +1800 58 71 625000
a contact +1200 +1800 59 75 625000
a contact +1200 +1800 60 74 625000
a contact +1200 +1800 61 66 625000
a contact +1200 +1800 62 65 625000
a contact +1200 +1800 63 69 625000
a contact +1200 +1800 64 68 625000
a contact +1800 +2400 57 71 625000
a contact +1800 +2400 58 72 625000
a contact +1800 +2400 59 74 625000
a contact +1800 +2400 60 75 625000
a contact +1800 +2400 61 65 625000
a contact +1800 +2400 62 66 625000
a contact +1800 +2400 63 68 625000
a contact +1800 +2400 64 69 625000
a contact +2400 +3000 57 69 625000
a contact +2400 +3000 58 68 625000
a contact +2400 +3000 59 66 625000
a contact +2400 +3000 60 65 625000
a contact +2400 +3000 61 75 625000
a contact +2400 +3000 62 74 625000
a contact +2400 +3000 63 72 625000
a contact +2400 +3000 64 71 625000
a contact +3000 +3600 57 66 625000
a contact +3000 +3600 58 65 625000
a contact +3000 +3600 59 69 625000
a contact +3000 +3600 60 68 625000
a contact +3000 +3600 61 72 625000
a contact +3000 +3600 62 71 625000
a contact +3000 +3600 63 75 625000
a contact +3000 +3600 64 74 625000
a contact +3600 +4200 49 75 625000
a contact +3600 +4200 50 74 625000
a contact +3600 +4200 51 72 625000
a contact +3600 +4200 52 71 625000
a contact +3600 +4200 53 69 625000
a contact +3600 +4200 54 68 625000
a contact +3600 +4200 55 66 625000
a contact +3600 +4200 56 65 625000
a contact +4200 +4800 57 68 625000
a contact +4200 +4800 58 69 625000
a contact +4200 +4800 59 65 625000
a contact +4200 +4800 60 66 625000
a contact +4200 +4800 61 74 625000
a contact +4200 +4800 62 75 625000
a contact +4200 +4800 63 71 625000
a contact +4200 +4800 64 72 625000
a contact +4800 +5400 57 65 625000
a contact +4800 +5400 58 66 625000
a contact +4800 +5400 59 68 625000
a contact +4800 +5400 60 69 625000
a contact +4800 +5400 61 71 625000
a contact +4800 +5400 62 72 625000
a contact +4800 +5400 63 74 625000
a contact +4800 +5400 64 75 625000
a contact +5400 +6000 49 74 625000
a contact +5400 +6000 50 75 625000
a contact +5400 +6000 51 71 625000
a contact +5400 +6000 52 72 625000
a contact +5400 +6000 53 68 625000
a contact +5400 +6000 54 69 625000
a contact +5400 +6000 55 65 625000
a contact +5400 +6000 56 66 625000
a contact +6000 +6600 49 71 625000
a contact +6000 +6600 50 72 625000
a contact +6000 +6600 51 74 625000
a contact +6000 +6600 52 75 625000
a contact +6000 +6600 53 65 625000
a contact +6000 +6600 54 66 625000
a contact +6000 +6600 55 68 625000
a contact +6000 +6600 56 69 625000
a contact +6600 +7200 49 68 625000
a contact +6600 +7200 50 69 625000
a contact +6600 +7200 51 65 625000
a contact +6600 +7200 52 66 625000
a contact +6600 +7200 53 74 625000
a contact +6600 +7200 54 75 625000
a contact +6600 +7200 55 71 625000
a contact +6600 +7200 56 72 625000
a contact +7200 +7800 49 65 625000
a contact +7200 +7800 50 66 625000
a contact +7200 +7800 51 68 625000
a contact +7200 +7800 52 69 625000
a contact +7200 +7800 53 71 625000
a contact +7200 +7800 54 72 625000
a contact +7200 +7800 55 74 625000
a contact +7200 +7800 56 75 625000
a contact +7800 +8400 41 75 625000
a contact +7800 +8400 42 74 625000
a contact +7800 +8400 43 72 625000
a contact +7800 +8400 44 71 625000
a contact +7800 +8400 45 69 625000
a contact +7800 +8400 46 68 625000
a contact +7800 +8400 47 66 625000
a contact +7800 +8400 48 65 625000
a contact +8400 +9000 49 72 625000
a contact +8400 +9000 50 71 625000
a contact +8400 +9000 51 75 625000
a contact +8400 +9000 52 74 625000
a contact +8400 +9000 53 66 625000
a contact +8400 +9000 54 65 625000
a contact +8400 +9000 55 69 625000
a contact +8400 +9000 56 68 625000
a contact +9000 +9600 49 69 625000
a contact +9000 +9600 50 68 625000
a contact +9000 +9600 51 66 625000
a contact +9000 +9600 52 65 625000
a contact +9000 +9600 53 75 625000
a contact +9000 +9600 54 74 625000
a contact +9000 +9600 55 72 625000
a contact +9000 +9600 56 71 625000
a contact +9600 +10200 49 66 625000
a contact +9600 +10200 50 65 625000
a contact +9600 +10200 51 69 625000
a contact +9600 +10200 52 68 625000
a contact +9600 +10200 53 72 625000
a contact +9600 +10200 54 71 625000
a contact +9600 +10200 55 75 625000
a contact +9600 +10200 56 74 625000
a contact +10200 +10800 41 74 625000
a contact +10200 +10800 42 75 625000
a contact +10200 +10800 43 71 625000
a contact +10200 +10800 44 72 625000
a contact +10200 +10800 45 68 625000
a contact +10200 +10800 46 69 625000
a contact +10200 +10800 47 65 625000
a contact +10200 +10800 48 66 625000
a contact +10800 +11400 41 71 625000
a contact +10800 +11400 42 72 625000
a contact +10800 +11400 43 74 625000
a contact +10800 +11400 44 75 625000
a contact +10800 +11400 45 65 625000
a contact +10800 +11400 46 66 625000
a contact +10800 +11400 47 68 625000
a contact +10800 +11400 48 69 625000
a contact +11400 +12000 41 68 625000
a contact +11400 +12000 42 69 625000
a contact +11400 +12000 43 65 625000
a contact +11400 +12000 44 66 625000
a contact +11400 +12000 45 74 625000
a contact +11400 +12000 46 75 625000
a contact +11400 +12000 47 71 625000
a contact +11400 +12000 48 72 625000
a contact +12000 +12600 41 65 625000
a contact +12000 +12600 42 66 625000
a contact +12000 +12600 43 68 625000
a contact +12000 +12600 44 69 625000
a contact +12000 +12600 45 71 625000
a contact +12000 +12600 46 72 625000
a contact +12000 +12600 47 74 625000
a contact +12000 +12600 48 75 625000
a contact +12600 +13200 33 75 625000
a contact +12600 +13200 34 74 625000
a contact +12600 +13200 35 72 625000
a contact +12600 +13200 36 71 625000
a contact +12600 +13200 37 69 625000
a contact +12600 +13200 38 68 625000
a contact +12600 +13200 39 66 625000
a contact +12600 +13200 40 65 625000
a contact +13200 +13800 39 72 625000
a contact +13200 +13800 42 71 625000
a contact +13200 +13800 43 75 625000
a contact +13200 +13800 44 74 625000
a contact +13200 +13800 45 66 625000
a contact +13200 +13800 46 65 625000
a contact +13200 +13800 47 69 625000
a contact +13200 +13800 48 68 625000
a contact +13800 +14400 41 69 625000
a contact +13800 +14400 42 68 625000
a contact +13800 +14400 43 66 625000
a contact +13800 +14400 44 65 625000
a contact +13800 +14400 45 75 625000
a contact +13800 +14400 46 74 625000
a contact +13800 +14400 47 72 625000
a contact +13800 +14400 48 71 625000
a contact +14400 +15000 41 66 625000
a contact +14400 +15000 42 65 625000
a contact +14400 +15000 43 69 625000
a contact +14400 +15000 44 68 625000
a contact +14400 +15000 45 72 625000
a contact +14400 +15000 46 71 625000
a contact +14400 +15000 47 75 625000
a contact +14400 +15000 48 74 625000
a contact +15000 +15600 34 75 625000
a contact +15000 +15600 35 71 625000
a contact +15000 +15600 36 74 625000
a contact +15000 +15600 37 68 625000
a contact +15000 +15600 38 69 625000
a contact +15000 +15600 39 65 625000
a contact +15000 +15600 40 66 625000
a contact +15000 +15600 41 72 625000
a contact +15600 +16200 33 69 625000
a contact +15600 +16200 34 72 625000
a contact +15600 +16200 38 66 625000
a contact +15600 +16200 40 75 625000
a contact +16200 +16800 37 66 625000
a contact +16200 +16800 38 72 625000
a contact +16200 +16800 39 75 625000
a contact +16200 +16800 40 69 625000
a contact +16800 +17400 36 66 625000
a contact +16800 +17400 38 75 625000
a contact +16800 +17400 39 69 625000
a contact +16800 +17400 40 72 625000
a contact +17400 +18000 34 69 625000
a contact +17400 +18000 35 66 625000
a contact +17400 +18000 36 75 625000
a contact +17400 +18000 37 72 625000
a contact +18000 +18600 34 66 625000
a contact +18000 +18600 35 69 625000
a contact +18000 +18600 36 72 625000
a contact +18000 +18600 37 75 625000
a contact +18600 +19200 32 72 625000
a contact +18600 +19200 33 66 625000
a contact +18600 +19200 35 75 625000
a contact +18600 +19200 36 69 625000
a contact +19200 +19800 30 75 625000
a contact +19200 +19800 31 69 625000
a contact +19200 +19800 32 66 625000
a contact +19200 +19800 33 72 625000
a contact +19800 +20400 29 75 625000
a contact +19800 +20400 30 72 625000
a contact +19800 +20400 31 66 625000
a contact +19800 +20400 32 69 625000
a contact +20400 +21000 29 69 625000
a contact +20400 +21000 30 66 625000
a contact +20400 +21000 31 72 625000
a contact +20400 +21000 32 75 625000
a contact +21000 +21600 28 72 625000
a contact +21000 +21600 29 66 625000
a contact +21000 +21600 30 69 625000
a contact +21000 +21600 31 75 625000
a contact +21600 +22200 26 75 625000
a contact +21600 +22200 27 69 625000
a contact +21600 +22200 28 66 625000
a contact +21600 +22200 29 72 625000
a contact +22200 +22800 25 75 625000
a contact +22200 +22800 26 72 625000
a contact +22200 +22800 27 66 625000
a contact +22200 +22800 28 69 625000
a contact +22800 +23400 25 69 625000
a contact +22800 +23400 26 66 625000
a contact +22800 +23400 27 72 625000
a contact +22800 +23400 28 75 625000
a contact +23400 +24000 24 72 625000
a contact +23400 +24000 25 66 625000
a contact +23400 +24000 26 69 625000
a contact +23400 +24000 27 75 625000
a contact +24000 +24600 22 75 625000
a contact +24000 +24600 23 69 625000
a contact +24000 +24600 24 66 625000
a contact +24000 +24600 25 72 625000
a contact +24600 +25200 21 75 625000
a contact +24600 +25200 22 72 625000
a contact +24600 +25200 23 66 625000
a contact +24600 +25200 24 69 625000
a contact +25200 +25800 21 69 625000
a contact +25200 +25800 22 66 625000
a contact +25200 +25800 23 72 625000
a contact +25200 +25800 24 75 625000
a contact +25800 +26400 20 72 625000
a contact +25800 +26400 21 66 625000
a contact +25800 +26400 22 69 625000
a contact +25800 +26400 23 75 625000
a contact +26400 +27000 18 75 625000
a contact +26400 +27000 19 69 625000
a contact +26400 +27000 20 66 625000
a contact +26400 +27000 21 72 625000
a contact +27000 +27600 17 75 625000
a contact +27000 +27600 18 72 625000
a contact +27000 +27600 19 66 625000
a contact +27000 +27600 20 69 625000
a contact +27600 +28200 17 69 625000
a contact +27600 +28200 18 66 625000
a contact +27600 +28200 19 72 625000
a contact +27600 +28200 20 75 625000
a contact +28200 +28800 16 72 625000
a contact +28200 +28800 17 66 625000
a contact +28200 +28800 18 69 625000
a contact +28200 +28800 19 75 625000
a contact +28800 +29400 14 75 625000
a contact +28800 +29400 15 69 625000
a contact +28800 +29400 16 66 625000
a contact +28800 +29400 17 72 625000
a contact +29400 +30000 13 75 625000
a contact +29400 +30000 14 72 625000
a contact +29400 +30000 15 66 625000
a contact +29400 +30000 16 69 625000
a contact +30000 +30600 13 69 625000
a contact +30000 +30600 14 66 625000
a contact +30000 +30600 15 72 625000
a contact +30000 +30600 16 75 625000
a contact +30000 +30600 61 76 625000
a contact +30000 +30600 62 73 625000
a contact +30000 +30600 63 70 625000
a contact +30000 +30600 64 67 625000
a contact +30600 +31200 12 72 625000
a contact +30600 +31200 13 66 625000
a contact +30600 +31200 14 69 625000
a contact +30600 +31200 15 75 625000
a contact +30600 +31200 61 73 625000
a contact +30600 +31200 62 76 625000
a contact +30600 +31200 63 67 625000
a contact +30600 +31200 64 70 625000
a contact +31200 +31800 9 75 625000
a contact +31200 +31800 10 69 625000
a contact +31200 +31800 12 66 625000
a contact +31200 +31800 13 72 625000
a contact +31200 +31800 61 70 625000
a contact +31200 +31800 62 67 625000
a contact +31200 +31800 63 76 625000
a contact +31200 +31800 64 73 625000
a contact +31800 +32400 9 72 625000
a contact +31800 +32400 10 75 625000
a contact +31800 +32400 11 66 625000
a contact +31800 +32400 12 69 625000
a contact +31800 +32400 61 67 625000
a contact +31800 +32400 62 70 625000
a contact +31800 +32400 63 73 625000
a contact +31800 +32400 64 76 625000
a contact +32400 +33000 8 72 625000
a contact +32400 +33000 9 66 625000
a contact +32400 +33000 11 69 625000
a contact +32400 +33000 12 75 625000
a contact +32400 +33000 57 76 625000
a contact +32400 +33000 58 73 625000
a contact +32400 +33000 59 70 625000
a contact +32400 +33000 60 67 625000
a contact +33000 +33600 7 75 625000
a contact +33000 +33600 8 66 625000
a contact +33000 +33600 9 69 625000
a contact +33000 +33600 11 72 625000
a contact +33000 +33600 57 73 625000
a contact +33000 +33600 58 76 625000
a contact +33000 +33600 59 67 625000
a contact +33000 +33600 60 70 625000
a contact +33600 +34200 6 72 625000
a contact +33600 +34200 7 66 625000
a contact +33600 +34200 8 69 625000
a contact +33600 +34200 11 75 625000
a contact +33600 +34200 57 70 625000
a contact +33600 +34200 58 67 625000
a contact +33600 +34200 59 76 625000
a contact +33600 +34200 60 73 625000
a contact +34200 +34800 6 69 625000
a contact +34200 +34800 7 72 625000
a contact +34200 +34800 8 75 625000
a contact +34200 +34800 10 66 625000
a contact +34200 +34800 57 67 625000
a contact +34200 +34800 58 70 625000
a contact +34200 +34800 59 73 625000
a contact +34200 +34800 60 76 625000
a contact +34800 +35400 5 75 625000
a contact +34800 +35400 6 66 625000
a contact +34800 +35400 7 69 625000
a contact +34800 +35400 10 72 625000
a contact +34800 +35400 53 76 625000
a contact +34800 +35400 54 73 625000
a contact +34800 +35400 55 70 625000
a contact +34800 +35400 56 67 625000
a contact +35400 +36000 3 72 625000
a contact +35400 +36000 4 69 625000
a contact +35400 +36000 5 66 625000
a contact +35400 +36000 6 75 625000
a contact +35400 +36000 53 73 625000
a contact +35400 +36000 54 76 625000
a contact +35400 +36000 55 67 625000
a contact +35400 +36000 56 70 625000
a contact +36000 +36600 2 72 625000
a contact +36000 +36600 3 75 625000
a contact +36000 +36600 4 66 625000
a contact +36000 +36600 5 69 625000
a contact +36000 +36600 53 70 625000
a contact +36000 +36600 54 67 625000
a contact +36000 +36600 55 76 625000
a contact +36000 +36600 56 73 625000
a contact +36600 +37200 2 69 625000
a contact +36600 +37200 3 66 625000
a contact +36600 +37200 4 75 625000
a contact +36600 +37200 5 72 625000
a contact +36600 +37200 53 67 625000
a contact +36600 +37200 54 70 625000
a contact +36600 +37200 55 73 625000
a contact +36600 +37200 56 76 625000
a contact +37200 +37800 1 75 625000
a contact +37200 +37800 2 66 625000
a contact +37200 +37800 49 76 625000
a contact +37200 +37800 50 73 625000
a contact +37200 +37800 51 70 625000
a contact +37200 +37800 52 67 625000
a contact +37800 +38400 1 66 625000
a contact +37200 +38400 3 69 625000
a contact +37200 +38400 4 72 625000
a contact +37800 +38400 49 73 625000
a contact +37800 +38400 50 76 625000
a contact +37800 +38400 51 67 625000
a contact +37800 +38400 52 70 625000
a contact +38400 +39000 1 72 625000
a contact +37800 +39000 2 75 625000
a contact +38400 +39000 3 66 625000
a contact +38400 +39000 49 70 625000
a contact +38400 +39000 50 67 625000
a contact +38400 +39000 51 76 625000
a contact +38400 +39000 52 73 625000
a contact +38400 +39000 64 69 625000
a contact +39000 +39600 2 66 625000
a contact +39000 +39600 49 67 625000
a contact +39000 +39600 50 70 625000
a contact +39000 +39600 51 73 625000
a contact +39000 +39600 52 76 625000
a contact +39000 +39600 63 75 625000
a contact +39000 +39600 64 72 625000
a contact +39000 +40200 1 69 625000
a contact +39600 +40200 4 66 625000
a contact +39600 +40200 45 76 625000
a contact +39600 +40200 46 73 625000
a contact +39600 +40200 47 70 625000
a contact +39600 +40200 48 67 625000
a contact +39600 +40200 63 72 625000
a contact +39600 +40200 64 75 625000
a contact +40200 +40800 1 72 625000
a contact +40200 +40800 45 73 625000
a contact +40200 +40800 46 76 625000
a contact +40200 +40800 47 67 625000
a contact +40200 +40800 48 70 625000
a contact +40200 +40800 62 75 625000
a contact +40200 +40800 63 69 625000
a contact +40200 +40800 64 66 625000
a contact +40800 +41400 1 75 625000
a contact +40800 +41400 45 70 625000
a contact +40800 +41400 46 67 625000
a contact +40800 +41400 47 76 625000
a contact +40800 +41400 48 73 625000
a contact +40800 +41400 61 72 625000
a contact +40800 +41400 62 69 625000
a contact +40800 +41400 63 66 625000
a contact +41400 +42000 1 66 625000
a contact +41400 +42000 45 67 625000
a contact +41400 +42000 46 70 625000
a contact +41400 +42000 47 73 625000
a contact +41400 +42000 48 76 625000
a contact +41400 +42000 60 75 625000
a contact +41400 +42000 61 69 625000
a contact +41400 +42000 62 72 625000
a contact +42000 +42600 5 69 625000
a contact +42000 +42600 41 76 625000
a contact +42000 +42600 42 73 625000
a contact +42000 +42600 43 70 625000
a contact +42000 +42600 44 67 625000
a contact +42000 +42600 60 72 625000
a contact +42000 +42600 61 75 625000
a contact +42000 +42600 62 66 625000
a contact +42600 +43200 41 73 625000
a contact +42600 +43200 42 76 625000
a contact +42600 +43200 43 67 625000
a contact +42600 +43200 44 70 625000
a contact +43200 +43800 41 70 625000
a contact +43200 +43800 42 67 625000
a contact +43200 +43800 43 76 625000
a contact +43200 +43800 44 73 625000
a contact +43800 +44400 41 67 625000
a contact +43800 +44400 42 70 625000
a contact +43800 +44400 43 73 625000
a contact +43800 +44400 44 76 625000
a contact +44400 +45000 37 76 625000
a contact +44400 +45000 38 73 625000
a contact +44400 +45000 39 70 625000
a contact +44400 +45000 40 67 625000
a contact +45000 +45600 37 73 625000
a contact +45000 +45600 38 76 625000
a contact +45000 +45600 39 67 625000
a contact +45000 +45600 40 70 625000
a contact +45600 +46200 37 70 625000
a contact +45600 +46200 38 67 625000
a contact +45600 +46200 39 76 625000
a contact +45600 +46200 40 73 625000
a contact +46200 +46800 37 67 625000
a contact +46200 +46800 38 70 625000
a contact +46200 +46800 39 73 625000
a contact +46200 +46800 40 76 625000
a contact +46800 +47400 33 76 625000
a contact +46800 +47400 34 73 625000
a contact +46800 +47400 35 70 625000
a contact +46800 +47400 36 67 625000
a contact +47400 +48000 33 73 625000
a contact +47400 +48000 34 76 625000
a contact +47400 +48000 35 67 625000
a contact +47400 +48000 36 70 625000
a contact +48000 +48600 33 70 625000
a contact +48000 +48600 34 67 625000
a contact +48000 +48600 35 76 625000
a contact +48000 +48600 36 73 625000
a contact +48600 +49200 33 67 625000
a contact +48600 +49200 34 70 625000
a contact +48600 +49200 35 73 625000
a contact +48600 +49200 36 76 625000
a contact +49200 +49800 29 76 625000
a contact +49200 +49800 30 73 625000
a contact +49200 +49800 31 70 625000
a contact +49200 +49800 32 67 625000
a contact +49800 +50400 29 73 625000
a contact +49800 +50400 30 76 625000
a contact +49800 +50400 31 67 625000
a contact +49800 +50400 32 70 625000
a contact +50400 +51000 29 70 625000
a contact +50400 +51000 30 67 625000
a contact +50400 +51000 31 76 625000
a contact +50400 +51000 32 73 625000
a contact +51000 +51600 29 67 625000
a contact +51000 +51600 30 70 625000
a contact +51000 +51600 31 73 625000
a contact +51000 +51600 32 76 625000
a contact +51600 +52200 25 76 625000
a contact +51600 +52200 26 73 625000
a contact +51600 +52200 27 70 625000
a contact +51600 +52200 28 67 625000
a contact +52200 +52800 25 73 625000
a contact +52200 +52800 26 76 625000
a contact +52200 +52800 27 67 625000
a contact +52200 +52800 28 70 625000
a contact +52200 +52800 37 74 625000
a contact +52200 +52800 38 65 625000
a contact +52200 +52800 39 71 625000
a contact +52200 +52800 40 68 625000
a contact +52800 +53400 25 70 625000
a contact +52800 +53400 26 67 625000
a contact +52800 +53400 27 76 625000
a contact +52800 +53400 28 73 625000
a contact +52800 +53400 37 65 625000
a contact +52800 +53400 38 74 625000
a contact +52800 +53400 39 68 625000
a contact +52800 +53400 40 71 625000
a contact +53400 +54000 25 67 625000
a contact +53400 +54000 26 70 625000
a contact +53400 +54000 27 73 625000
a contact +53400 +54000 28 76 625000
a contact +53400 +54000 35 68 625000
a contact +53400 +54000 36 65 625000
a contact +53400 +54000 38 71 625000
a contact +53400 +54000 40 74 625000
a contact +54000 +54600 21 76 625000
a contact +54000 +54600 22 73 625000
a contact +54000 +54600 23 70 625000
a contact +54000 +54600 24 67 625000
a contact +54000 +54600 35 65 625000
a contact +54000 +54600 36 68 625000
a contact +54000 +54600 37 71 625000
a contact +54000 +54600 39 74 625000
a contact +54600 +55200 21 73 625000
a contact +54600 +55200 22 76 625000
a contact +54600 +55200 23 67 625000
a contact +54600 +55200 24 70 625000
a contact +54600 +55200 32 71 625000
a contact +54600 +55200 33 68 625000
a contact +54600 +55200 34 65 625000
a contact +54600 +55200 35 74 625000
a contact +55200 +55800 21 70 625000
a contact +55200 +55800 22 67 625000
a contact +55200 +55800 23 76 625000
a contact +55200 +55800 24 73 625000
a contact +55200 +55800 31 71 625000
a contact +55200 +55800 32 74 625000
a contact +55200 +55800 33 65 625000
a contact +55200 +55800 34 68 625000
a contact +55800 +56400 21 67 625000
a contact +55800 +56400 22 70 625000
a contact +55800 +56400 23 73 625000
a contact +55800 +56400 24 76 625000
a contact +55800 +56400 31 68 625000
a contact +55800 +56400 32 65 625000
a contact +55800 +56400 33 74 625000
a contact +55800 +56400 34 71 625000
a contact +56400 +57000 17 76 625000
a contact +56400 +57000 18 73 625000
a contact +56400 +57000 19 70 625000
a contact +56400 +57000 20 67 625000
a contact +56400 +57000 30 74 625000
a contact +56400 +57000 31 65 625000
a contact +56400 +57000 32 68 625000
a contact +56400 +57000 33 71 625000
a contact +57000 +57600 17 73 625000
a contact +57000 +57600 18 76 625000
a contact +57000 +57600 19 67 625000
a contact +57000 +57600 20 70 625000
a contact +57000 +57600 28 71 625000
a contact +57000 +57600 29 68 625000
a contact +57000 +57600 30 65 625000
a contact +57000 +57600 31 74 625000
a contact +57600 +58200 17 70 625000
a contact +57600 +58200 18 67 625000
a contact +57600 +58200 19 76 625000
a contact +57600 +58200 20 73 625000
a contact +57600 +58200 27 71 625000
a contact +57600 +58200 28 74 625000
a contact +57600 +58200 29 65 625000
a contact +57600 +58200 30 68 625000
a contact +58200 +58800 17 67 625000
a contact +58200 +58800 18 70 625000
a contact +58200 +58800 19 73 625000
a contact +58200 +58800 20 76 625000
a contact +58200 +58800 27 68 625000
a contact +58200 +58800 28 65 625000
a contact +58200 +58800 29 74 625000
a contact +58200 +58800 30 71 625000
a contact +58800 +59400 13 76 625000
a contact +58800 +59400 14 73 625000
a contact +58800 +59400 15 70 625000
a contact +58800 +59400 16 67 625000
a contact +58800 +59400 26 74 625000
a contact +58800 +59400 27 65 625000
a contact +58800 +59400 28 68 625000
a contact +58800 +59400 29 71 625000
a contact +59400 +60000 12 76 625000
a contact +59400 +60000 13 73 625000
a contact +59400 +60000 14 67 625000
a contact +59400 +60000 16 70 625000
a contact +59400 +60000 24 71 625000
a contact +59400 +60000 25 68 625000
a contact +59400 +60000 26 65 625000
a contact +59400 +60000 27 74 625000
a contact +60000 +60600 12 73 625000
a contact +60000 +60600 13 67 625000
a contact +60000 +60600 14 70 625000
a contact +60000 +60600 16 76 625000
a contact +60000 +60600 23 71 625000
a contact +60000 +60600 24 74 625000
a contact +60000 +60600 25 65 625000
a contact +60000 +60600 26 68 625000
a contact +60600 +61200 12 67 625000
a contact +60600 +61200 13 70 625000
a contact +60600 +61200 14 76 625000
a contact +60600 +61200 16 73 625000
a contact +60600 +61200 23 68 625000
a contact +60600 +61200 24 65 625000
a contact +60600 +61200 25 74 625000
a contact +60600 +61200 26 71 625000
a contact +61200 +61800 10 76 625000
a contact +61200 +61800 11 73 625000
a contact +61200 +61800 12 70 625000
a contact +61200 +61800 15 67 625000
a contact +61200 +61800 22 74 625000
a contact +61200 +61800 23 65 625000
a contact +61200 +61800 24 68 625000
a contact +61200 +61800 25 71 625000
a contact +61800 +62400 9 76 625000
a contact +61800 +62400 10 70 625000
a contact +61800 +62400 11 67 625000
a contact +61800 +62400 15 73 625000
a contact +61800 +62400 20 71 625000
a contact +61800 +62400 21 68 625000
a contact +61800 +62400 22 65 625000
a contact +61800 +62400 23 74 625000
a contact +62400 +63000 9 73 625000
a contact +62400 +63000 10 67 625000
a contact +62400 +63000 11 70 625000
a contact +62400 +63000 15 76 625000
a contact +62400 +63000 19 71 625000
a contact +62400 +63000 20 74 625000
a contact +62400 +63000 21 65 625000
a contact +62400 +63000 22 68 625000
a contact +63000 +63600 8 70 625000
a contact +63000 +63600 9 67 625000
a contact +63000 +63600 10 73 625000
a contact +63000 +63600 11 76 625000
a contact +63000 +63600 19 68 625000
a contact +63000 +63600 20 65 625000
a contact +63000 +63600 21 74 625000
a contact +63000 +63600 22 71 625000
a contact +63600 +64200 6 76 625000
a contact +63600 +64200 7 73 625000
a contact +63600 +64200 8 67 625000
a contact +63600 +64200 9 70 625000
a contact +63600 +64200 18 74 625000
a contact +63600 +64200 19 65 625000
a contact +63600 +64200 20 68 625000
a contact +63600 +64200 21 71 625000
a contact +64200 +64800 5 76 625000
a contact +64200 +64800 6 70 625000
a contact +64200 +64800 7 67 625000
a contact +64200 +64800 8 73 625000
a contact +64200 +64800 16 71 625000
a contact +64200 +64800 17 68 625000
a contact +64200 +64800 18 65 625000
a contact +64200 +64800 19 74 625000
a contact +64800 +65400 5 73 625000
a contact +64800 +65400 6 67 625000
a contact +64800 +65400 7 70 625000
a contact +64800 +65400 8 76 625000
a contact +64800 +65400 15 71 625000
a contact +64800 +65400 16 74 625000
a contact +64800 +65400 17 65 625000
a contact +64800 +65400 18 68 625000
a contact +65400 +66000 4 70 625000
a contact +65400 +66000 5 67 625000
a contact +65400 +66000 6 73 625000
a contact +65400 +66000 7 76 625000
a contact +65400 +66000 15 68 625000
a contact +65400 +66000 16 65 625000
a contact +65400 +66000 17 74 625000
a contact +65400 +66000 18 71 625000
a contact +66000 +66600 2 76 625000
a contact +66000 +66600 3 73 625000
a contact +66000 +66600 4 67 625000
a contact +66000 +66600 5 70 625000
a contact +66000 +66600 14 74 625000
a contact +66000 +66600 15 65 625000
a contact +66000 +66600 16 68 625000
a contact +66000 +66600 17 71 625000
a contact +66600 +67200 1 76 625000
a contact +66600 +67200 2 70 625000
a contact +66600 +67200 3 67 625000
a contact +66600 +67200 4 73 625000
a contact +66600 +67200 11 71 625000
a contact +66600 +67200 13 68 625000
a contact +66600 +67200 14 65 625000
a contact +66600 +67200 15 74 625000
a contact +67200 +67800 1 73 625000
a contact +67200 +67800 2 67 625000
a contact +67200 +67800 10 71 625000
a contact +67200 +67800 11 74 625000
a contact +67200 +67800 13 65 625000
a contact +67200 +67800 14 68 625000
a contact +67800 +68400 1 67 625000
a contact +67200 +68400 3 70 625000
a contact +67200 +68400 4 76 625000
a contact +67800 +68400 10 68 625000
a contact +67800 +68400 11 65 625000
a contact +67800 +68400 13 74 625000
a contact +67800 +68400 14 71 625000
a contact +67800 +69000 2 73 625000
a contact +68400 +69000 4 67 625000
a contact +68400 +69000 10 74 625000
a contact +68400 +69000 11 68 625000
a contact +68400 +69000 12 65 625000
a contact +68400 +69000 13 71 625000
a contact +68400 +69600 1 70 625000
a contact +69000 +69600 2 67 625000
a contact +68400 +69600 3 76 625000
a contact +69000 +69600 8 74 625000
a contact +69000 +69600 9 71 625000
a contact +69000 +69600 10 65 625000
a contact +69000 +69600 12 68 625000
a contact +69000 +69600 64 73 625000
a contact +69600 +70200 1 67 625000
a contact +69600 +70200 7 74 625000
a contact +69600 +70200 8 68 625000
a contact +69600 +70200 9 65 625000
a contact +69600 +70200 12 71 625000
a contact +69600 +70200 62 76 625000
a contact +69600 +70200 63 73 625000
a contact +69600 +70200 64 70 625000
a contact +70200 +70800 1 76 625000
a contact +70200 +70800 7 71 625000
a contact +70200 +70800 8 65 625000
a contact +70200 +70800 9 68 625000
a contact +70200 +70800 12 74 625000
a contact +70200 +70800 62 73 625000
a contact +70200 +70800 63 70 625000
a contact +70200 +70800 64 67 625000
a contact +70800 +71400 1 73 625000
a contact +70800 +71400 6 68 625000
a contact +70800 +71400 7 65 625000
a contact +70800 +71400 8 71 625000
a contact +70800 +71400 9 74 625000
a contact +70800 +71400 62 70 625000
a contact +70800 +71400 63 67 625000
a contact +70800 +71400 64 76 625000
a contact +71400 +72000 3 73 625000
a contact +71400 +72000 4 74 625000
a contact +71400 +72000 5 71 625000
a contact +71400 +72000 6 65 625000
a contact +71400 +72000 7 68 625000
a contact +71400 +72000 61 70 625000
a contact +71400 +72000 62 67 625000
a contact +71400 +72000 63 76 625000
a contact +72000 +72600 2 74 625000
a contact +72000 +72600 3 67 625000
a contact +72000 +72600 4 68 625000
a contact +72000 +72600 5 65 625000
a contact +72000 +72600 6 71 625000
a contact +72000 +72600 59 76 625000
a contact +72000 +72600 60 70 625000
a contact +72000 +72600 61 73 625000
a contact +72600 +73200 2 71 625000
a contact +72600 +73200 4 65 625000
a contact +72600 +73200 5 68 625000
a contact +72600 +73200 6 74 625000
a contact +72600 +73200 7 67 625000
a contact +72600 +73200 59 70 625000
a contact +72600 +73200 60 73 625000
a contact +72600 +73200 61 76 625000
a contact +73200 +73800 2 68 625000
a contact +73200 +73800 3 65 625000
a contact +73200 +73800 5 74 625000
a contact +73200 +73800 8 70 625000
a contact +73200 +73800 59 73 625000
a contact +73200 +73800 60 76 625000
a contact +73200 +73800 61 67 625000
a contact +73800 +74400 1 74 625000
a contact +73800 +74400 3 68 625000
a contact +73200 +74400 4 71 625000
a contact +73800 +74400 6 70 625000
a contact +73800 +74400 57 76 625000
a contact +73800 +74400 58 73 625000
a contact +73800 +74400 60 67 625000
a contact +74400 +75000 1 71 625000
a contact +73800 +75000 2 65 625000
a contact +74400 +75000 3 74 625000
a contact +74400 +75000 5 70 625000
a contact +74400 +75000 57 73 625000
a contact +74400 +75000 58 76 625000
a contact +74400 +75000 59 67 625000
a contact +74400 +75000 64 68 625000
a contact +75000 +75600 1 68 625000
a contact +75000 +75600 4 73 625000
a contact +75000 +75600 56 76 625000
a contact +75000 +75600 57 70 625000
a contact +75000 +75600 58 67 625000
a contact +75000 +75600 63 65 625000
a contact +75000 +75600 64 74 625000
a contact +75000 +76200 3 71 625000
a contact +75600 +76200 5 76 625000
a contact +75600 +76200 56 73 625000
a contact +75600 +76200 57 67 625000
a contact +75600 +76200 58 70 625000
a contact +75600 +76200 62 74 625000
a contact +75600 +76200 63 68 625000
a contact +75600 +76800 1 65 625000
a contact +76200 +76800 5 67 625000
a contact +76200 +76800 54 76 625000
a contact +76200 +76800 55 73 625000
a contact +76200 +76800 56 70 625000
a contact +76200 +76800 62 68 625000
a contact +76200 +76800 63 74 625000
a contact +76200 +76800 64 71 625000
a contact +76800 +77400 53 76 625000
a contact +76800 +77400 54 73 625000
a contact +76800 +77400 55 70 625000
a contact +76800 +77400 56 67 625000
a contact +76800 +77400 60 74 625000
a contact +76800 +77400 61 68 625000
a contact +76800 +77400 63 71 625000
a contact +76800 +77400 64 65 625000
a contact +77400 +78000 52 76 625000
a contact +77400 +78000 53 73 625000
a contact +77400 +78000 54 70 625000
a contact +77400 +78000 55 67 625000
a contact +77400 +78000 59 74 625000
a contact +77400 +78000 60 68 625000
a contact +77400 +78000 61 71 625000
a contact +77400 +78000 62 65 625000
a contact +78000 +78600 52 73 625000
a contact +78000 +78600 53 70 625000
a contact +78000 +78600 54 67 625000
a contact +78000 +78600 55 76 625000
a contact +78000 +78600 59 68 625000
a contact +78000 +78600 60 65 625000
a contact +78000 +78600 61 74 625000
a contact +78000 +78600 62 71 625000
a contact +78600 +79200 51 75 625000
a contact +78600 +79200 54 68 625000
a contact +78600 +79200 55 74 625000
a contact +78600 +79200 56 69 625000
a contact +78600 +79200 57 72 625000
a contact +78600 +79200 58 66 625000
a contact +78600 +79200 60 71 625000
a contact +78600 +79200 61 65 625000
a contact +79200 +79800 52 75 625000
a contact +79200 +79800 53 74 625000
a contact +79200 +79800 54 71 625000
a contact +79200 +79800 55 68 625000
a contact +79200 +79800 56 72 625000
a contact +79200 +79800 57 66 625000
a contact +79200 +79800 58 69 625000
a contact +79200 +79800 59 65 625000
a contact +79800 +80400 53 68 625000
a contact +79800 +80400 54 74 625000
a contact +79800 +80400 55 65 625000
a contact +79800 +80400 57 75 625000
a contact +79800 +80400 58 72 625000
a contact +79800 +80400 59 71 625000
a contact +79800 +80400 60 69 625000
a contact +79800 +80400 61 66 625000
a contact +80400 +81000 53 71 625000
a contact +80400 +81000 54 75 625000
a contact +80400 +81000 55 72 625000
a contact +80400 +81000 56 74 625000
a contact +80400 +81000 57 68 625000
a contact +80400 +81000 58 65 625000
a contact +80400 +81000 59 69 625000
a contact +80400 +81000 60 66 625000
a contact +81000 +81600 52 74 625000
a contact +81000 +81600 53 75 625000
a contact +81000 +81600 54 72 625000
a contact +81000 +81600 55 69 625000
a contact +81000 +81600 56 71 625000
a contact +81000 +81600 57 65 625000
a contact +81000 +81600 58 68 625000
a contact +81000 +81600 59 66 625000
a contact +81600 +82200 52 68 625000
a contact +81600 +82200 53 72 625000
a contact +81600 +82200 54 69 625000
a contact +81600 +82200 55 66 625000
a contact +81600 +82200 56 65 625000
a contact +81600 +82200 57 74 625000
a contact +81600 +82200 58 71 625000
a contact +81600 +82200 59 75 625000
a contact +82200 +82800 52 66 625000
a contact +82200 +82800 53 69 625000
a contact +82200 +82800 54 65 625000
a contact +82200 +82800 55 75 625000
a contact +82200 +82800 56 68 625000
a contact +82200 +82800 57 71 625000
a contact +82200 +82800 58 74 625000
a contact +82200 +82800 59 72 625000
a contact +82800 +83400 50 74 625000
a contact +82800 +83400 51 68 625000
a contact +82800 +83400 52 72 625000
a contact +82800 +83400 53 65 625000
a contact +82800 +83400 55 71 625000
a contact +82800 +83400 56 66 625000
a contact +82800 +83400 57 69 625000
a contact +82800 +83400 58 75 625000
a contact +83400 +84000 47 74 625000
a contact +83400 +84000 48 72 625000
a contact +83400 +84000 49 71 625000
a contact +83400 +84000 50 68 625000
a contact +83400 +84000 51 69 625000
a contact +83400 +84000 52 65 625000
a contact +83400 +84000 54 66 625000
a contact +83400 +84000 56 75 625000
a contact +84000 +84600 46 75 625000
a contact +84000 +84600 47 72 625000
a contact +84000 +84600 48 74 625000
a contact +84000 +84600 49 68 625000
a contact +84000 +84600 50 71 625000
a contact +84000 +84600 51 65 625000
a contact +84000 +84600 52 69 625000
a contact +84000 +84600 53 66 625000
a contact +84600 +85200 45 74 625000
a contact +84600 +85200 46 72 625000
a contact +84600 +85200 47 75 625000
a contact +84600 +85200 48 68 625000
a contact +84600 +85200 49 69 625000
a contact +84600 +85200 50 65 625000
a contact +84600 +85200 51 66 625000
a contact +84600 +85200 52 71 625000
a contact +85200 +85800 44 75 625000
a contact +85200 +85800 45 72 625000
a contact +85200 +85800 46 74 625000
a contact +85200 +85800 47 68 625000
a contact +85200 +85800 48 69 625000
a contact +85200 +85800 49 65 625000
a contact +85200 +85800 50 66 625000
a contact +85200 +85800 51 71 625000
a contact +85800 +86400 43 74 625000
a contact +85800 +86400 45 75 625000
a contact +85800 +86400 46 68 625000
a contact +85800 +86400 47 71 625000
a contact +85800 +86400 48 65 625000
a contact +85800 +86400 49 66 625000
a contact +85800 +86400 50 69 625000
a contact +85800 +86400 51 72 625000

a range +0 +600 57 75 1103.3919
a range +0 +600 58 74 1102.3547
a range +0 +600 59 72 1103.3989
a range +0 +600 60 71 1102.3385
a range +0 +600 61 69 1103.3838
a range +0 +600 62 68 1102.3367
a range +0 +600 63 66 1103.3769
a range +0 +600 64 65 1102.353
a range +600 +1200 57 74 1102.3573
a range +600 +1200 58 75 1103.3988
a range +600 +1200 59 71 1102.3474
a range +600 +1200 60 72 1103.3924
a range +600 +1200 61 68 1102.3343
a range +600 +1200 62 69 1103.3771
a range +600 +1200 63 65 1102.3443
a range +600 +1200 64 66 1103.3832
a range +1200 +1800 57 72 1103.3919
a range +1200 +1800 58 71 1102.3547
a range +1200 +1800 59 75 1103.3989
a range +1200 +1800 60 74 1102.3385
a range +1200 +1800 61 66 1103.3838
a range +1200 +1800 62 65 1102.3367
a range +1200 +1800 63 69 1103.3769
a range +1200 +1800 64 68 1102.353
a range +1800 +2400 57 71 1102.3573
a range +1800 +2400 58 72 1103.3988
a range +1800 +2400 59 74 1102.3474
a range +1800 +2400 60 75 1103.3924
a range +1800 +2400 61 65 1102.3343
a range +1800 +2400 62 66 1103.3771
a range +1800 +2400 63 68 1102.3443
a range +1800 +2400 64 69 1103.3832
a range +2400 +3000 57 69 1103.3919
a range +2400 +3000 58 68 1102.3547
a range +2400 +3000 59 66 1103.3989
a range +2400 +3000 60 65 1102.3385
a range +2400 +3000 61 75 1103.3838
a range +2400 +3000 62 74 1102.3367
a range +2400 +3000 63 72 1103.3769
a range +2400 +3000 64 71 1102.353
a range +3000 +3600 57 66 1103.3919
a range +3000 +3600 58 65 1102.3547
a range +3000 +3600 59 69 1103.3989
a range +3000 +3600 60 68 1102.3385
a range +3000 +3600 61 72 1103.3838
a range +3000 +3600 62 71 1102.3367
a range +3000 +3600 63 75 1103.3769
a range +3000 +3600 64 74 1102.353
a range +3600 +4200 49 75 1103.3724
a range +3600 +4200 50 74 1102.3693
a range +3600 +4200 51 72 1103.4137
a range +3600 +4200 52 71 1102.3645
a range +3600 +4200 53 69 1103.403
a range +3600 +4200 54 68 1102.3226
a range +3600 +4200 55 66 1103.3622
a range +3600 +4200 56 65 1102.328
a range +4200 +4800 57 68 1102.3573
a range +4200 +4800 58 69 1103.3988
a range +4200 +4800 59 65 1102.3474
a range +4200 +4800 60 66 1103.3924
a range +4200 +4800 61 74 1102.3343
a range +4200 +4800 62 75 1103.3771
a range +4200 +4800 63 71 1102.3443
a range +4200 +4800 64 72 1103.3832
a range +4800 +5400 57 65 1102.3573
a range +4800 +5400 58 66 1103.3988
a range +4800 +5400 59 68 1102.3474
a range +4800 +5400 60 69 1103.3924
a range +4800 +5400 61 71 1102.3343
a range +4800 +5400 62 72 1103.3771
a range +4800 +5400 63 74 1102.3443
a range +4800 +5400 64 75 1103.3832
a range +5400 +6000 49 74 1102.3498
a range +5400 +6000 50 75 1103.3945
a range +5400 +6000 51 71 1102.3755
a range +5400 +6000 52 72 1103.4172
a range +5400 +6000 53 68 1102.3412
a range +5400 +6000 54 69 1103.3817
a range +5400 +6000 55 65 1102.3161
a range +5400 +6000 56 66 1103.3588
a range +6000 +6600 49 71 1102.3498
a range +6000 +6600 50 72 1103.3945
a range +6000 +6600 51 74 1102.3755
a range +6000 +6600 52 75 1103.4172
a range +6000 +6600 53 65 1102.3412
a range +6000 +6600 54 66 1103.3817
a range +6000 +6600 55 68 1102.3161
a range +6000 +6600 56 69 1103.3588
a range +6600 +7200 49 68 1102.3498
a range +6600 +7200 50 69 1103.3945
a range +6600 +7200 51 65 1102.3755
a range +6600 +7200 52 66 1103.4172
a range +6600 +7200 53 74 1102.3412
a range +6600 +7200 54 75 1103.3817
a range +6600 +7200 55 71 1102.3161
a range +6600 +7200 56 72 1103.3588
a range +7200 +7800 49 65 1102.3498
a range +7200 +7800 50 66 1103.3945
a range +7200 +7800 51 68 1102.3755
a range +7200 +7800 52 69 1103.4172
a range +7200 +7800 53 71 1102.3412
a range +7200 +7800 54 72 1103.3817
a range +7200 +7800 55 74 1102.3161
a range +7200 +7800 56 75 1103.3588
a range +7800 +8400 41 75 1102.2401
a range +7800 +8400 42 74 1102.1122
a range +7800 +8400 43 72 1103.0599
a range +7800 +8400 44 71 1102.3163
a range +7800 +8400 45 69 1102.7751
a range +7800 +8400 46 68 1102.3406
a range +7800 +8400 47 66 1102.4938
a range +7800 +8400 48 65 1102.3755
a range +8400 +9000 49 72 1103.3724
a range +8400 +9000 50 71 1102.3693
a range +8400 +9000 51 75 1103.4137
a range +8400 +9000 52 74 1102.3645
a range +8400 +9000 53 66 1103.403
a range +8400 +9000 54 65 1102.3226
a range +8400 +9000 55 69 1103.3622
a range +8400 +9000 56 68 1102.328
a range +9000 +9600 49 69 1103.3724
a range +9000 +9600 50 68 1102.3693
a range +9000 +9600 51 66 1103.4137
a range +9000 +9600 52 65 1102.3645
a range +9000 +9600 53 75 1103.403
a range +9000 +9600 54 74 1102.3226
a range +9000 +9600 55 72 1103.3622
a range +9000 +9600 56 71 1102.328
a range +9600 +10200 49 66 1103.3724
a range +9600 +10200 50 65 1102.3693
a range +9600 +10200 51 69 1103.4137
a range +9600 +10200 52 68 1102.3645
a range +9600 +10200 53 72 1103.403
a range +9600 +10200 54 71 1102.3226
a range +9600 +10200 55 75 1103.3622
a range +9600 +10200 56 74 1102.328
a range +10200 +10800 41 74 1102.2559
a range +10200 +10800 42 75 1103.1789
a range +10200 +10800 43 71 1102.3283
a range +10200 +10800 44 72 1102.9172
a range +10200 +10800 45 68 1102.3219
a range +10200 +10800 46 69 1102.6339
a range +10200 +10800 47 65 1102.3636
a range +10200 +10800 48 66 1102.3549
a range +10800 +11400 41 71 1102.2559
a range +10800 +11400 42 72 1103.1789
a range +10800 +11400 43 74 1102.3283
a range +10800 +11400 44 75 1102.9172
a range +10800 +11400 45 65 1102.3219
a range +10800 +11400 46 66 1102.6339
a range +10800 +11400 47 68 1102.3636
a range +10800 +11400 48 69 1102.3549
a range +11400 +12000 41 68 1102.2559
a range +11400 +12000 42 69 1103.1789
a range +11400 +12000 43 65 1102.3283
a range +11400 +12000 44 66 1102.9172
a range +11400 +12000 45 74 1102.3219
a range +11400 +12000 46 75 1102.6339
a range +11400 +12000 47 71 1102.3636
a range +11400 +12000 48 72 1102.3549
a range +12000 +12600 41 65 1102.2559
a range +12000 +12600 42 66 1103.1789
a range +12000 +12600 43 68 1102.3283
a range +12000 +12600 44 69 1102.9172
a range +12000 +12600 45 71 1102.3219
a range +12000 +12600 46 72 1102.6339
a range +12000 +12600 47 74 1102.3636
a range +12000 +12600 48 75 1102.3549
a range +12600 +13200 33 75 1103.3878
a range +12600 +13200 34 74 1102.3516
a range +12600 +13200 35 72 1103.4009
a range +12600 +13200 36 71 1102.3571
a range +12600 +13200 37 69 1103.3875
a range +12600 +13200 38 68 1102.3391
a range +12600 +13200 39 66 1103.3749
a range +12600 +13200 40 65 1102.3345
a range +13200 +13800 39 72 1103.3749
a range +13200 +13800 42 71 1102.3495
a range +13200 +13800 43 75 1103.0599
a range +13200 +13800 44 74 1102.3163
a range +13200 +13800 45 66 1102.7751
a range +13200 +13800 46 65 1102.3406
a range +13200 +13800 47 69 1102.4938
a range +13200 +13800 48 68 1102.3755
a range +13800 +14400 41 69 1103.3221
a range +13800 +14400 42 68 1102.3495
a range +13800 +14400 43 66 1103.0599
a range +13800 +14400 44 65 1102.3163
a range +13800 +14400 45 75 1102.7751
a range +13800 +14400 46 74 1102.3406
a range +13800 +14400 47 72 1102.4938
a range +13800 +14400 48 71 1102.3755
a range +14400 +15000 41 66 1103.3221
a range +14400 +15000 42 65 1102.3495
a range +14400 +15000 43 69 1103.0599
a range +14400 +15000 44 68 1102.3163
a range +14400 +15000 45 72 1102.7751
a range +14400 +15000 46 71 1102.3406
a range +14400 +15000 47 75 1102.4938
a range +14400 +15000 48 74 1102.3755
a range +15000 +15600 34 75 1103.3967
a range +15000 +15600 35 71 1102.3583
a range +15000 +15600 36 74 1102.3571
a range +15000 +15600 37 68 1102.3491
a range +15000 +15600 38 69 1103.3784
a range +15000 +15600 39 65 1102.3333
a range +15000 +15600 40 66 1103.3789
a range +15000 +15600 41 72 1103.3221
a range +15600 +16200 33 69 1103.3878
a range +15600 +16200 34 72 1103.3967
a range +15600 +16200 38 66 1103.3784
a range +15600 +16200 40 75 1103.3789
a range +16200 +16800 37 66 1103.3875
a range +16200 +16800 38 72 1103.3784
a range +16200 +16800 39 75 1103.3749
a range +16200 +16800 40 69 1103.3789
a range +16800 +17400 36 66 1103.3969
a range +16800 +17400 38 75 1103.3784
a range +16800 +17400 39 69 1103.3749
a range +16800 +17400 40 72 1103.3789
a range +17400 +18000 34 69 1103.3967
a range +17400 +18000 35 66 1103.4009
a range +17400 +18000 36 75 1103.3969
a range +17400 +18000 37 72 1103.3875
a range +18000 +18600 34 66 1103.3967
a range +18000 +18600 35 69 1103.4009
a range +18000 +18600 36 72 1103.3969
a range +18000 +18600 37 75 1103.3875
a range +18600 +19200 32 72 1103.3967
a range +18600 +19200 33 66 1103.3878
a range +18600 +19200 35 75 1103.4009
a range +18600 +19200 36 69 1103.3969
a range +19200 +19800 30 75 1103.3843
a range +19200 +19800 31 69 1103.3917
a range +19200 +19800 32 66 1103.3967
a range +19200 +19800 33 72 1103.3878
a range +19800 +20400 29 75 1103.3791
a range +19800 +20400 30 72 1103.3843
a range +19800 +20400 31 66 1103.3917
a range +19800 +20400 32 69 1103.3967
a range +20400 +21000 29 69 1103.3791
a range +20400 +21000 30 66 1103.3843
a range +20400 +21000 31 72 1103.3917
a range +20400 +21000 32 75 1103.3967
a range +21000 +21600 28 72 1103.3791
a range +21000 +21600 29 66 1103.3791
a range +21000 +21600 30 69 1103.3843
a range +21000 +21600 31 75 1103.3917
a range +21600 +22200 26 75 1103.3918
a range +21600 +22200 27 69 1103.3844
a range +21600 +22200 28 66 1103.3791
a range +21600 +22200 29 72 1103.3791
a range +22200 +22800 25 75 1103.3967
a range +22200 +22800 26 72 1103.3918
a range +22200 +22800 27 66 1103.3844
a range +22200 +22800 28 69 1103.3791
a range +22800 +23400 25 69 1103.3967
a range +22800 +23400 26 66 1103.3918
a range +22800 +23400 27 72 1103.3844
a range +22800 +23400 28 75 1103.3791
a range +23400 +24000 24 72 1103.3992
a range +23400 +24000 25 66 1103.3967
a range +23400 +24000 26 69 1103.3918
a range +23400 +24000 27 75 1103.3844
a range +24000 +24600 22 75 1103.3663
a range +24000 +24600 23 69 1103.3806
a range +24000 +24600 24 66 1103.3992
a range +24000 +24600 25 72 1103.3967
a range +24600 +25200 21 75 1103.3648
a range +24600 +25200 22 72 1103.3663
a range +24600 +25200 23 66 1103.3806
a range +24600 +25200 24 69 1103.3992
a range +25200 +25800 21 69 1103.3648
a range +25200 +25800 22 66 1103.3663
a range +25200 +25800 23 72 1103.3806
a range +25200 +25800 24 75 1103.3992
a range +25800 +26400 20 72 1103.3763
a range +25800 +26400 21 66 1103.3648
a range +25800 +26400 22 69 1103.3663
a range +25800 +26400 23 75 1103.3806
a range +26400 +27000 18 75 1103.4095
a range +26400 +27000 19 69 1103.3955
a range +26400 +27000 20 66 1103.3763
a range +26400 +27000 21 72 1103.3648
a range +27000 +27600 17 75 1103.4109
a range +27000 +27600 18 72 1103.4095
a range +27000 +27600 19 66 1103.3955
a range +27000 +27600 20 69 1103.3763
a range +27600 +28200 17 69 1103.4109
a range +27600 +28200 18 66 1103.4095
a range +27600 +28200 19 72 1103.3955
a range +27600 +28200 20 75 1103.3763
a range +28200 +28800 16 72 1103.1961
a range +28200 +28800 17 66 1103.4109
a range +28200 +28800 18 69 1103.4095
a range +28200 +28800 19 75 1103.3955
a range +28800 +29400 14 75 1103.3868
a range +28800 +29400 15 69 1103.2915
a range +28800 +29400 16 66 1103.1961
a range +28800 +29400 17 72 1103.4109
a range +29400 +30000 13 75 1103.4032
a range +29400 +30000 14 72 1103.3868
a range +29400 +30000 15 66 1103.2915
a range +29400 +30000 16 69 1103.1961
a range +30000 +30600 13 69 1103.4032
a range +30000 +30600 14 66 1103.3868
a range +30000 +30600 15 72 1103.2915
a range +30000 +30600 16 75 1103.1961
a range +30000 +30600 61 76 1104.7647
a range +30000 +30600 62 73 1104.7633
a range +30000 +30600 63 70 1104.7687
a range +30000 +30600 64 67 1104.7778
a range +30600 +31200 12 72 1103.3864
a range +30600 +31200 13 66 1103.4032
a range +30600 +31200 14 69 1103.3868
a range +30600 +31200 15 75 1103.2915
a range +30600 +31200 61 73 1104.7647
a range +30600 +31200 62 76 1104.7633
a range +30600 +31200 63 67 1104.7687
a range +30600 +31200 64 70 1104.7778
a range +31200 +31800 9 75 1103.101
a range +31200 +31800 10 69 1103.0057
a range +31200 +31800 12 66 1103.3864
a range +31200 +31800 13 72 1103.4032
a range +31200 +31800 61 70 1104.7647
a range +31200 +31800 62 67 1104.7633
a range +31200 +31800 63 76 1104.7687
a range +31200 +31800 64 73 1104.7778
a range +31800 +32400 9 72 1103.101
a range +31800 +32400 10 75 1103.0057
a range +31800 +32400 11 66 1103.3707
a range +31800 +32400 12 69 1103.3864
a range +31800 +32400 61 67 1104.7647
a range +31800 +32400 62 70 1104.7633
a range +31800 +32400 63 73 1104.7687
a range +31800 +32400 64 76 1104.7778
a range +32400 +33000 8 72 1103.3926
a range +32400 +33000 9 66 1103.101
a range +32400 +33000 11 69 1103.3707
a range +32400 +33000 12 75 1103.3864
a range +32400 +33000 57 76 1104.785
a range +32400 +33000 58 73 1104.7863
a range +32400 +33000 59 70 1104.7811
a range +32400 +33000 60 67 1104.7717
a range +33000 +33600 7 75 1103.3845
a range +33000 +33600 8 66 1103.3926
a range +33000 +33600 9 69 1103.101
a range +33000 +33600 11 72 1103.3707
a range +33000 +33600 57 73 1104.785
a range +33000 +33600 58 76 1104.7863
a range +33000 +33600 59 67 1104.7811
a range +33000 +33600 60 70 1104.7717
a range +33600 +34200 6 72 1103.3787
a range +33600 +34200 7 66 1103.3845
a range +33600 +34200 8 69 1103.3926
a range +33600 +34200 11 75 1103.3707
a range +33600 +34200 57 70 1104.785
a range +33600 +34200 58 67 1104.7863
a range +33600 +34200 59 76 1104.7811
a range +33600 +34200 60 73 1104.7717
a range +34200 +34800 6 69 1103.3787
a range +34200 +34800 7 72 1103.3845
a range +34200 +34800 8 75 1103.3926
a range +34200 +34800 10 66 1103.3644
a range +34200 +34800 57 67 1104.785
a range +34200 +34800 58 70 1104.7863
a range +34200 +34800 59 73 1104.7811
a range +34200 +34800 60 76 1104.7717
a range +34800 +35400 5 75 1103.3783
a range +34800 +35400 6 66 1103.3787
a range +34800 +35400 7 69 1103.3845
a range +34800 +35400 10 72 1103.3644
a range +34800 +35400 53 76 1104.7563
a range +34800 +35400 54 73 1104.7452
a range +34800 +35400 55 70 1104.7508
a range +34800 +35400 56 67 1104.7711
a range +35400 +36000 3 72 1103.3907
a range +35400 +36000 4 69 1103.3832
a range +35400 +36000 5 66 1103.3783
a range +35400 +36000 6 75 1103.3787
a range +35400 +36000 53 73 1104.7563
a range +35400 +36000 54 76 1104.7452
a range +35400 +36000 55 67 1104.7508
a range +35400 +36000 56 70 1104.7711
a range +36000 +36600 2 72 1103.3969
a range +36000 +36600 3 75 1103.3907
a range +36000 +36600 4 66 1103.3832
a range +36000 +36600 5 69 1103.3783
a range +36000 +36600 53 70 1104.7563
a range +36000 +36600 54 67 1104.7452
a range +36000 +36600 55 76 1104.7508
a range +36000 +36600 56 73 1104.7711
a range +36600 +37200 2 69 1103.3969
a range +36600 +37200 3 66 1103.3907
a range +36600 +37200 4 75 1103.3832
a range +36600 +37200 5 72 1103.3783
a range +36600 +37200 53 67 1104.7563
a range +36600 +37200 54 70 1104.7452
a range +36600 +37200 55 73 1104.7508
a range +36600 +37200 56 76 1104.7711
a range +37200 +37800 1 75 1103.3976
a range +37200 +37800 2 66 1103.3969
a range +37200 +37800 49 76 1104.793
a range +37200 +37800 50 73 1104.8046
a range +37200 +37800 51 70 1104.7988
a range +37200 +37800 52 67 1104.7797
a range +37800 +38400 1 66 1103.3976
a range +37200 +38400 3 69 1103.3907
a range +37200 +38400 4 72 1103.3832
a range +37800 +38400 49 73 1104.793
a range +37800 +38400 50 76 1104.8046
a range +37800 +38400 51 67 1104.7988
a range +37800 +38400 52 70 1104.7797
a range +38400 +39000 1 72 1103.3976
a range +37800 +39000 2 75 1103.3969
a range +38400 +39000 3 66 1103.3907
a range +38400 +39000 49 70 1104.793
a range +38400 +39000 50 67 1104.8046
a range +38400 +39000 51 76 1104.7988
a range +38400 +39000 52 73 1104.7797
a range +38400 +39000 64 69 1103.3832
a range +39000 +39600 2 66 1103.3969
a range +39000 +39600 49 67 1104.793
a range +39000 +39600 50 70 1104.8046
a range +39000 +39600 51 73 1104.7988
a range +39000 +39600 52 76 1104.7797
a range +39000 +39600 63 75 1103.3769
a range +39000 +39600 64 72 1103.3832
a range +39000 +40200 1 69 1103.3976
a range +39600 +40200 4 66 1103.3832
a range +39600 +40200 45 76 1103.8585
a range +39600 +40200 46 73 1103.7201
a range +39600 +40200 47 70 1103.5829
a range +39600 +40200 48 67 1103.4468
a range +39600 +40200 63 72 1103.3769
a range +39600 +40200 64 75 1103.3832
a range +40200 +40800 1 72 1103.3976
a range +40200 +40800 45 73 1103.8585
a range +40200 +40800 46 76 1103.7201
a range +40200 +40800 47 67 1103.5829
a range +40200 +40800 48 70 1103.4468
a range +40200 +40800 62 75 1103.3771
a range +40200 +40800 63 69 1103.3769
a range +40200 +40800 64 66 1103.3832
a range +40800 +41400 1 75 1103.3976
a range +40800 +41400 45 70 1103.8585
a range +40800 +41400 46 67 1103.7201
a range +40800 +41400 47 76 1103.5829
a range +40800 +41400 48 73 1103.4468
a range +40800 +41400 61 72 1103.3838
a range +40800 +41400 62 69 1103.3771
a range +40800 +41400 63 66 1103.3769
a range +41400 +42000 1 66 1103.3976
a range +41400 +42000 45 67 1103.8585
a range +41400 +42000 46 70 1103.7201
a range +41400 +42000 47 73 1103.5829
a range +41400 +42000 48 76 1103.4468
a range +41400 +42000 60 75 1103.3924
a range +41400 +42000 61 69 1103.3838
a range +41400 +42000 62 72 1103.3771
a range +42000 +42600 5 69 1103.3783
a range +42000 +42600 41 76 1104.3991
a range +42000 +42600 42 73 1104.2567
a range +42000 +42600 43 70 1104.1388
a range +42000 +42600 44 67 1103.9981
a range +42000 +42600 60 72 1103.3924
a range +42000 +42600 61 75 1103.3838
a range +42000 +42600 62 66 1103.3771
a range +42600 +43200 41 73 1104.3991
a range +42600 +43200 42 76 1104.2567
a range +42600 +43200 43 67 1104.1388
a range +42600 +43200 44 70 1103.9981
a range +43200 +43800 41 70 1104.3991
a range +43200 +43800 42 67 1104.2567
a range +43200 +43800 43 76 1104.1388
a range +43200 +43800 44 73 1103.9981
a range +43800 +44400 41 67 1104.3991
a range +43800 +44400 42 70 1104.2567
a range +43800 +44400 43 73 1104.1388
a range +43800 +44400 44 76 1103.9981
a range +44400 +45000 37 76 1104.7672
a range +44400 +45000 38 73 1104.7768
a range +44400 +45000 39 70 1104.7849
a range +44400 +45000 40 67 1104.7876
a range +45000 +45600 37 73 1104.7672
a range +45000 +45600 38 76 1104.7768
a range +45000 +45600 39 67 1104.7849
a range +45000 +45600 40 70 1104.7876
a range +45600 +46200 37 70 1104.7672
a range +45600 +46200 38 67 1104.7768
a range +45600 +46200 39 76 1104.7849
a range +45600 +46200 40 73 1104.7876
a range +46200 +46800 37 67 1104.7672
a range +46200 +46800 38 70 1104.7768
a range +46200 +46800 39 73 1104.7849
a range +46200 +46800 40 76 1104.7876
a range +46800 +47400 33 76 1104.7829
a range +46800 +47400 34 73 1104.7739
a range +46800 +47400 35 70 1104.7649
a range +46800 +47400 36 67 1104.7621
a range +47400 +48000 33 73 1104.7829
a range +47400 +48000 34 76 1104.7739
a range +47400 +48000 35 67 1104.7649
a range +47400 +48000 36 70 1104.7621
a range +48000 +48600 33 70 1104.7829
a range +48000 +48600 34 67 1104.7739
a range +48000 +48600 35 76 1104.7649
a range +48000 +48600 36 73 1104.7621
a range +48600 +49200 33 67 1104.7829
a range +48600 +49200 34 70 1104.7739
a range +48600 +49200 35 73 1104.7649
a range +48600 +49200 36 76 1104.7621
a range +49200 +49800 29 76 1104.7832
a range +49200 +49800 30 73 1104.7774
a range +49200 +49800 31 70 1104.77
a range +49200 +49800 32 67 1104.7656
a range +49800 +50400 29 73 1104.7832
a range +49800 +50400 30 76 1104.7774
a range +49800 +50400 31 67 1104.77
a range +49800 +50400 32 70 1104.7656
a range +50400 +51000 29 70 1104.7832
a range +50400 +51000 30 67 1104.7774
a range +50400 +51000 31 76 1104.77
a range +50400 +51000 32 73 1104.7656
a range +51000 +51600 29 67 1104.7832
a range +51000 +51600 30 70 1104.7774
a range +51000 +51600 31 73 1104.77
a range +51000 +51600 32 76 1104.7656
a range +51600 +52200 25 76 1104.7664
a range +51600 +52200 26 73 1104.7719
a range +51600 +52200 27 70 1104.7794
a range +51600 +52200 28 67 1104.7841
a range +52200 +52800 25 73 1104.7664
a range +52200 +52800 26 76 1104.7719
a range +52200 +52800 27 67 1104.7794
a range +52200 +52800 28 70 1104.7841
a range +52200 +52800 37 74 1105.0698
a range +52200 +52800 38 65 1105.069
a range +52200 +52800 39 71 1105.062
a range +52200 +52800 40 68 1105.0519
a range +52800 +53400 25 70 1104.7664
a range +52800 +53400 26 67 1104.7719
a range +52800 +53400 27 76 1104.7794
a range +52800 +53400 28 73 1104.7841
a range +52800 +53400 37 65 1105.0698
a range +52800 +53400 38 74 1105.069
a range +52800 +53400 39 68 1105.062
a range +52800 +53400 40 71 1105.0519
a range +53400 +54000 25 67 1104.7664
a range +53400 +54000 26 70 1104.7719
a range +53400 +54000 27 73 1104.7794
a range +53400 +54000 28 76 1104.7841
a range +53400 +54000 35 68 1105.0531
a range +53400 +54000 36 65 1105.0633
a range +53400 +54000 38 71 1105.069
a range +53400 +54000 40 74 1105.0519
a range +54000 +54600 21 76 1104.7925
a range +54000 +54600 22 73 1104.7771
a range +54000 +54600 23 70 1104.759
a range +54000 +54600 24 67 1104.7508
a range +54000 +54600 35 65 1105.0531
a range +54000 +54600 36 68 1105.0633
a range +54000 +54600 37 71 1105.0698
a range +54000 +54600 39 74 1105.062
a range +54600 +55200 21 73 1104.7925
a range +54600 +55200 22 76 1104.7771
a range +54600 +55200 23 67 1104.759
a range +54600 +55200 24 70 1104.7508
a range +54600 +55200 32 71 1105.0598
a range +54600 +55200 33 68 1105.0456
a range +54600 +55200 34 65 1105.0458
a range +54600 +55200 35 74 1105.0531
a range +55200 +55800 21 70 1104.7925
a range +55200 +55800 22 67 1104.7771
a range +55200 +55800 23 76 1104.759
a range +55200 +55800 24 73 1104.7508
a range +55200 +55800 31 71 1105.0526
a range +55200 +55800 32 74 1105.0598
a range +55200 +55800 33 65 1105.0456
a range +55200 +55800 34 68 1105.0458
a range +55800 +56400 21 67 1104.7925
a range +55800 +56400 22 70 1104.7771
a range +55800 +56400 23 73 1104.759
a range +55800 +56400 24 76 1104.7508
a range +55800 +56400 31 68 1105.0526
a range +55800 +56400 32 65 1105.0598
a range +55800 +56400 33 74 1105.0456
a range +55800 +56400 34 71 1105.0458
a range +56400 +57000 17 76 1104.7569
a range +56400 +57000 18 73 1104.7727
a range +56400 +57000 19 70 1104.7904
a range +56400 +57000 20 67 1104.7989
a range +56400 +57000 30 74 1105.0482
a range +56400 +57000 31 65 1105.0526
a range +56400 +57000 32 68 1105.0598
a range +56400 +57000 33 71 1105.0456
a range +57000 +57600 17 73 1104.7569
a range +57000 +57600 18 76 1104.7727
a range +57000 +57600 19 67 1104.7904
a range +57000 +57600 20 70 1104.7989
a range +57000 +57600 28 71 1105.0553
a range +57000 +57600 29 68 1105.0495
a range +57000 +57600 30 65 1105.0482
a range +57000 +57600 31 74 1105.0526
a range +57600 +58200 17 70 1104.7569
a range +57600 +58200 18 67 1104.7727
a range +57600 +58200 19 76 1104.7904
a range +57600 +58200 20 73 1104.7989
a range +57600 +58200 27 71 1105.0629
a range +57600 +58200 28 74 1105.0553
a range +57600 +58200 29 65 1105.0495
a range +57600 +58200 30 68 1105.0482
a range +58200 +58800 17 67 1104.7569
a range +58200 +58800 18 70 1104.7727
a range +58200 +58800 19 73 1104.7904
a range +58200 +58800 20 76 1104.7989
a range +58200 +58800 27 68 1105.0629
a range +58200 +58800 28 65 1105.0553
a range +58200 +58800 29 74 1105.0495
a range +58200 +58800 30 71 1105.0482
a range +58800 +59400 13 76 1104.2262
a range +58800 +59400 14 73 1104.132
a range +58800 +59400 15 70 1104.0382
a range +58800 +59400 16 67 1104.7018
a range +58800 +59400 26 74 1105.0671
a range +58800 +59400 27 65 1105.0629
a range +58800 +59400 28 68 1105.0553
a range +58800 +59400 29 71 1105.0495
a range +59400 +60000 12 76 1104.321
a range +59400 +60000 13 73 1104.2262
a range +59400 +60000 14 67 1104.132
a range +59400 +60000 16 70 1104.7018
a range +59400 +60000 24 71 1105.072
a range +59400 +60000 25 68 1105.0656
a range +59400 +60000 26 65 1105.0671
a range +59400 +60000 27 74 1105.0629
a range +60000 +60600 12 73 1104.321
a range +60000 +60600 13 67 1104.2262
a range +60000 +60600 14 70 1104.132
a range +60000 +60600 16 76 1104.7018
a range +60000 +60600 23 71 1105.0538
a range +60000 +60600 24 74 1105.072
a range +60000 +60600 25 65 1105.0656
a range +60000 +60600 26 68 1105.0671
a range +60600 +61200 12 67 1104.321
a range +60600 +61200 13 70 1104.2262
a range +60600 +61200 14 76 1104.132
a range +60600 +61200 16 73 1104.7018
a range +60600 +61200 23 68 1105.0538
a range +60600 +61200 24 65 1105.072
a range +60600 +61200 25 74 1105.0656
a range +60600 +61200 26 71 1105.0671
a range +61200 +61800 10 76 1104.5113
a range +61200 +61800 11 73 1104.4161
a range +61200 +61800 12 70 1104.321
a range +61200 +61800 15 67 1104.7971
a range +61200 +61800 22 74 1105.0377
a range +61200 +61800 23 65 1105.0538
a range +61200 +61800 24 68 1105.072
a range +61200 +61800 25 71 1105.0656
a range +61800 +62400 9 76 1104.6067
a range +61800 +62400 10 70 1104.5113
a range +61800 +62400 11 67 1104.4161
a range +61800 +62400 15 73 1104.7971
a range +61800 +62400 20 71 1105.043
a range +61800 +62400 21 68 1105.0337
a range +61800 +62400 22 65 1105.0377
a range +61800 +62400 23 74 1105.0538
a range +62400 +63000 9 73 1104.6067
a range +62400 +63000 10 67 1104.5113
a range +62400 +63000 11 70 1104.4161
a range +62400 +63000 15 76 1104.7971
a range +62400 +63000 19 71 1105.0617
a range +62400 +63000 20 74 1105.043
a range +62400 +63000 21 65 1105.0337
a range +62400 +63000 22 68 1105.0377
a range +63000 +63600 8 70 1104.7812
a range +63000 +63600 9 67 1104.6067
a range +63000 +63600 10 73 1104.5113
a range +63000 +63600 11 76 1104.4161
a range +63000 +63600 19 68 1105.0617
a range +63000 +63600 20 65 1105.043
a range +63000 +63600 21 74 1105.0337
a range +63000 +63600 22 71 1105.0377
a range +63600 +64200 6 76 1104.7669
a range +63600 +64200 7 73 1104.7735
a range +63600 +64200 8 67 1104.7812
a range +63600 +64200 9 70 1104.6067
a range +63600 +64200 18 74 1105.0774
a range +63600 +64200 19 65 1105.0617
a range +63600 +64200 20 68 1105.043
a range +63600 +64200 21 71 1105.0337
a range +64200 +64800 5 76 1104.7649
a range +64200 +64800 6 70 1104.7669
a range +64200 +64800 7 67 1104.7735
a range +64200 +64800 8 73 1104.7812
a range +64200 +64800 16 71 1104.6829
a range +64200 +64800 17 68 1105.0814
a range +64200 +64800 18 65 1105.0774
a range +64200 +64800 19 74 1105.0617
a range +64800 +65400 5 73 1104.7649
a range +64800 +65400 6 67 1104.7669
a range +64800 +65400 7 70 1104.7735
a range +64800 +65400 8 76 1104.7812
a range +64800 +65400 15 71 1104.7753
a range +64800 +65400 16 74 1104.6829
a range +64800 +65400 17 65 1105.0814
a range +64800 +65400 18 68 1105.0774
a range +65400 +66000 4 70 1104.7684
a range +65400 +66000 5 67 1104.7649
a range +65400 +66000 6 73 1104.7669
a range +65400 +66000 7 76 1104.7735
a range +65400 +66000 15 68 1104.7753
a range +65400 +66000 16 65 1104.6829
a range +65400 +66000 17 74 1105.0814
a range +65400 +66000 18 71 1105.0774
a range +66000 +66600 2 76 1104.7826
a range +66000 +66600 3 73 1104.7756
a range +66000 +66600 4 67 1104.7684
a range +66000 +66600 5 70 1104.7649
a range +66000 +66600 14 74 1104.8928
a range +66000 +66600 15 65 1104.7753
a range +66000 +66600 16 68 1104.6829
a range +66000 +66600 17 71 1105.0814
a range +66600 +67200 1 76 1104.7848
a range +66600 +67200 2 70 1104.7826
a range +66600 +67200 3 67 1104.7756
a range +66600 +67200 4 73 1104.7684
a range +66600 +67200 11 71 1104.4086
a range +66600 +67200 13 68 1104.9865
a range +66600 +67200 14 65 1104.8928
a range +66600 +67200 15 74 1104.7753
a range +67200 +67800 1 73 1104.7848
a range +67200 +67800 2 67 1104.7826
a range +67200 +67800 10 71 1104.4995
a range +67200 +67800 11 74 1104.4086
a range +67200 +67800 13 65 1104.9865
a range +67200 +67800 14 68 1104.8928
a range +67800 +68400 1 67 1104.7848
a range +67200 +68400 3 70 1104.7756
a range +67200 +68400 4 76 1104.7684
a range +67800 +68400 10 68 1104.4995
a range +67800 +68400 11 65 1104.4086
a range +67800 +68400 13 74 1104.9865
a range +67800 +68400 14 71 1104.8928
a range +67800 +69000 2 73 1104.7826
a range +68400 +69000 4 67 1104.7684
a range +68400 +69000 10 74 1104.4995
a range +68400 +69000 11 68 1104.4086
a range +68400 +69000 12 65 1105.0807
a range +68400 +69000 13 71 1104.9865
a range +68400 +69600 1 70 1104.7848
a range +69000 +69600 2 67 1104.7826
a range +68400 +69600 3 76 1104.7756
a range +69000 +69600 8 74 1105.0545
a range +69000 +69600 9 71 1104.5911
a range +69000 +69600 10 65 1104.4995
a range +69000 +69600 12 68 1105.0807
a range +69000 +69600 64 73 1104.7778
a range +69600 +70200 1 67 1104.7848
a range +69600 +70200 7 74 1105.0624
a range +69600 +70200 8 68 1105.0545
a range +69600 +70200 9 65 1104.5911
a range +69600 +70200 12 71 1105.0807
a range +69600 +70200 62 76 1104.7633
a range +69600 +70200 63 73 1104.7687
a range +69600 +70200 64 70 1104.7778
a range +70200 +70800 1 76 1104.7848
a range +70200 +70800 7 71 1105.0624
a range +70200 +70800 8 65 1105.0545
a range +70200 +70800 9 68 1104.5911
a range +70200 +70800 12 74 1105.0807
a range +70200 +70800 62 73 1104.7633
a range +70200 +70800 63 70 1104.7687
a range +70200 +70800 64 67 1104.7778
a range +70800 +71400 1 73 1104.7848
a range +70800 +71400 6 68 1105.0672
a range +70800 +71400 7 65 1105.0624
a range +70800 +71400 8 71 1105.0545
a range +70800 +71400 9 74 1104.5911
a range +70800 +71400 62 70 1104.7633
a range +70800 +71400 63 67 1104.7687
a range +70800 +71400 64 76 1104.7778
a range +71400 +72000 3 73 1104.7756
a range +71400 +72000 4 74 1105.0608
a range +71400 +72000 5 71 1105.0665
a range +71400 +72000 6 65 1105.0672
a range +71400 +72000 7 68 1105.0624
a range +71400 +72000 61 70 1104.7647
a range +71400 +72000 62 67 1104.7633
a range +71400 +72000 63 76 1104.7687
a range +72000 +72600 2 74 1105.0481
a range +72000 +72600 3 67 1104.7756
a range +72000 +72600 4 68 1105.0608
a range +72000 +72600 5 65 1105.0665
a range +72000 +72600 6 71 1105.0672
a range +72000 +72600 59 76 1104.7811
a range +72000 +72600 60 70 1104.7717
a range +72000 +72600 61 73 1104.7647
a range +72600 +73200 2 71 1105.0481
a range +72600 +73200 4 65 1105.0608
a range +72600 +73200 5 68 1105.0665
a range +72600 +73200 6 74 1105.0672
a range +72600 +73200 7 67 1104.7735
a range +72600 +73200 59 70 1104.7811
a range +72600 +73200 60 73 1104.7717
a range +72600 +73200 61 76 1104.7647
a range +73200 +73800 2 68 1105.0481
a range +73200 +73800 3 65 1105.0533
a range +73200 +73800 5 74 1105.0665
a range +73200 +73800 8 70 1104.7812
a range +73200 +73800 59 73 1104.7811
a range +73200 +73800 60 76 1104.7717
a range +73200 +73800 61 67 1104.7647
a range +73800 +74400 1 74 1105.0486
a range +73800 +74400 3 68 1105.0533
a range +73200 +74400 4 71 1105.0608
a range +73800 +74400 6 70 1104.7669
a range +73800 +74400 57 76 1104.785
a range +73800 +74400 58 73 1104.7863
a range +73800 +74400 60 67 1104.7717
a range +74400 +75000 1 71 1105.0486
a range +73800 +75000 2 65 1105.0481
a range +74400 +75000 3 74 1105.0533
a range +74400 +75000 5 70 1104.7649
a range +74400 +75000 57 73 1104.785
a range +74400 +75000 58 76 1104.7863
a range +74400 +75000 59 67 1104.7811
a range +74400 +75000 64 68 1105.0694
a range +75000 +75600 1 68 1105.0486
a range +75000 +75600 4 73 1104.7684
a range +75000 +75600 56 76 1104.7711
a range +75000 +75600 57 70 1104.785
a range +75000 +75600 58 67 1104.7863
a range +75000 +75600 63 65 1105.0674
a range +75000 +75600 64 74 1105.0694
a range +75000 +76200 3 71 1105.0533
a range +75600 +76200 5 76 1104.7649
a range +75600 +76200 56 73 1104.7711
a range +75600 +76200 57 67 1104.785
a range +75600 +76200 58 70 1104.7863
a range +75600 +76200 62 74 1105.0598
a range +75600 +76200 63 68 1105.0674
a range +75600 +76800 1 65 1105.0486
a range +76200 +76800 5 67 1104.7649
a range +76200 +76800 54 76 1104.7452
a range +76200 +76800 55 73 1104.7508
a range +76200 +76800 56 70 1104.7711
a range +76200 +76800 62 68 1105.0598
a range +76200 +76800 63 74 1105.0674
a range +76200 +76800 64 71 1105.0694
a range +76800 +77400 53 76 1104.7563
a range +76800 +77400 54 73 1104.7452
a range +76800 +77400 55 70 1104.7508
a range +76800 +77400 56 67 1104.7711
a range +76800 +77400 60 74 1105.0459
a range +76800 +77400 61 68 1105.0506
a range +76800 +77400 63 71 1105.0674
a range +76800 +77400 64 65 1105.0694
a range +77400 +78000 52 76 1104.7797
a range +77400 +78000 53 73 1104.7563
a range +77400 +78000 54 70 1104.7452
a range +77400 +78000 55 67 1104.7508
a range +77400 +78000 59 74 1105.0478
a range +77400 +78000 60 68 1105.0459
a range +77400 +78000 61 71 1105.0506
a range +77400 +78000 62 65 1105.0598
a range +78000 +78600 52 73 1104.7797
a range +78000 +78600 53 70 1104.7563
a range +78000 +78600 54 67 1104.7452
a range +78000 +78600 55 76 1104.7508
a range +78000 +78600 59 68 1105.0478
a range +78000 +78600 60 65 1105.0459
a range +78000 +78600 61 74 1105.0506
a range +78000 +78600 62 71 1105.0598
a range +78600 +79200 51 75 1105.0454
a range +78600 +79200 54 68 1105.0539
a range +78600 +79200 55 74 1105.0769
a range +78600 +79200 56 69 1105.0949
a range +78600 +79200 57 72 1105.0718
a range +78600 +79200 58 66 1105.0623
a range +78600 +79200 60 71 1105.0459
a range +78600 +79200 61 65 1105.0506
a range +79200 +79800 52 75 1105.0349
a range +79200 +79800 53 74 1105.0348
a range +79200 +79800 54 71 1105.0539
a range +79200 +79800 55 68 1105.0769
a range +79200 +79800 56 72 1105.0949
a range +79200 +79800 57 66 1105.0718
a range +79200 +79800 58 69 1105.0623
a range +79200 +79800 59 65 1105.0478
a range +79800 +80400 53 68 1105.0348
a range +79800 +80400 54 74 1105.0539
a range +79800 +80400 55 65 1105.0769
a range +79800 +80400 57 75 1105.0718
a range +79800 +80400 58 72 1105.0623
a range +79800 +80400 59 71 1105.0478
a range +79800 +80400 60 69 1105.0531
a range +79800 +80400 61 66 1105.0578
a range +80400 +81000 53 71 1105.0348
a range +80400 +81000 54 75 1105.0611
a range +80400 +81000 55 72 1105.0841
a range +80400 +81000 56 74 1105.0876
a range +80400 +81000 57 68 1105.0646
a range +80400 +81000 58 65 1105.0551
a range +80400 +81000 59 69 1105.0551
a range +80400 +81000 60 66 1105.0531
a range +81000 +81600 52 74 1105.0277
a range +81000 +81600 53 75 1105.0421
a range +81000 +81600 54 72 1105.0611
a range +81000 +81600 55 69 1105.0841
a range +81000 +81600 56 71 1105.0876
a range +81000 +81600 57 65 1105.0646
a range +81000 +81600 58 68 1105.0551
a range +81000 +81600 59 66 1105.0551
a range +81600 +82200 52 68 1105.0277
a range +81600 +82200 53 72 1105.0421
a range +81600 +82200 54 69 1105.0611
a range +81600 +82200 55 66 1105.0841
a range +81600 +82200 56 65 1105.0876
a range +81600 +82200 57 74 1105.0646
a range +81600 +82200 58 71 1105.0551
a range +81600 +82200 59 75 1105.0551
a range +82200 +82800 52 66 1105.0349
a range +82200 +82800 53 69 1105.0421
a range +82200 +82800 54 65 1105.0539
a range +82200 +82800 55 75 1105.0841
a range +82200 +82800 56 68 1105.0876
a range +82200 +82800 57 71 1105.0646
a range +82200 +82800 58 74 1105.0551
a range +82200 +82800 59 72 1105.0551
a range +82800 +83400 50 74 1105.061
a range +82800 +83400 51 68 1105.0382
a range +82800 +83400 52 72 1105.0349
a range +82800 +83400 53 65 1105.0348
a range +82800 +83400 55 71 1105.0769
a range +82800 +83400 56 66 1105.0949
a range +82800 +83400 57 69 1105.0718
a range +82800 +83400 58 75 1105.0623
a range +83400 +84000 47 74 1105.0361
a range +83400 +84000 48 72 1105.0351
a range +83400 +84000 49 71 1105.0807
a range +83400 +84000 50 68 1105.061
a range +83400 +84000 51 69 1105.0454
a range +83400 +84000 52 65 1105.0277
a range +83400 +84000 54 66 1105.0611
a range +83400 +84000 56 75 1105.0949
a range +84000 +84600 46 75 1105.065
a range +84000 +84600 47 72 1105.0434
a range +84000 +84600 48 74 1105.0279
a range +84000 +84600 49 68 1105.0807
a range +84000 +84600 50 71 1105.061
a range +84000 +84600 51 65 1105.0382
a range +84000 +84600 52 69 1105.0349
a range +84000 +84600 53 66 1105.0421
a range +84600 +85200 45 74 1105.078
a range +84600 +85200 46 72 1105.065
a range +84600 +85200 47 75 1105.0434
a range +84600 +85200 48 68 1105.0279
a range +84600 +85200 49 69 1105.088
a range +84600 +85200 50 65 1105.061
a range +84600 +85200 51 66 1105.0454
a range +84600 +85200 52 71 1105.0277
a range +85200 +85800 44 75 1105.072
a range +85200 +85800 45 72 1105.0853
a range +85200 +85800 46 74 1105.0578
a range +85200 +85800 47 68 1105.0361
a range +85200 +85800 48 69 1105.0351
a range +85200 +85800 49 65 1105.0807
a range +85200 +85800 50 66 1105.0682
a range +85200 +85800 51 71 1105.0382
a range +85800 +86400 43 74 1105.0788
a range +85800 +86400 45 75 1105.0853
a range +85800 +86400 46 68 1105.0578
a range +85800 +86400 47 71 1105.0361
a range +85800 +86400 48 65 1105.0279
a range +85800 +86400 49 66 1105.088
a range +85800 +86400 50 69 1105.0682
a range +85800 +86400 51 72 1105.0454
