a contact +0 +600 2057 9011 50
a contact +0 +600 2058 9010 50
a contact +0 +600 2059 9008 50
a contact +0 +600 2060 9007 50
a contact +0 +600 2061 9005 50
a contact +0 +600 2062 9004 50
a contact +0 +600 2063 9002 50
a contact +0 +600 2064 9001 50
a contact +600 +1200 2057 9010 50
a contact +600 +1200 2058 9011 50
a contact +600 +1200 2059 9007 50
a contact +600 +1200 2060 9008 50
a contact +600 +1200 2061 9004 50
a contact +600 +1200 2062 9005 50
a contact +600 +1200 2063 9001 50
a contact +600 +1200 2064 9002 50
a contact +1200 +1800 2057 9008 50
a contact +1200 +1800 2058 9007 50
a contact +1200 +1800 2059 9011 50
a contact +1200 +1800 2060 9010 50
a contact +1200 +1800 2061 9002 50
a contact +1200 +1800 2062 9001 50
a contact +1200 +1800 2063 9005 50
a contact +1200 +1800 2064 9004 50
a contact +1800 +2400 2057 9007 50
a contact +1800 +2400 2058 9008 50
a contact +1800 +2400 2059 9010 50
a contact +1800 +2400 2060 9011 50
a contact +1800 +2400 2061 9001 50
a contact +1800 +2400 2062 9002 50
a contact +1800 +2400 2063 9004 50
a contact +1800 +2400 2064 9005 50
a contact +2400 +3000 2057 9005 50
a contact +2400 +3000 2058 9004 50
a contact +2400 +3000 2059 9002 50
a contact +2400 +3000 2060 9001 50
a contact +2400 +3000 2061 9011 50
a contact +2400 +3000 2062 9010 50
a contact +2400 +3000 2063 9008 50
a contact +2400 +3000 2064 9007 50
a contact +3000 +3600 2057 9002 50
a contact +3000 +3600 2058 9001 50
a contact +3000 +3600 2059 9005 50
a contact +3000 +3600 2060 9004 50
a contact +3000 +3600 2061 9008 50
a contact +3000 +3600 2062 9007 50
a contact +3000 +3600 2063 9011 50
a contact +3000 +3600 2064 9010 50
a contact +3600 +4200 2049 9011 50
a contact +3600 +4200 2050 9010 50
a contact +3600 +4200 2051 9008 50
a contact +3600 +4200 2052 9007 50
a contact +3600 +4200 2053 9005 50
a contact +3600 +4200 2054 9004 50
a contact +3600 +4200 2055 9002 50
a contact +3600 +4200 2056 9001 50
a contact +4200 +4800 2057 9004 50
a contact +4200 +4800 2058 9005 50
a contact +4200 +4800 2059 9001 50
a contact +4200 +4800 2060 9002 50
a contact +4200 +4800 2061 9010 50
a contact +4200 +4800 2062 9011 50
a contact +4200 +4800 2063 9007 50
a contact +4200 +4800 2064 9008 50
a contact +4800 +5400 2057 9001 50
a contact +4800 +5400 2058 9002 50
a contact +4800 +5400 2059 9004 50
a contact +4800 +5400 2060 9005 50
a contact +4800 +5400 2061 9007 50
a contact +4800 +5400 2062 9008 50
a contact +4800 +5400 2063 9010 50
a contact +4800 +5400 2064 9011 50
a contact +5400 +6000 2049 9010 50
a contact +5400 +6000 2050 9011 50
a contact +5400 +6000 2051 9007 50
a contact +5400 +6000 2052 9008 50
a contact +5400 +6000 2053 9004 50
a contact +5400 +6000 2054 9005 50
a contact +5400 +6000 2055 9001 50
a contact +5400 +6000 2056 9002 50
a contact +6000 +6600 2049 9007 50
a contact +6000 +6600 2050 9008 50
a contact +6000 +6600 2051 9010 50
a contact +6000 +6600 2052 9011 50
a contact +6000 +6600 2053 9001 50
a contact +6000 +6600 2054 9002 50
a contact +6000 +6600 2055 9004 50
a contact +6000 +6600 2056 9005 50
a contact +6600 +7200 2049 9004 50
a contact +6600 +7200 2050 9005 50
a contact +6600 +7200 2051 9001 50
a contact +6600 +7200 2052 9002 50
a contact +6600 +7200 2053 9010 50
a contact +6600 +7200 2054 9011 50
a contact +6600 +7200 2055 9007 50
a contact +6600 +7200 2056 9008 50
a contact +7200 +7800 2049 9001 50
a contact +7200 +7800 2050 9002 50
a contact +7200 +7800 2051 9004 50
a contact +7200 +7800 2052 9005 50
a contact +7200 +7800 2053 9007 50
a contact +7200 +7800 2054 9008 50
a contact +7200 +7800 2055 9010 50
a contact +7200 +7800 2056 9011 50
a contact +7800 +8400 2041 9011 50
a contact +7800 +8400 2042 9010 50
a contact +7800 +8400 2043 9008 50
a contact +7800 +8400 2044 9007 50
a contact +7800 +8400 2045 9005 50
a contact +7800 +8400 2046 9004 50
a contact +7800 +8400 2047 9002 50
a contact +7800 +8400 2048 9001 50
a contact +8400 +9000 2049 9008 50
a contact +8400 +9000 2050 9007 50
a contact +8400 +9000 2051 9011 50
a contact +8400 +9000 2052 9010 50
a contact +8400 +9000 2053 9002 50
a contact +8400 +9000 2054 9001 50
a contact +8400 +9000 2055 9005 50
a contact +8400 +9000 2056 9004 50
a contact +9000 +9600 2049 9005 50
a contact +9000 +9600 2050 9004 50
a contact +9000 +9600 2051 9002 50
a contact +9000 +9600 2052 9001 50
a contact +9000 +9600 2053 9011 50
a contact +9000 +9600 2054 9010 50
a contact +9000 +9600 2055 9008 50
a contact +9000 +9600 2056 9007 50
a contact +9600 +10200 2049 9002 50
a contact +9600 +10200 2050 9001 50
a contact +9600 +10200 2051 9005 50
a contact +9600 +10200 2052 9004 50
a contact +9600 +10200 2053 9008 50
a contact +9600 +10200 2054 9007 50
a contact +9600 +10200 2055 9011 50
a contact +9600 +10200 2056 9010 50
a contact +10200 +10800 2041 9010 50
a contact +10200 +10800 2042 9011 50
a contact +10200 +10800 2043 9007 50
a contact +10200 +10800 2044 9008 50
a contact +10200 +10800 2045 9004 50
a contact +10200 +10800 2046 9005 50
a contact +10200 +10800 2047 9001 50
a contact +10200 +10800 2048 9002 50
a contact +10800 +11400 2041 9007 50
a contact +10800 +11400 2042 9008 50
a contact +10800 +11400 2043 9010 50
a contact +10800 +11400 2044 9011 50
a contact +10800 +11400 2045 9001 50
a contact +10800 +11400 2046 9002 50
a contact +10800 +11400 2047 9004 50
a contact +10800 +11400 2048 9005 50
a contact +11400 +12000 2041 9004 50
a contact +11400 +12000 2042 9005 50
a contact +11400 +12000 2043 9001 50
a contact +11400 +12000 2044 9002 50
a contact +11400 +12000 2045 9010 50
a contact +11400 +12000 2046 9011 50
a contact +11400 +12000 2047 9007 50
a contact +11400 +12000 2048 9008 50
a contact +12000 +12600 2041 9001 50
a contact +12000 +12600 2042 9002 50
a contact +12000 +12600 2043 9004 50
a contact +12000 +12600 2044 9005 50
a contact +12000 +12600 2045 9007 50
a contact +12000 +12600 2046 9008 50
a contact +12000 +12600 2047 9010 50
a contact +12000 +12600 2048 9011 50
a contact +12600 +13200 2033 9011 50
a contact +12600 +13200 2034 9010 50
a contact +12600 +13200 2035 9008 50
a contact +12600 +13200 2036 9007 50
a contact +12600 +13200 2037 9005 50
a contact +12600 +13200 2038 9004 50
a contact +12600 +13200 2039 9002 50
a contact +12600 +13200 2040 9001 50
a contact +13200 +13800 2039 9008 50
a contact +13200 +13800 2042 9007 50
a contact +13200 +13800 2043 9011 50
a contact +13200 +13800 2044 9010 50
a contact +13200 +13800 2045 9002 50
a contact +13200 +13800 2046 9001 50
a contact +13200 +13800 2047 9005 50
a contact +13200 +13800 2048 9004 50
a contact +13800 +14400 2041 9005 50
a contact +13800 +14400 2042 9004 50
a contact +13800 +14400 2043 9002 50
a contact +13800 +14400 2044 9001 50
a contact +13800 +14400 2045 9011 50
a contact +13800 +14400 2046 9010 50
a contact +13800 +14400 2047 9008 50
a contact +13800 +14400 2048 9007 50
a contact +14400 +15000 2041 9002 50
a contact +14400 +15000 2042 9001 50
a contact +14400 +15000 2043 9005 50
a contact +14400 +15000 2044 9004 50
a contact +14400 +15000 2045 9008 50
a contact +14400 +15000 2046 9007 50
a contact +14400 +15000 2047 9011 50
a contact +14400 +15000 2048 9010 50
a contact +15000 +15600 2034 9011 50
a contact +15000 +15600 2035 9007 50
a contact +15000 +15600 2036 9010 50
a contact +15000 +15600 2037 9004 50
a contact +15000 +15600 2038 9005 50
a contact +15000 +15600 2039 9001 50
a contact +15000 +15600 2040 9002 50
a contact +15000 +15600 2041 9008 50
a contact +15600 +16200 2033 9005 50
a contact +15600 +16200 2034 9008 50
a contact +15600 +16200 2038 9002 50
a contact +15600 +16200 2040 9011 50
a contact +16200 +16800 2037 9002 50
a contact +16200 +16800 2038 9008 50
a contact +16200 +16800 2039 9011 50
a contact +16200 +16800 2040 9005 50
a contact +16800 +17400 2036 9002 50
a contact +16800 +17400 2038 9011 50
a contact +16800 +17400 2039 9005 50
a contact +16800 +17400 2040 9008 50
a contact +17400 +18000 2034 9005 50
a contact +17400 +18000 2035 9002 50
a contact +17400 +18000 2036 9011 50
a contact +17400 +18000 2037 9008 50
a contact +18000 +18600 2034 9002 50
a contact +18000 +18600 2035 9005 50
a contact +18000 +18600 2036 9008 50
a contact +18000 +18600 2037 9011 50
a contact +18600 +19200 2032 9008 50
a contact +18600 +19200 2033 9002 50
a contact +18600 +19200 2035 9011 50
a contact +18600 +19200 2036 9005 50
a contact +19200 +19800 2030 9011 50
a contact +19200 +19800 2031 9005 50
a contact +19200 +19800 2032 9002 50
a contact +19200 +19800 2033 9008 50
a contact +19800 +20400 2029 9011 50
a contact +19800 +20400 2030 9008 50
a contact +19800 +20400 2031 9002 50
a contact +19800 +20400 2032 9005 50
a contact +20400 +21000 2029 9005 50
a contact +20400 +21000 2030 9002 50
a contact +20400 +21000 2031 9008 50
a contact +20400 +21000 2032 9011 50
a contact +21000 +21600 2028 9008 50
a contact +21000 +21600 2029 9002 50
a contact +21000 +21600 2030 9005 50
a contact +21000 +21600 2031 9011 50
a contact +21600 +22200 2026 9011 50
a contact +21600 +22200 2027 9005 50
a contact +21600 +22200 2028 9002 50
a contact +21600 +22200 2029 9008 50
a contact +22200 +22800 2025 9011 50
a contact +22200 +22800 2026 9008 50
a contact +22200 +22800 2027 9002 50
a contact +22200 +22800 2028 9005 50
a contact +22800 +23400 2025 9005 50
a contact +22800 +23400 2026 9002 50
a contact +22800 +23400 2027 9008 50
a contact +22800 +23400 2028 9011 50
a contact +23400 +24000 2024 9008 50
a contact +23400 +24000 2025 9002 50
a contact +23400 +24000 2026 9005 50
a contact +23400 +24000 2027 9011 50
a contact +24000 +24600 2022 9011 50
a contact +24000 +24600 2023 9005 50
a contact +24000 +24600 2024 9002 50
a contact +24000 +24600 2025 9008 50
a contact +24600 +25200 2021 9011 50
a contact +24600 +25200 2022 9008 50
a contact +24600 +25200 2023 9002 50
a contact +24600 +25200 2024 9005 50
a contact +25200 +25800 2021 9005 50
a contact +25200 +25800 2022 9002 50
a contact +25200 +25800 2023 9008 50
a contact +25200 +25800 2024 9011 50
a contact +25800 +26400 2020 9008 50
a contact +25800 +26400 2021 9002 50
a contact +25800 +26400 2022 9005 50
a contact +25800 +26400 2023 9011 50
a contact +26400 +27000 2018 9011 50
a contact +26400 +27000 2019 9005 50
a contact +26400 +27000 2020 9002 50
a contact +26400 +27000 2021 9008 50
a contact +27000 +27600 2017 9011 50
a contact +27000 +27600 2018 9008 50
a contact +27000 +27600 2019 9002 50
a contact +27000 +27600 2020 9005 50
a contact +27600 +28200 2017 9005 50
a contact +27600 +28200 2018 9002 50
a contact +27600 +28200 2019 9008 50
a contact +27600 +28200 2020 9011 50
a contact +28200 +28800 2016 9008 50
a contact +28200 +28800 2017 9002 50
a contact +28200 +28800 2018 9005 50
a contact +28200 +28800 2019 9011 50
a contact +28800 +29400 2014 9011 50
a contact +28800 +29400 2015 9005 50
a contact +28800 +29400 2016 9002 50
a contact +28800 +29400 2017 9008 50
a contact +29400 +30000 2013 9011 50
a contact +29400 +30000 2014 9008 50
a contact +29400 +30000 2015 9002 50
a contact +29400 +30000 2016 9005 50
a contact +30000 +30600 2013 9005 50
a contact +30000 +30600 2014 9002 50
a contact +30000 +30600 2015 9008 50
a contact +30000 +30600 2016 9011 50
a contact +30000 +30600 2061 9012 50
a contact +30000 +30600 2062 9009 50
a contact +30000 +30600 2063 9006 50
a contact +30000 +30600 2064 9003 50
a contact +30600 +31200 2012 9008 50
a contact +30600 +31200 2013 9002 50
a contact +30600 +31200 2014 9005 50
a contact +30600 +31200 2015 9011 50
a contact +30600 +31200 2061 9009 50
a contact +30600 +31200 2062 9012 50
a contact +30600 +31200 2063 9003 50
a contact +30600 +31200 2064 9006 50
a contact +31200 +31800 2009 9011 50
a contact +31200 +31800 2010 9005 50
a contact +31200 +31800 2012 9002 50
a contact +31200 +31800 2013 9008 50
a contact +31200 +31800 2061 9006 50
a contact +31200 +31800 2062 9003 50
a contact +31200 +31800 2063 9012 50
a contact +31200 +31800 2064 9009 50
a contact +31800 +32400 2009 9008 50
a contact +31800 +32400 2010 9011 50
a contact +31800 +32400 2011 9002 50
a contact +31800 +32400 2012 9005 50
a contact +31800 +32400 2061 9003 50
a contact +31800 +32400 2062 9006 50
a contact +31800 +32400 2063 9009 50
a contact +31800 +32400 2064 9012 50
a contact +32400 +33000 2008 9008 50
a contact +32400 +33000 2009 9002 50
a contact +32400 +33000 2011 9005 50
a contact +32400 +33000 2012 9011 50
a contact +32400 +33000 2057 9012 50
a contact +32400 +33000 2058 9009 50
a contact +32400 +33000 2059 9006 50
a contact +32400 +33000 2060 9003 50
a contact +33000 +33600 2007 9011 50
a contact +33000 +33600 2008 9002 50
a contact +33000 +33600 2009 9005 50
a contact +33000 +33600 2011 9008 50
a contact +33000 +33600 2057 9009 50
a contact +33000 +33600 2058 9012 50
a contact +33000 +33600 2059 9003 50
a contact +33000 +33600 2060 9006 50
a contact +33600 +34200 2006 9008 50
a contact +33600 +34200 2007 9002 50
a contact +33600 +34200 2008 9005 50
a contact +33600 +34200 2011 9011 50
a contact +33600 +34200 2057 9006 50
a contact +33600 +34200 2058 9003 50
a contact +33600 +34200 2059 9012 50
a contact +33600 +34200 2060 9009 50
a contact +34200 +34800 2006 9005 50
a contact +34200 +34800 2007 9008 50
a contact +34200 +34800 2008 9011 50
a contact +34200 +34800 2010 9002 50
a contact +34200 +34800 2057 9003 50
a contact +34200 +34800 2058 9006 50
a contact +34200 +34800 2059 9009 50
a contact +34200 +34800 2060 9012 50
a contact +34800 +35400 2005 9011 50
a contact +34800 +35400 2006 9002 50
a contact +34800 +35400 2007 9005 50
a contact +34800 +35400 2010 9008 50
a contact +34800 +35400 2053 9012 50
a contact +34800 +35400 2054 9009 50
a contact +34800 +35400 2055 9006 50
a contact +34800 +35400 2056 9003 50
a contact +35400 +36000 2003 9008 50
a contact +35400 +36000 2004 9005 50
a contact +35400 +36000 2005 9002 50
a contact +35400 +36000 2006 9011 50
a contact +35400 +36000 2053 9009 50
a contact +35400 +36000 2054 9012 50
a contact +35400 +36000 2055 9003 50
a contact +35400 +36000 2056 9006 50
a contact +36000 +36600 2002 9008 50
a contact +36000 +36600 2003 9011 50
a contact +36000 +36600 2004 9002 50
a contact +36000 +36600 2005 9005 50
a contact +36000 +36600 2053 9006 50
a contact +36000 +36600 2054 9003 50
a contact +36000 +36600 2055 9012 50
a contact +36000 +36600 2056 9009 50
a contact +36600 +37200 2002 9005 50
a contact +36600 +37200 2003 9002 50
a contact +36600 +37200 2004 9011 50
a contact +36600 +37200 2005 9008 50
a contact +36600 +37200 2053 9003 50
a contact +36600 +37200 2054 9006 50
a contact +36600 +37200 2055 9009 50
a contact +36600 +37200 2056 9012 50
a contact +37200 +37800 2001 9011 50
a contact +37200 +37800 2002 9002 50
a contact +37200 +37800 2049 9012 50
a contact +37200 +37800 2050 9009 50
a contact +37200 +37800 2051 9006 50
a contact +37200 +37800 2052 9003 50
a contact +37800 +38400 2001 9002 50
a contact +37200 +38400 2003 9005 50
a contact +37200 +38400 2004 9008 50
a contact +37800 +38400 2049 9009 50
a contact +37800 +38400 2050 9012 50
a contact +37800 +38400 2051 9003 50
a contact +37800 +38400 2052 9006 50
a contact +38400 +39000 2001 9008 50
a contact +37800 +39000 2002 9011 50
a contact +38400 +39000 2003 9002 50
a contact +38400 +39000 2049 9006 50
a contact +38400 +39000 2050 9003 50
a contact +38400 +39000 2051 9012 50
a contact +38400 +39000 2052 9009 50
a contact +38400 +39000 2064 9005 50
a contact +39000 +39600 2002 9002 50
a contact +39000 +39600 2049 9003 50
a contact +39000 +39600 2050 9006 50
a contact +39000 +39600 2051 9009 50
a contact +39000 +39600 2052 9012 50
a contact +39000 +39600 2063 9011 50
a contact +39000 +39600 2064 9008 50
a contact +39000 +40200 2001 9005 50
a contact +39600 +40200 2004 9002 50
a contact +39600 +40200 2045 9012 50
a contact +39600 +40200 2046 9009 50
a contact +39600 +40200 2047 9006 50
a contact +39600 +40200 2048 9003 50
a contact +39600 +40200 2063 9008 50
a contact +39600 +40200 2064 9011 50
a contact +40200 +40800 2001 9008 50
a contact +40200 +40800 2045 9009 50
a contact +40200 +40800 2046 9012 50
a contact +40200 +40800 2047 9003 50
a contact +40200 +40800 2048 9006 50
a contact +40200 +40800 2062 9011 50
a contact +40200 +40800 2063 9005 50
a contact +40200 +40800 2064 9002 50
a contact +40800 +41400 2001 9011 50
a contact +40800 +41400 2045 9006 50
a contact +40800 +41400 2046 9003 50
a contact +40800 +41400 2047 9012 50
a contact +40800 +41400 2048 9009 50
a contact +40800 +41400 2061 9008 50
a contact +40800 +41400 2062 9005 50
a contact +40800 +41400 2063 9002 50
a contact +41400 +42000 2001 9002 50
a contact +41400 +42000 2045 9003 50
a contact +41400 +42000 2046 9006 50
a contact +41400 +42000 2047 9009 50
a contact +41400 +42000 2048 9012 50
a contact +41400 +42000 2060 9011 50
a contact +41400 +42000 2061 9005 50
a contact +41400 +42000 2062 9008 50
a contact +42000 +42600 2005 9005 50
a contact +42000 +42600 2041 9012 50
a contact +42000 +42600 2042 9009 50
a contact +42000 +42600 2043 9006 50
a contact +42000 +42600 2044 9003 50
a contact +42000 +42600 2060 9008 50
a contact +42000 +42600 2061 9011 50
a contact +42000 +42600 2062 9002 50
a contact +42600 +43200 2041 9009 50
a contact +42600 +43200 2042 9012 50
a contact +42600 +43200 2043 9003 50
a contact +42600 +43200 2044 9006 50
a contact +43200 +43800 2041 9006 50
a contact +43200 +43800 2042 9003 50
a contact +43200 +43800 2043 9012 50
a contact +43200 +43800 2044 9009 50
a contact +43800 +44400 2041 9003 50
a contact +43800 +44400 2042 9006 50
a contact +43800 +44400 2043 9009 50
a contact +43800 +44400 2044 9012 50
a contact +44400 +45000 2037 9012 50
a contact +44400 +45000 2038 9009 50
a contact +44400 +45000 2039 9006 50
a contact +44400 +45000 2040 9003 50
a contact +45000 +45600 2037 9009 50
a contact +45000 +45600 2038 9012 50
a contact +45000 +45600 2039 9003 50
a contact +45000 +45600 2040 9006 50
a contact +45600 +46200 2037 9006 50
a contact +45600 +46200 2038 9003 50
a contact +45600 +46200 2039 9012 50
a contact +45600 +46200 2040 9009 50
a contact +46200 +46800 2037 9003 50
a contact +46200 +46800 2038 9006 50
a contact +46200 +46800 2039 9009 50
a contact +46200 +46800 2040 9012 50
a contact +46800 +47400 2033 9012 50
a contact +46800 +47400 2034 9009 50
a contact +46800 +47400 2035 9006 50
a contact +46800 +47400 2036 9003 50
a contact +47400 +48000 2033 9009 50
a contact +47400 +48000 2034 9012 50
a contact +47400 +48000 2035 9003 50
a contact +47400 +48000 2036 9006 50
a contact +48000 +48600 2033 9006 50
a contact +48000 +48600 2034 9003 50
a contact +48000 +48600 2035 9012 50
a contact +48000 +48600 2036 9009 50
a contact +48600 +49200 2033 9003 50
a contact +48600 +49200 2034 9006 50
a contact +48600 +49200 2035 9009 50
a contact +48600 +49200 2036 9012 50
a contact +49200 +49800 2029 9012 50
a contact +49200 +49800 2030 9009 50
a contact +49200 +49800 2031 9006 50
a contact +49200 +49800 2032 9003 50
a contact +49800 +50400 2029 9009 50
a contact +49800 +50400 2030 9012 50
a contact +49800 +50400 2031 9003 50
a contact +49800 +50400 2032 9006 50
a contact +50400 +51000 2029 9006 50
a contact +50400 +51000 2030 9003 50
a contact +50400 +51000 2031 9012 50
a contact +50400 +51000 2032 9009 50
a contact +51000 +51600 2029 9003 50
a contact +51000 +51600 2030 9006 50
a contact +51000 +51600 2031 9009 50
a contact +51000 +51600 2032 9012 50
a contact +51600 +52200 2025 9012 50
a contact +51600 +52200 2026 9009 50
a contact +51600 +52200 2027 9006 50
a contact +51600 +52200 2028 9003 50
a contact +52200 +52800 2025 9009 50
a contact +52200 +52800 2026 9012 50
a contact +52200 +52800 2027 9003 50
a contact +52200 +52800 2028 9006 50
a contact +52200 +52800 2037 9010 50
a contact +52200 +52800 2038 9001 50
a contact +52200 +52800 2039 9007 50
a contact +52200 +52800 2040 9004 50
a contact +52800 +53400 2025 9006 50
a contact +52800 +53400 2026 9003 50
a contact +52800 +53400 2027 9012 50
a contact +52800 +53400 2028 9009 50
a contact +52800 +53400 2037 9001 50
a contact +52800 +53400 2038 9010 50
a contact +52800 +53400 2039 9004 50
a contact +52800 +53400 2040 9007 50
a contact +53400 +54000 2025 9003 50
a contact +53400 +54000 2026 9006 50
a contact +53400 +54000 2027 9009 50
a contact +53400 +54000 2028 9012 50
a contact +53400 +54000 2035 9004 50
a contact +53400 +54000 2036 9001 50
a contact +53400 +54000 2038 9007 50
a contact +53400 +54000 2040 9010 50
a contact +54000 +54600 2021 9012 50
a contact +54000 +54600 2022 9009 50
a contact +54000 +54600 2023 9006 50
a contact +54000 +54600 2024 9003 50
a contact +54000 +54600 2035 9001 50
a contact +54000 +54600 2036 9004 50
a contact +54000 +54600 2037 9007 50
a contact +54000 +54600 2039 9010 50
a contact +54600 +55200 2021 9009 50
a contact +54600 +55200 2022 9012 50
a contact +54600 +55200 2023 9003 50
a contact +54600 +55200 2024 9006 50
a contact +54600 +55200 2032 9007 50
a contact +54600 +55200 2033 9004 50
a contact +54600 +55200 2034 9001 50
a contact +54600 +55200 2035 9010 50
a contact +55200 +55800 2021 9006 50
a contact +55200 +55800 2022 9003 50
a contact +55200 +55800 2023 9012 50
a contact +55200 +55800 2024 9009 50
a contact +55200 +55800 2031 9007 50
a contact +55200 +55800 2032 9010 50
a contact +55200 +55800 2033 9001 50
a contact +55200 +55800 2034 9004 50
a contact +55800 +56400 2021 9003 50
a contact +55800 +56400 2022 9006 50
a contact +55800 +56400 2023 9009 50
a contact +55800 +56400 2024 9012 50
a contact +55800 +56400 2031 9004 50
a contact +55800 +56400 2032 9001 50
a contact +55800 +56400 2033 9010 50
a contact +55800 +56400 2034 9007 50
a contact +56400 +57000 2017 9012 50
a contact +56400 +57000 2018 9009 50
a contact +56400 +57000 2019 9006 50
a contact +56400 +57000 2020 9003 50
a contact +56400 +57000 2030 9010 50
a contact +56400 +57000 2031 9001 50
a contact +56400 +57000 2032 9004 50
a contact +56400 +57000 2033 9007 50
a contact +57000 +57600 2017 9009 50
a contact +57000 +57600 2018 9012 50
a contact +57000 +57600 2019 9003 50
a contact +57000 +57600 2020 9006 50
a contact +57000 +57600 2028 9007 50
a contact +57000 +57600 2029 9004 50
a contact +57000 +57600 2030 9001 50
a contact +57000 +57600 2031 9010 50
a contact +57600 +58200 2017 9006 50
a contact +57600 +58200 2018 9003 50
a contact +57600 +58200 2019 9012 50
a contact +57600 +58200 2020 9009 50
a contact +57600 +58200 2027 9007 50
a contact +57600 +58200 2028 9010 50
a contact +57600 +58200 2029 9001 50
a contact +57600 +58200 2030 9004 50
a contact +58200 +58800 2017 9003 50
a contact +58200 +58800 2018 9006 50
a contact +58200 +58800 2019 9009 50
a contact +58200 +58800 2020 9012 50
a contact +58200 +58800 2027 9004 50
a contact +58200 +58800 2028 9001 50
a contact +58200 +58800 2029 9010 50
a contact +58200 +58800 2030 9007 50
a contact +58800 +59400 2013 9012 50
a contact +58800 +59400 2014 9009 50
a contact +58800 +59400 2015 9006 50
a contact +58800 +59400 2016 9003 50
a contact +58800 +59400 2026 9010 50
a contact +58800 +59400 2027 9001 50
a contact +58800 +59400 2028 9004 50
a contact +58800 +59400 2029 9007 50
a contact +59400 +60000 2012 9012 50
a contact +59400 +60000 2013 9009 50
a contact +59400 +60000 2014 9003 50
a contact +59400 +60000 2016 9006 50
a contact +59400 +60000 2024 9007 50
a contact +59400 +60000 2025 9004 50
a contact +59400 +60000 2026 9001 50
a contact +59400 +60000 2027 9010 50
a contact +60000 +60600 2012 9009 50
a contact +60000 +60600 2013 9003 50
a contact +60000 +60600 2014 9006 50
a contact +60000 +60600 2016 9012 50
a contact +60000 +60600 2023 9007 50
a contact +60000 +60600 2024 9010 50
a contact +60000 +60600 2025 9001 50
a contact +60000 +60600 2026 9004 50
a contact +60600 +61200 2012 9003 50
a contact +60600 +61200 2013 9006 50
a contact +60600 +61200 2014 9012 50
a contact +60600 +61200 2016 9009 50
a contact +60600 +61200 2023 9004 50
a contact +60600 +61200 2024 9001 50
a contact +60600 +61200 2025 9010 50
a contact +60600 +61200 2026 9007 50
a contact +61200 +61800 2010 9012 50
a contact +61200 +61800 2011 9009 50
a contact +61200 +61800 2012 9006 50
a contact +61200 +61800 2015 9003 50
a contact +61200 +61800 2022 9010 50
a contact +61200 +61800 2023 9001 50
a contact +61200 +61800 2024 9004 50
a contact +61200 +61800 2025 9007 50
a contact +61800 +62400 2009 9012 50
a contact +61800 +62400 2010 9006 50
a contact +61800 +62400 2011 9003 50
a contact +61800 +62400 2015 9009 50
a contact +61800 +62400 2020 9007 50
a contact +61800 +62400 2021 9004 50
a contact +61800 +62400 2022 9001 50
a contact +61800 +62400 2023 9010 50
a contact +62400 +63000 2009 9009 50
a contact +62400 +63000 2010 9003 50
a contact +62400 +63000 2011 9006 50
a contact +62400 +63000 2015 9012 50
a contact +62400 +63000 2019 9007 50
a contact +62400 +63000 2020 9010 50
a contact +62400 +63000 2021 9001 50
a contact +62400 +63000 2022 9004 50
a contact +63000 +63600 2008 9006 50
a contact +63000 +63600 2009 9003 50
a contact +63000 +63600 2010 9009 50
a contact +63000 +63600 2011 9012 50
a contact +63000 +63600 2019 9004 50
a contact +63000 +63600 2020 9001 50
a contact +63000 +63600 2021 9010 50
a contact +63000 +63600 2022 9007 50
a contact +63600 +64200 2006 9012 50
a contact +63600 +64200 2007 9009 50
a contact +63600 +64200 2008 9003 50
a contact +63600 +64200 2009 9006 50
a contact +63600 +64200 2018 9010 50
a contact +63600 +64200 2019 9001 50
a contact +63600 +64200 2020 9004 50
a contact +63600 +64200 2021 9007 50
a contact +64200 +64800 2005 9012 50
a contact +64200 +64800 2006 9006 50
a contact +64200 +64800 2007 9003 50
a contact +64200 +64800 2008 9009 50
a contact +64200 +64800 2016 9007 50
a contact +64200 +64800 2017 9004 50
a contact +64200 +64800 2018 9001 50
a contact +64200 +64800 2019 9010 50
a contact +64800 +65400 2005 9009 50
a contact +64800 +65400 2006 9003 50
a contact +64800 +65400 2007 9006 50
a contact +64800 +65400 2008 9012 50
a contact +64800 +65400 2015 9007 50
a contact +64800 +65400 2016 9010 50
a contact +64800 +65400 2017 9001 50
a contact +64800 +65400 2018 9004 50
a contact +65400 +66000 2004 9006 50
a contact +65400 +66000 2005 9003 50
a contact +65400 +66000 2006 9009 50
a contact +65400 +66000 2007 9012 50
a contact +65400 +66000 2015 9004 50
a contact +65400 +66000 2016 9001 50
a contact +65400 +66000 2017 9010 50
a contact +65400 +66000 2018 9007 50
a contact +66000 +66600 2002 9012 50
a contact +66000 +66600 2003 9009 50
a contact +66000 +66600 2004 9003 50
a contact +66000 +66600 2005 9006 50
a contact +66000 +66600 2014 9010 50
a contact +66000 +66600 2015 9001 50
a contact +66000 +66600 2016 9004 50
a contact +66000 +66600 2017 9007 50
a contact +66600 +67200 2001 9012 50
a contact +66600 +67200 2002 9006 50
a contact +66600 +67200 2003 9003 50
a contact +66600 +67200 2004 9009 50
a contact +66600 +67200 2011 9007 50
a contact +66600 +67200 2013 9004 50
a contact +66600 +67200 2014 9001 50
a contact +66600 +67200 2015 9010 50
a contact +67200 +67800 2001 9009 50
a contact +67200 +67800 2002 9003 50
a contact +67200 +67800 2010 9007 50
a contact +67200 +67800 2011 9010 50
a contact +67200 +67800 2013 9001 50
a contact +67200 +67800 2014 9004 50
a contact +67800 +68400 2001 9003 50
a contact +67200 +68400 2003 9006 50
a contact +67200 +68400 2004 9012 50
a contact +67800 +68400 2010 9004 50
a contact +67800 +68400 2011 9001 50
a contact +67800 +68400 2013 9010 50
a contact +67800 +68400 2014 9007 50
a contact +67800 +69000 2002 9009 50
a contact +68400 +69000 2004 9003 50
a contact +68400 +69000 2010 9010 50
a contact +68400 +69000 2011 9004 50
a contact +68400 +69000 2012 9001 50
a contact +68400 +69000 2013 9007 50
a contact +68400 +69600 2001 9006 50
a contact +69000 +69600 2002 9003 50
a contact +68400 +69600 2003 9012 50
a contact +69000 +69600 2008 9010 50
a contact +69000 +69600 2009 9007 50
a contact +69000 +69600 2010 9001 50
a contact +69000 +69600 2012 9004 50
a contact +69000 +69600 2064 9009 50
a contact +69600 +70200 2001 9003 50
a contact +69600 +70200 2007 9010 50
a contact +69600 +70200 2008 9004 50
a contact +69600 +70200 2009 9001 50
a contact +69600 +70200 2012 9007 50
a contact +69600 +70200 2062 9012 50
a contact +69600 +70200 2063 9009 50
a contact +69600 +70200 2064 9006 50
a contact +70200 +70800 2001 9012 50
a contact +70200 +70800 2007 9007 50
a contact +70200 +70800 2008 9001 50
a contact +70200 +70800 2009 9004 50
a contact +70200 +70800 2012 9010 50
a contact +70200 +70800 2062 9009 50
a contact +70200 +70800 2063 9006 50
a contact +70200 +70800 2064 9003 50
a contact +70800 +71400 2001 9009 50
a contact +70800 +71400 2006 9004 50
a contact +70800 +71400 2007 9001 50
a contact +70800 +71400 2008 9007 50
a contact +70800 +71400 2009 9010 50
a contact +70800 +71400 2062 9006 50
a contact +70800 +71400 2063 9003 50
a contact +70800 +71400 2064 9012 50
a contact +71400 +72000 2003 9009 50
a contact +71400 +72000 2004 9010 50
a contact +71400 +72000 2005 9007 50
a contact +71400 +72000 2006 9001 50
a contact +71400 +72000 2007 9004 50
a contact +71400 +72000 2061 9006 50
a contact +71400 +72000 2062 9003 50
a contact +71400 +72000 2063 9012 50
a contact +72000 +72600 2002 9010 50
a contact +72000 +72600 2003 9003 50
a contact +72000 +72600 2004 9004 50
a contact +72000 +72600 2005 9001 50
a contact +72000 +72600 2006 9007 50
a contact +72000 +72600 2059 9012 50
a contact +72000 +72600 2060 9006 50
a contact +72000 +72600 2061 9009 50
a contact +72600 +73200 2002 9007 50
a contact +72600 +73200 2004 9001 50
a contact +72600 +73200 2005 9004 50
a contact +72600 +73200 2006 9010 50
a contact +72600 +73200 2007 9003 50
a contact +72600 +73200 2059 9006 50
a contact +72600 +73200 2060 9009 50
a contact +72600 +73200 2061 9012 50
a contact +73200 +73800 2002 9004 50
a contact +73200 +73800 2003 9001 50
a contact +73200 +73800 2005 9010 50
a contact +73200 +73800 2008 9006 50
a contact +73200 +73800 2059 9009 50
a contact +73200 +73800 2060 9012 50
a contact +73200 +73800 2061 9003 50
a contact +73800 +74400 2001 9010 50
a contact +73800 +74400 2003 9004 50
a contact +73200 +74400 2004 9007 50
a contact +73800 +74400 2006 9006 50
a contact +73800 +74400 2057 9012 50
a contact +73800 +74400 2058 9009 50
a contact +73800 +74400 2060 9003 50
a contact +74400 +75000 2001 9007 50
a contact +73800 +75000 2002 9001 50
a contact +74400 +75000 2003 9010 50
a contact +74400 +75000 2005 9006 50
a contact +74400 +75000 2057 9009 50
a contact +74400 +75000 2058 9012 50
a contact +74400 +75000 2059 9003 50
a contact +74400 +75000 2064 9004 50
a contact +75000 +75600 2001 9004 50
a contact +75000 +75600 2004 9009 50
a contact +75000 +75600 2056 9012 50
a contact +75000 +75600 2057 9006 50
a contact +75000 +75600 2058 9003 50
a contact +75000 +75600 2063 9001 50
a contact +75000 +75600 2064 9010 50
a contact +75000 +76200 2003 9007 50
a contact +75600 +76200 2005 9012 50
a contact +75600 +76200 2056 9009 50
a contact +75600 +76200 2057 9003 50
a contact +75600 +76200 2058 9006 50
a contact +75600 +76200 2062 9010 50
a contact +75600 +76200 2063 9004 50
a contact +75600 +76800 2001 9001 50
a contact +76200 +76800 2005 9003 50
a contact +76200 +76800 2054 9012 50
a contact +76200 +76800 2055 9009 50
a contact +76200 +76800 2056 9006 50
a contact +76200 +76800 2062 9004 50
a contact +76200 +76800 2063 9010 50
a contact +76200 +76800 2064 9007 50
a contact +76800 +77400 2053 9012 50
a contact +76800 +77400 2054 9009 50
a contact +76800 +77400 2055 9006 50
a contact +76800 +77400 2056 9003 50
a contact +76800 +77400 2060 9010 50
a contact +76800 +77400 2061 9004 50
a contact +76800 +77400 2063 9007 50
a contact +76800 +77400 2064 9001 50
a contact +77400 +78000 2052 9012 50
a contact +77400 +78000 2053 9009 50
a contact +77400 +78000 2054 9006 50
a contact +77400 +78000 2055 9003 50
a contact +77400 +78000 2059 9010 50
a contact +77400 +78000 2060 9004 50
a contact +77400 +78000 2061 9007 50
a contact +77400 +78000 2062 9001 50
a contact +78000 +78600 2052 9009 50
a contact +78000 +78600 2053 9006 50
a contact +78000 +78600 2054 9003 50
a contact +78000 +78600 2055 9012 50
a contact +78000 +78600 2059 9004 50
a contact +78000 +78600 2060 9001 50
a contact +78000 +78600 2061 9010 50
a contact +78000 +78600 2062 9007 50
a contact +78600 +79200 2051 9011 50
a contact +78600 +79200 2054 9004 50
a contact +78600 +79200 2055 9010 50
a contact +78600 +79200 2056 9005 50
a contact +78600 +79200 2057 9008 50
a contact +78600 +79200 2058 9002 50
a contact +78600 +79200 2060 9007 50
a contact +78600 +79200 2061 9001 50
a contact +79200 +79800 2052 9011 50
a contact +79200 +79800 2053 9010 50
a contact +79200 +79800 2054 9007 50
a contact +79200 +79800 2055 9004 50
a contact +79200 +79800 2056 9008 50
a contact +79200 +79800 2057 9002 50
a contact +79200 +79800 2058 9005 50
a contact +79200 +79800 2059 9001 50
a contact +79800 +80400 2053 9004 50
a contact +79800 +80400 2054 9010 50
a contact +79800 +80400 2055 9001 50
a contact +79800 +80400 2057 9011 50
a contact +79800 +80400 2058 9008 50
a contact +79800 +80400 2059 9007 50
a contact +79800 +80400 2060 9005 50
a contact +79800 +80400 2061 9002 50
a contact +80400 +81000 2053 9007 50
a contact +80400 +81000 2054 9011 50
a contact +80400 +81000 2055 9008 50
a contact +80400 +81000 2056 9010 50
a contact +80400 +81000 2057 9004 50
a contact +80400 +81000 2058 9001 50
a contact +80400 +81000 2059 9005 50
a contact +80400 +81000 2060 9002 50
a contact +81000 +81600 2052 9010 50
a contact +81000 +81600 2053 9011 50
a contact +81000 +81600 2054 9008 50
a contact +81000 +81600 2055 9005 50
a contact +81000 +81600 2056 9007 50
a contact +81000 +81600 2057 9001 50
a contact +81000 +81600 2058 9004 50
a contact +81000 +81600 2059 9002 50
a contact +81600 +82200 2052 9004 50
a contact +81600 +82200 2053 9008 50
a contact +81600 +82200 2054 9005 50
a contact +81600 +82200 2055 9002 50
a contact +81600 +82200 2056 9001 50
a contact +81600 +82200 2057 9010 50
a contact +81600 +82200 2058 9007 50
a contact +81600 +82200 2059 9011 50
a contact +82200 +82800 2052 9002 50
a contact +82200 +82800 2053 9005 50
a contact +82200 +82800 2054 9001 50
a contact +82200 +82800 2055 9011 50
a contact +82200 +82800 2056 9004 50
a contact +82200 +82800 2057 9007 50
a contact +82200 +82800 2058 9010 50
a contact +82200 +82800 2059 9008 50
a contact +82800 +83400 2050 9010 50
a contact +82800 +83400 2051 9004 50
a contact +82800 +83400 2052 9008 50
a contact +82800 +83400 2053 9001 50
a contact +82800 +83400 2055 9007 50
a contact +82800 +83400 2056 9002 50
a contact +82800 +83400 2057 9005 50
a contact +82800 +83400 2058 9011 50
a contact +83400 +84000 2047 9010 50
a contact +83400 +84000 2048 9008 50
a contact +83400 +84000 2049 9007 50
a contact +83400 +84000 2050 9004 50
a contact +83400 +84000 2051 9005 50
a contact +83400 +84000 2052 9001 50
a contact +83400 +84000 2054 9002 50
a contact +83400 +84000 2056 9011 50
a contact +84000 +84600 2046 9011 50
a contact +84000 +84600 2047 9008 50
a contact +84000 +84600 2048 9010 50
a contact +84000 +84600 2049 9004 50
a contact +84000 +84600 2050 9007 50
a contact +84000 +84600 2051 9001 50
a contact +84000 +84600 2052 9005 50
a contact +84000 +84600 2053 9002 50
a contact +84600 +85200 2045 9010 50
a contact +84600 +85200 2046 9008 50
a contact +84600 +85200 2047 9011 50
a contact +84600 +85200 2048 9004 50
a contact +84600 +85200 2049 9005 50
a contact +84600 +85200 2050 9001 50
a contact +84600 +85200 2051 9002 50
a contact +84600 +85200 2052 9007 50
a contact +85200 +85800 2044 9011 50
a contact +85200 +85800 2045 9008 50
a contact +85200 +85800 2046 9010 50
a contact +85200 +85800 2047 9004 50
a contact +85200 +85800 2048 9005 50
a contact +85200 +85800 2049 9001 50
a contact +85200 +85800 2050 9002 50
a contact +85200 +85800 2051 9007 50
a contact +85800 +86400 2043 9010 50
a contact +85800 +86400 2045 9011 50
a contact +85800 +86400 2046 9004 50
a contact +85800 +86400 2047 9007 50
a contact +85800 +86400 2048 9001 50
a contact +85800 +86400 2049 9002 50
a contact +85800 +86400 2050 9005 50
a contact +85800 +86400 2051 9008 50

a range +0 +600 2057 9011 1103.3919
a range +0 +600 2058 9010 1102.3547
a range +0 +600 2059 9008 1103.3989
a range +0 +600 2060 9007 1102.3385
a range +0 +600 2061 9005 1103.3838
a range +0 +600 2062 9004 1102.3367
a range +0 +600 2063 9002 1103.3769
a range +0 +600 2064 9001 1102.353
a range +600 +1200 2057 9010 1102.3573
a range +600 +1200 2058 9011 1103.3988
a range +600 +1200 2059 9007 1102.3474
a range +600 +1200 2060 9008 1103.3924
a range +600 +1200 2061 9004 1102.3343
a range +600 +1200 2062 9005 1103.3771
a range +600 +1200 2063 9001 1102.3443
a range +600 +1200 2064 9002 1103.3832
a range +1200 +1800 2057 9008 1103.3919
a range +1200 +1800 2058 9007 1102.3547
a range +1200 +1800 2059 9011 1103.3989
a range +1200 +1800 2060 9010 1102.3385
a range +1200 +1800 2061 9002 1103.3838
a range +1200 +1800 2062 9001 1102.3367
a range +1200 +1800 2063 9005 1103.3769
a range +1200 +1800 2064 9004 1102.353
a range +1800 +2400 2057 9007 1102.3573
a range +1800 +2400 2058 9008 1103.3988
a range +1800 +2400 2059 9010 1102.3474
a range +1800 +2400 2060 9011 1103.3924
a range +1800 +2400 2061 9001 1102.3343
a range +1800 +2400 2062 9002 1103.3771
a range +1800 +2400 2063 9004 1102.3443
a range +1800 +2400 2064 9005 1103.3832
a range +2400 +3000 2057 9005 1103.3919
a range +2400 +3000 2058 9004 1102.3547
a range +2400 +3000 2059 9002 1103.3989
a range +2400 +3000 2060 9001 1102.3385
a range +2400 +3000 2061 9011 1103.3838
a range +2400 +3000 2062 9010 1102.3367
a range +2400 +3000 2063 9008 1103.3769
a range +2400 +3000 2064 9007 1102.353
a range +3000 +3600 2057 9002 1103.3919
a range +3000 +3600 2058 9001 1102.3547
a range +3000 +3600 2059 9005 1103.3989
a range +3000 +3600 2060 9004 1102.3385
a range +3000 +3600 2061 9008 1103.3838
a range +3000 +3600 2062 9007 1102.3367
a range +3000 +3600 2063 9011 1103.3769
a range +3000 +3600 2064 9010 1102.353
a range +3600 +4200 2049 9011 1103.3724
a range +3600 +4200 2050 9010 1102.3693
a range +3600 +4200 2051 9008 1103.4137
a range +3600 +4200 2052 9007 1102.3645
a range +3600 +4200 2053 9005 1103.403
a range +3600 +4200 2054 9004 1102.3226
a range +3600 +4200 2055 9002 1103.3622
a range +3600 +4200 2056 9001 1102.328
a range +4200 +4800 2057 9004 1102.3573
a range +4200 +4800 2058 9005 1103.3988
a range +4200 +4800 2059 9001 1102.3474
a range +4200 +4800 2060 9002 1103.3924
a range +4200 +4800 2061 9010 1102.3343
a range +4200 +4800 2062 9011 1103.3771
a range +4200 +4800 2063 9007 1102.3443
a range +4200 +4800 2064 9008 1103.3832
a range +4800 +5400 2057 9001 1102.3573
a range +4800 +5400 2058 9002 1103.3988
a range +4800 +5400 2059 9004 1102.3474
a range +4800 +5400 2060 9005 1103.3924
a range +4800 +5400 2061 9007 1102.3343
a range +4800 +5400 2062 9008 1103.3771
a range +4800 +5400 2063 9010 1102.3443
a range +4800 +5400 2064 9011 1103.3832
a range +5400 +6000 2049 9010 1102.3498
a range +5400 +6000 2050 9011 1103.3945
a range +5400 +6000 2051 9007 1102.3755
a range +5400 +6000 2052 9008 1103.4172
a range +5400 +6000 2053 9004 1102.3412
a range +5400 +6000 2054 9005 1103.3817
a range +5400 +6000 2055 9001 1102.3161
a range +5400 +6000 2056 9002 1103.3588
a range +6000 +6600 2049 9007 1102.3498
a range +6000 +6600 2050 9008 1103.3945
a range +6000 +6600 2051 9010 1102.3755
a range +6000 +6600 2052 9011 1103.4172
a range +6000 +6600 2053 9001 1102.3412
a range +6000 +6600 2054 9002 1103.3817
a range +6000 +6600 2055 9004 1102.3161
a range +6000 +6600 2056 9005 1103.3588
a range +6600 +7200 2049 9004 1102.3498
a range +6600 +7200 2050 9005 1103.3945
a range +6600 +7200 2051 9001 1102.3755
a range +6600 +7200 2052 9002 1103.4172
a range +6600 +7200 2053 9010 1102.3412
a range +6600 +7200 2054 9011 1103.3817
a range +6600 +7200 2055 9007 1102.3161
a range +6600 +7200 2056 9008 1103.3588
a range +7200 +7800 2049 9001 1102.3498
a range +7200 +7800 2050 9002 1103.3945
a range +7200 +7800 2051 9004 1102.3755
a range +7200 +7800 2052 9005 1103.4172
a range +7200 +7800 2053 9007 1102.3412
a range +7200 +7800 2054 9008 1103.3817
a range +7200 +7800 2055 9010 1102.3161
a range +7200 +7800 2056 9011 1103.3588
a range +7800 +8400 2041 9011 1102.2401
a range +7800 +8400 2042 9010 1102.1122
a range +7800 +8400 2043 9008 1103.0599
a range +7800 +8400 2044 9007 1102.3163
a range +7800 +8400 2045 9005 1102.7751
a range +7800 +8400 2046 9004 1102.3406
a range +7800 +8400 2047 9002 1102.4938
a range +7800 +8400 2048 9001 1102.3755
a range +8400 +9000 2049 9008 1103.3724
a range +8400 +9000 2050 9007 1102.3693
a range +8400 +9000 2051 9011 1103.4137
a range +8400 +9000 2052 9010 1102.3645
a range +8400 +9000 2053 9002 1103.403
a range +8400 +9000 2054 9001 1102.3226
a range +8400 +9000 2055 9005 1103.3622
a range +8400 +9000 2056 9004 1102.328
a range +9000 +9600 2049 9005 1103.3724
a range +9000 +9600 2050 9004 1102.3693
a range +9000 +9600 2051 9002 1103.4137
a range +9000 +9600 2052 9001 1102.3645
a range +9000 +9600 2053 9011 1103.403
a range +9000 +9600 2054 9010 1102.3226
a range +9000 +9600 2055 9008 1103.3622
a range +9000 +9600 2056 9007 1102.328
a range +9600 +10200 2049 9002 1103.3724
a range +9600 +10200 2050 9001 1102.3693
a range +9600 +10200 2051 9005 1103.4137
a range +9600 +10200 2052 9004 1102.3645
a range +9600 +10200 2053 9008 1103.403
a range +9600 +10200 2054 9007 1102.3226
a range +9600 +10200 2055 9011 1103.3622
a range +9600 +10200 2056 9010 1102.328
a range +10200 +10800 2041 9010 1102.2559
a range +10200 +10800 2042 9011 1103.1789
a range +10200 +10800 2043 9007 1102.3283
a range +10200 +10800 2044 9008 1102.9172
a range +10200 +10800 2045 9004 1102.3219
a range +10200 +10800 2046 9005 1102.6339
a range +10200 +10800 2047 9001 1102.3636
a range +10200 +10800 2048 9002 1102.3549
a range +10800 +11400 2041 9007 1102.2559
a range +10800 +11400 2042 9008 1103.1789
a range +10800 +11400 2043 9010 1102.3283
a range +10800 +11400 2044 9011 1102.9172
a range +10800 +11400 2045 9001 1102.3219
a range +10800 +11400 2046 9002 1102.6339
a range +10800 +11400 2047 9004 1102.3636
a range +10800 +11400 2048 9005 1102.3549
a range +11400 +12000 2041 9004 1102.2559
a range +11400 +12000 2042 9005 1103.1789
a range +11400 +12000 2043 9001 1102.3283
a range +11400 +12000 2044 9002 1102.9172
a range +11400 +12000 2045 9010 1102.3219
a range +11400 +12000 2046 9011 1102.6339
a range +11400 +12000 2047 9007 1102.3636
a range +11400 +12000 2048 9008 1102.3549
a range +12000 +12600 2041 9001 1102.2559
a range +12000 +12600 2042 9002 1103.1789
a range +12000 +12600 2043 9004 1102.3283
a range +12000 +12600 2044 9005 1102.9172
a range +12000 +12600 2045 9007 1102.3219
a range +12000 +12600 2046 9008 1102.6339
a range +12000 +12600 2047 9010 1102.3636
a range +12000 +12600 2048 9011 1102.3549
a range +12600 +13200 2033 9011 1103.3878
a range +12600 +13200 2034 9010 1102.3516
a range +12600 +13200 2035 9008 1103.4009
a range +12600 +13200 2036 9007 1102.3571
a range +12600 +13200 2037 9005 1103.3875
a range +12600 +13200 2038 9004 1102.3391
a range +12600 +13200 2039 9002 1103.3749
a range +12600 +13200 2040 9001 1102.3345
a range +13200 +13800 2039 9008 1103.3749
a range +13200 +13800 2042 9007 1102.3495
a range +13200 +13800 2043 9011 1103.0599
a range +13200 +13800 2044 9010 1102.3163
a range +13200 +13800 2045 9002 1102.7751
a range +13200 +13800 2046 9001 1102.3406
a range +13200 +13800 2047 9005 1102.4938
a range +13200 +13800 2048 9004 1102.3755
a range +13800 +14400 2041 9005 1103.3221
a range +13800 +14400 2042 9004 1102.3495
a range +13800 +14400 2043 9002 1103.0599
a range +13800 +14400 2044 9001 1102.3163
a range +13800 +14400 2045 9011 1102.7751
a range +13800 +14400 2046 9010 1102.3406
a range +13800 +14400 2047 9008 1102.4938
a range +13800 +14400 2048 9007 1102.3755
a range +14400 +15000 2041 9002 1103.3221
a range +14400 +15000 2042 9001 1102.3495
a range +14400 +15000 2043 9005 1103.0599
a range +14400 +15000 2044 9004 1102.3163
a range +14400 +15000 2045 9008 1102.7751
a range +14400 +15000 2046 9007 1102.3406
a range +14400 +15000 2047 9011 1102.4938
a range +14400 +15000 2048 9010 1102.3755
a range +15000 +15600 2034 9011 1103.3967
a range +15000 +15600 2035 9007 1102.3583
a range +15000 +15600 2036 9010 1102.3571
a range +15000 +15600 2037 9004 1102.3491
a range +15000 +15600 2038 9005 1103.3784
a range +15000 +15600 2039 9001 1102.3333
a range +15000 +15600 2040 9002 1103.3789
a range +15000 +15600 2041 9008 1103.3221
a range +15600 +16200 2033 9005 1103.3878
a range +15600 +16200 2034 9008 1103.3967
a range +15600 +16200 2038 9002 1103.3784
a range +15600 +16200 2040 9011 1103.3789
a range +16200 +16800 2037 9002 1103.3875
a range +16200 +16800 2038 9008 1103.3784
a range +16200 +16800 2039 9011 1103.3749
a range +16200 +16800 2040 9005 1103.3789
a range +16800 +17400 2036 9002 1103.3969
a range +16800 +17400 2038 9011 1103.3784
a range +16800 +17400 2039 9005 1103.3749
a range +16800 +17400 2040 9008 1103.3789
a range +17400 +18000 2034 9005 1103.3967
a range +17400 +18000 2035 9002 1103.4009
a range +17400 +18000 2036 9011 1103.3969
a range +17400 +18000 2037 9008 1103.3875
a range +18000 +18600 2034 9002 1103.3967
a range +18000 +18600 2035 9005 1103.4009
a range +18000 +18600 2036 9008 1103.3969
a range +18000 +18600 2037 9011 1103.3875
a range +18600 +19200 2032 9008 1103.3967
a range +18600 +19200 2033 9002 1103.3878
a range +18600 +19200 2035 9011 1103.4009
a range +18600 +19200 2036 9005 1103.3969
a range +19200 +19800 2030 9011 1103.3843
a range +19200 +19800 2031 9005 1103.3917
a range +19200 +19800 2032 9002 1103.3967
a range +19200 +19800 2033 9008 1103.3878
a range +19800 +20400 2029 9011 1103.3791
a range +19800 +20400 2030 9008 1103.3843
a range +19800 +20400 2031 9002 1103.3917
a range +19800 +20400 2032 9005 1103.3967
a range +20400 +21000 2029 9005 1103.3791
a range +20400 +21000 2030 9002 1103.3843
a range +20400 +21000 2031 9008 1103.3917
a range +20400 +21000 2032 9011 1103.3967
a range +21000 +21600 2028 9008 1103.3791
a range +21000 +21600 2029 9002 1103.3791
a range +21000 +21600 2030 9005 1103.3843
a range +21000 +21600 2031 9011 1103.3917
a range +21600 +22200 2026 9011 1103.3918
a range +21600 +22200 2027 9005 1103.3844
a range +21600 +22200 2028 9002 1103.3791
a range +21600 +22200 2029 9008 1103.3791
a range +22200 +22800 2025 9011 1103.3967
a range +22200 +22800 2026 9008 1103.3918
a range +22200 +22800 2027 9002 1103.3844
a range +22200 +22800 2028 9005 1103.3791
a range +22800 +23400 2025 9005 1103.3967
a range +22800 +23400 2026 9002 1103.3918
a range +22800 +23400 2027 9008 1103.3844
a range +22800 +23400 2028 9011 1103.3791
a range +23400 +24000 2024 9008 1103.3992
a range +23400 +24000 2025 9002 1103.3967
a range +23400 +24000 2026 9005 1103.3918
a range +23400 +24000 2027 9011 1103.3844
a range +24000 +24600 2022 9011 1103.3663
a range +24000 +24600 2023 9005 1103.3806
a range +24000 +24600 2024 9002 1103.3992
a range +24000 +24600 2025 9008 1103.3967
a range +24600 +25200 2021 9011 1103.3648
a range +24600 +25200 2022 9008 1103.3663
a range +24600 +25200 2023 9002 1103.3806
a range +24600 +25200 2024 9005 1103.3992
a range +25200 +25800 2021 9005 1103.3648
a range +25200 +25800 2022 9002 1103.3663
a range +25200 +25800 2023 9008 1103.3806
a range +25200 +25800 2024 9011 1103.3992
a range +25800 +26400 2020 9008 1103.3763
a range +25800 +26400 2021 9002 1103.3648
a range +25800 +26400 2022 9005 1103.3663
a range +25800 +26400 2023 9011 1103.3806
a range +26400 +27000 2018 9011 1103.4095
a range +26400 +27000 2019 9005 1103.3955
a range +26400 +27000 2020 9002 1103.3763
a range +26400 +27000 2021 9008 1103.3648
a range +27000 +27600 2017 9011 1103.4109
a range +27000 +27600 2018 9008 1103.4095
a range +27000 +27600 2019 9002 1103.3955
a range +27000 +27600 2020 9005 1103.3763
a range +27600 +28200 2017 9005 1103.4109
a range +27600 +28200 2018 9002 1103.4095
a range +27600 +28200 2019 9008 1103.3955
a range +27600 +28200 2020 9011 1103.3763
a range +28200 +28800 2016 9008 1103.1961
a range +28200 +28800 2017 9002 1103.4109
a range +28200 +28800 2018 9005 1103.4095
a range +28200 +28800 2019 9011 1103.3955
a range +28800 +29400 2014 9011 1103.3868
a range +28800 +29400 2015 9005 1103.2915
a range +28800 +29400 2016 9002 1103.1961
a range +28800 +29400 2017 9008 1103.4109
a range +29400 +30000 2013 9011 1103.4032
a range +29400 +30000 2014 9008 1103.3868
a range +29400 +30000 2015 9002 1103.2915
a range +29400 +30000 2016 9005 1103.1961
a range +30000 +30600 2013 9005 1103.4032
a range +30000 +30600 2014 9002 1103.3868
a range +30000 +30600 2015 9008 1103.2915
a range +30000 +30600 2016 9011 1103.1961
a range +30000 +30600 2061 9012 1104.7647
a range +30000 +30600 2062 9009 1104.7633
a range +30000 +30600 2063 9006 1104.7687
a range +30000 +30600 2064 9003 1104.7778
a range +30600 +31200 2012 9008 1103.3864
a range +30600 +31200 2013 9002 1103.4032
a range +30600 +31200 2014 9005 1103.3868
a range +30600 +31200 2015 9011 1103.2915
a range +30600 +31200 2061 9009 1104.7647
a range +30600 +31200 2062 9012 1104.7633
a range +30600 +31200 2063 9003 1104.7687
a range +30600 +31200 2064 9006 1104.7778
a range +31200 +31800 2009 9011 1103.101
a range +31200 +31800 2010 9005 1103.0057
a range +31200 +31800 2012 9002 1103.3864
a range +31200 +31800 2013 9008 1103.4032
a range +31200 +31800 2061 9006 1104.7647
a range +31200 +31800 2062 9003 1104.7633
a range +31200 +31800 2063 9012 1104.7687
a range +31200 +31800 2064 9009 1104.7778
a range +31800 +32400 2009 9008 1103.101
a range +31800 +32400 2010 9011 1103.0057
a range +31800 +32400 2011 9002 1103.3707
a range +31800 +32400 2012 9005 1103.3864
a range +31800 +32400 2061 9003 1104.7647
a range +31800 +32400 2062 9006 1104.7633
a range +31800 +32400 2063 9009 1104.7687
a range +31800 +32400 2064 9012 1104.7778
a range +32400 +33000 2008 9008 1103.3926
a range +32400 +33000 2009 9002 1103.101
a range +32400 +33000 2011 9005 1103.3707
a range +32400 +33000 2012 9011 1103.3864
a range +32400 +33000 2057 9012 1104.785
a range +32400 +33000 2058 9009 1104.7863
a range +32400 +33000 2059 9006 1104.7811
a range +32400 +33000 2060 9003 1104.7717
a range +33000 +33600 2007 9011 1103.3845
a range +33000 +33600 2008 9002 1103.3926
a range +33000 +33600 2009 9005 1103.101
a range +33000 +33600 2011 9008 1103.3707
a range +33000 +33600 2057 9009 1104.785
a range +33000 +33600 2058 9012 1104.7863
a range +33000 +33600 2059 9003 1104.7811
a range +33000 +33600 2060 9006 1104.7717
a range +33600 +34200 2006 9008 1103.3787
a range +33600 +34200 2007 9002 1103.3845
a range +33600 +34200 2008 9005 1103.3926
a range +33600 +34200 2011 9011 1103.3707
a range +33600 +34200 2057 9006 1104.785
a range +33600 +34200 2058 9003 1104.7863
a range +33600 +34200 2059 9012 1104.7811
a range +33600 +34200 2060 9009 1104.7717
a range +34200 +34800 2006 9005 1103.3787
a range +34200 +34800 2007 9008 1103.3845
a range +34200 +34800 2008 9011 1103.3926
a range +34200 +34800 2010 9002 1103.3644
a range +34200 +34800 2057 9003 1104.785
a range +34200 +34800 2058 9006 1104.7863
a range +34200 +34800 2059 9009 1104.7811
a range +34200 +34800 2060 9012 1104.7717
a range +34800 +35400 2005 9011 1103.3783
a range +34800 +35400 2006 9002 1103.3787
a range +34800 +35400 2007 9005 1103.3845
a range +34800 +35400 2010 9008 1103.3644
a range +34800 +35400 2053 9012 1104.7563
a range +34800 +35400 2054 9009 1104.7452
a range +34800 +35400 2055 9006 1104.7508
a range +34800 +35400 2056 9003 1104.7711
a range +35400 +36000 2003 9008 1103.3907
a range +35400 +36000 2004 9005 1103.3832
a range +35400 +36000 2005 9002 1103.3783
a range +35400 +36000 2006 9011 1103.3787
a range +35400 +36000 2053 9009 1104.7563
a range +35400 +36000 2054 9012 1104.7452
a range +35400 +36000 2055 9003 1104.7508
a range +35400 +36000 2056 9006 1104.7711
a range +36000 +36600 2002 9008 1103.3969
a range +36000 +36600 2003 9011 1103.3907
a range +36000 +36600 2004 9002 1103.3832
a range +36000 +36600 2005 9005 1103.3783
a range +36000 +36600 2053 9006 1104.7563
a range +36000 +36600 2054 9003 1104.7452
a range +36000 +36600 2055 9012 1104.7508
a range +36000 +36600 2056 9009 1104.7711
a range +36600 +37200 2002 9005 1103.3969
a range +36600 +37200 2003 9002 1103.3907
a range +36600 +37200 2004 9011 1103.3832
a range +36600 +37200 2005 9008 1103.3783
a range +36600 +37200 2053 9003 1104.7563
a range +36600 +37200 2054 9006 1104.7452
a range +36600 +37200 2055 9009 1104.7508
a range +36600 +37200 2056 9012 1104.7711
a range +37200 +37800 2001 9011 1103.3976
a range +37200 +37800 2002 9002 1103.3969
a range +37200 +37800 2049 9012 1104.793
a range +37200 +37800 2050 9009 1104.8046
a range +37200 +37800 2051 9006 1104.7988
a range +37200 +37800 2052 9003 1104.7797
a range +37800 +38400 2001 9002 1103.3976
a range +37200 +38400 2003 9005 1103.3907
a range +37200 +38400 2004 9008 1103.3832
a range +37800 +38400 2049 9009 1104.793
a range +37800 +38400 2050 9012 1104.8046
a range +37800 +38400 2051 9003 1104.7988
a range +37800 +38400 2052 9006 1104.7797
a range +38400 +39000 2001 9008 1103.3976
a range +37800 +39000 2002 9011 1103.3969
a range +38400 +39000 2003 9002 1103.3907
a range +38400 +39000 2049 9006 1104.793
a range +38400 +39000 2050 9003 1104.8046
a range +38400 +39000 2051 9012 1104.7988
a range +38400 +39000 2052 9009 1104.7797
a range +38400 +39000 2064 9005 1103.3832
a range +39000 +39600 2002 9002 1103.3969
a range +39000 +39600 2049 9003 1104.793
a range +39000 +39600 2050 9006 1104.8046
a range +39000 +39600 2051 9009 1104.7988
a range +39000 +39600 2052 9012 1104.7797
a range +39000 +39600 2063 9011 1103.3769
a range +39000 +39600 2064 9008 1103.3832
a range +39000 +40200 2001 9005 1103.3976
a range +39600 +40200 2004 9002 1103.3832
a range +39600 +40200 2045 9012 1103.8585
a range +39600 +40200 2046 9009 1103.7201
a range +39600 +40200 2047 9006 1103.5829
a range +39600 +40200 2048 9003 1103.4468
a range +39600 +40200 2063 9008 1103.3769
a range +39600 +40200 2064 9011 1103.3832
a range +40200 +40800 2001 9008 1103.3976
a range +40200 +40800 2045 9009 1103.8585
a range +40200 +40800 2046 9012 1103.7201
a range +40200 +40800 2047 9003 1103.5829
a range +40200 +40800 2048 9006 1103.4468
a range +40200 +40800 2062 9011 1103.3771
a range +40200 +40800 2063 9005 1103.3769
a range +40200 +40800 2064 9002 1103.3832
a range +40800 +41400 2001 9011 1103.3976
a range +40800 +41400 2045 9006 1103.8585
a range +40800 +41400 2046 9003 1103.7201
a range +40800 +41400 2047 9012 1103.5829
a range +40800 +41400 2048 9009 1103.4468
a range +40800 +41400 2061 9008 1103.3838
a range +40800 +41400 2062 9005 1103.3771
a range +40800 +41400 2063 9002 1103.3769
a range +41400 +42000 2001 9002 1103.3976
a range +41400 +42000 2045 9003 1103.8585
a range +41400 +42000 2046 9006 1103.7201
a range +41400 +42000 2047 9009 1103.5829
a range +41400 +42000 2048 9012 1103.4468
a range +41400 +42000 2060 9011 1103.3924
a range +41400 +42000 2061 9005 1103.3838
a range +41400 +42000 2062 9008 1103.3771
a range +42000 +42600 2005 9005 1103.3783
a range +42000 +42600 2041 9012 1104.3991
a range +42000 +42600 2042 9009 1104.2567
a range +42000 +42600 2043 9006 1104.1388
a range +42000 +42600 2044 9003 1103.9981
a range +42000 +42600 2060 9008 1103.3924
a range +42000 +42600 2061 9011 1103.3838
a range +42000 +42600 2062 9002 1103.3771
a range +42600 +43200 2041 9009 1104.3991
a range +42600 +43200 2042 9012 1104.2567
a range +42600 +43200 2043 9003 1104.1388
a range +42600 +43200 2044 9006 1103.9981
a range +43200 +43800 2041 9006 1104.3991
a range +43200 +43800 2042 9003 1104.2567
a range +43200 +43800 2043 9012 1104.1388
a range +43200 +43800 2044 9009 1103.9981
a range +43800 +44400 2041 9003 1104.3991
a range +43800 +44400 2042 9006 1104.2567
a range +43800 +44400 2043 9009 1104.1388
a range +43800 +44400 2044 9012 1103.9981
a range +44400 +45000 2037 9012 1104.7672
a range +44400 +45000 2038 9009 1104.7768
a range +44400 +45000 2039 9006 1104.7849
a range +44400 +45000 2040 9003 1104.7876
a range +45000 +45600 2037 9009 1104.7672
a range +45000 +45600 2038 9012 1104.7768
a range +45000 +45600 2039 9003 1104.7849
a range +45000 +45600 2040 9006 1104.7876
a range +45600 +46200 2037 9006 1104.7672
a range +45600 +46200 2038 9003 1104.7768
a range +45600 +46200 2039 9012 1104.7849
a range +45600 +46200 2040 9009 1104.7876
a range +46200 +46800 2037 9003 1104.7672
a range +46200 +46800 2038 9006 1104.7768
a range +46200 +46800 2039 9009 1104.7849
a range +46200 +46800 2040 9012 1104.7876
a range +46800 +47400 2033 9012 1104.7829
a range +46800 +47400 2034 9009 1104.7739
a range +46800 +47400 2035 9006 1104.7649
a range +46800 +47400 2036 9003 1104.7621
a range +47400 +48000 2033 9009 1104.7829
a range +47400 +48000 2034 9012 1104.7739
a range +47400 +48000 2035 9003 1104.7649
a range +47400 +48000 2036 9006 1104.7621
a range +48000 +48600 2033 9006 1104.7829
a range +48000 +48600 2034 9003 1104.7739
a range +48000 +48600 2035 9012 1104.7649
a range +48000 +48600 2036 9009 1104.7621
a range +48600 +49200 2033 9003 1104.7829
a range +48600 +49200 2034 9006 1104.7739
a range +48600 +49200 2035 9009 1104.7649
a range +48600 +49200 2036 9012 1104.7621
a range +49200 +49800 2029 9012 1104.7832
a range +49200 +49800 2030 9009 1104.7774
a range +49200 +49800 2031 9006 1104.77
a range +49200 +49800 2032 9003 1104.7656
a range +49800 +50400 2029 9009 1104.7832
a range +49800 +50400 2030 9012 1104.7774
a range +49800 +50400 2031 9003 1104.77
a range +49800 +50400 2032 9006 1104.7656
a range +50400 +51000 2029 9006 1104.7832
a range +50400 +51000 2030 9003 1104.7774
a range +50400 +51000 2031 9012 1104.77
a range +50400 +51000 2032 9009 1104.7656
a range +51000 +51600 2029 9003 1104.7832
a range +51000 +51600 2030 9006 1104.7774
a range +51000 +51600 2031 9009 1104.77
a range +51000 +51600 2032 9012 1104.7656
a range +51600 +52200 2025 9012 1104.7664
a range +51600 +52200 2026 9009 1104.7719
a range +51600 +52200 2027 9006 1104.7794
a range +51600 +52200 2028 9003 1104.7841
a range +52200 +52800 2025 9009 1104.7664
a range +52200 +52800 2026 9012 1104.7719
a range +52200 +52800 2027 9003 1104.7794
a range +52200 +52800 2028 9006 1104.7841
a range +52200 +52800 2037 9010 1105.0698
a range +52200 +52800 2038 9001 1105.069
a range +52200 +52800 2039 9007 1105.062
a range +52200 +52800 2040 9004 1105.0519
a range +52800 +53400 2025 9006 1104.7664
a range +52800 +53400 2026 9003 1104.7719
a range +52800 +53400 2027 9012 1104.7794
a range +52800 +53400 2028 9009 1104.7841
a range +52800 +53400 2037 9001 1105.0698
a range +52800 +53400 2038 9010 1105.069
a range +52800 +53400 2039 9004 1105.062
a range +52800 +53400 2040 9007 1105.0519
a range +53400 +54000 2025 9003 1104.7664
a range +53400 +54000 2026 9006 1104.7719
a range +53400 +54000 2027 9009 1104.7794
a range +53400 +54000 2028 9012 1104.7841
a range +53400 +54000 2035 9004 1105.0531
a range +53400 +54000 2036 9001 1105.0633
a range +53400 +54000 2038 9007 1105.069
a range +53400 +54000 2040 9010 1105.0519
a range +54000 +54600 2021 9012 1104.7925
a range +54000 +54600 2022 9009 1104.7771
a range +54000 +54600 2023 9006 1104.759
a range +54000 +54600 2024 9003 1104.7508
a range +54000 +54600 2035 9001 1105.0531
a range +54000 +54600 2036 9004 1105.0633
a range +54000 +54600 2037 9007 1105.0698
a range +54000 +54600 2039 9010 1105.062
a range +54600 +55200 2021 9009 1104.7925
a range +54600 +55200 2022 9012 1104.7771
a range +54600 +55200 2023 9003 1104.759
a range +54600 +55200 2024 9006 1104.7508
a range +54600 +55200 2032 9007 1105.0598
a range +54600 +55200 2033 9004 1105.0456
a range +54600 +55200 2034 9001 1105.0458
a range +54600 +55200 2035 9010 1105.0531
a range +55200 +55800 2021 9006 1104.7925
a range +55200 +55800 2022 9003 1104.7771
a range +55200 +55800 2023 9012 1104.759
a range +55200 +55800 2024 9009 1104.7508
a range +55200 +55800 2031 9007 1105.0526
a range +55200 +55800 2032 9010 1105.0598
a range +55200 +55800 2033 9001 1105.0456
a range +55200 +55800 2034 9004 1105.0458
a range +55800 +56400 2021 9003 1104.7925
a range +55800 +56400 2022 9006 1104.7771
a range +55800 +56400 2023 9009 1104.759
a range +55800 +56400 2024 9012 1104.7508
a range +55800 +56400 2031 9004 1105.0526
a range +55800 +56400 2032 9001 1105.0598
a range +55800 +56400 2033 9010 1105.0456
a range +55800 +56400 2034 9007 1105.0458
a range +56400 +57000 2017 9012 1104.7569
a range +56400 +57000 2018 9009 1104.7727
a range +56400 +57000 2019 9006 1104.7904
a range +56400 +57000 2020 9003 1104.7989
a range +56400 +57000 2030 9010 1105.0482
a range +56400 +57000 2031 9001 1105.0526
a range +56400 +57000 2032 9004 1105.0598
a range +56400 +57000 2033 9007 1105.0456
a range +57000 +57600 2017 9009 1104.7569
a range +57000 +57600 2018 9012 1104.7727
a range +57000 +57600 2019 9003 1104.7904
a range +57000 +57600 2020 9006 1104.7989
a range +57000 +57600 2028 9007 1105.0553
a range +57000 +57600 2029 9004 1105.0495
a range +57000 +57600 2030 9001 1105.0482
a range +57000 +57600 2031 9010 1105.0526
a range +57600 +58200 2017 9006 1104.7569
a range +57600 +58200 2018 9003 1104.7727
a range +57600 +58200 2019 9012 1104.7904
a range +57600 +58200 2020 9009 1104.7989
a range +57600 +58200 2027 9007 1105.0629
a range +57600 +58200 2028 9010 1105.0553
a range +57600 +58200 2029 9001 1105.0495
a range +57600 +58200 2030 9004 1105.0482
a range +58200 +58800 2017 9003 1104.7569
a range +58200 +58800 2018 9006 1104.7727
a range +58200 +58800 2019 9009 1104.7904
a range +58200 +58800 2020 9012 1104.7989
a range +58200 +58800 2027 9004 1105.0629
a range +58200 +58800 2028 9001 1105.0553
a range +58200 +58800 2029 9010 1105.0495
a range +58200 +58800 2030 9007 1105.0482
a range +58800 +59400 2013 9012 1104.2262
a range +58800 +59400 2014 9009 1104.132
a range +58800 +59400 2015 9006 1104.0382
a range +58800 +59400 2016 9003 1104.7018
a range +58800 +59400 2026 9010 1105.0671
a range +58800 +59400 2027 9001 1105.0629
a range +58800 +59400 2028 9004 1105.0553
a range +58800 +59400 2029 9007 1105.0495
a range +59400 +60000 2012 9012 1104.321
a range +59400 +60000 2013 9009 1104.2262
a range +59400 +60000 2014 9003 1104.132
a range +59400 +60000 2016 9006 1104.7018
a range +59400 +60000 2024 9007 1105.072
a range +59400 +60000 2025 9004 1105.0656
a range +59400 +60000 2026 9001 1105.0671
a range +59400 +60000 2027 9010 1105.0629
a range +60000 +60600 2012 9009 1104.321
a range +60000 +60600 2013 9003 1104.2262
a range +60000 +60600 2014 9006 1104.132
a range +60000 +60600 2016 9012 1104.7018
a range +60000 +60600 2023 9007 1105.0538
a range +60000 +60600 2024 9010 1105.072
a range +60000 +60600 2025 9001 1105.0656
a range +60000 +60600 2026 9004 1105.0671
a range +60600 +61200 2012 9003 1104.321
a range +60600 +61200 2013 9006 1104.2262
a range +60600 +61200 2014 9012 1104.132
a range +60600 +61200 2016 9009 1104.7018
a range +60600 +61200 2023 9004 1105.0538
a range +60600 +61200 2024 9001 1105.072
a range +60600 +61200 2025 9010 1105.0656
a range +60600 +61200 2026 9007 1105.0671
a range +61200 +61800 2010 9012 1104.5113
a range +61200 +61800 2011 9009 1104.4161
a range +61200 +61800 2012 9006 1104.321
a range +61200 +61800 2015 9003 1104.7971
a range +61200 +61800 2022 9010 1105.0377
a range +61200 +61800 2023 9001 1105.0538
a range +61200 +61800 2024 9004 1105.072
a range +61200 +61800 2025 9007 1105.0656
a range +61800 +62400 2009 9012 1104.6067
a range +61800 +62400 2010 9006 1104.5113
a range +61800 +62400 2011 9003 1104.4161
a range +61800 +62400 2015 9009 1104.7971
a range +61800 +62400 2020 9007 1105.043
a range +61800 +62400 2021 9004 1105.0337
a range +61800 +62400 2022 9001 1105.0377
a range +61800 +62400 2023 9010 1105.0538
a range +62400 +63000 2009 9009 1104.6067
a range +62400 +63000 2010 9003 1104.5113
a range +62400 +63000 2011 9006 1104.4161
a range +62400 +63000 2015 9012 1104.7971
a range +62400 +63000 2019 9007 1105.0617
a range +62400 +63000 2020 9010 1105.043
a range +62400 +63000 2021 9001 1105.0337
a range +62400 +63000 2022 9004 1105.0377
a range +63000 +63600 2008 9006 1104.7812
a range +63000 +63600 2009 9003 1104.6067
a range +63000 +63600 2010 9009 1104.5113
a range +63000 +63600 2011 9012 1104.4161
a range +63000 +63600 2019 9004 1105.0617
a range +63000 +63600 2020 9001 1105.043
a range +63000 +63600 2021 9010 1105.0337
a range +63000 +63600 2022 9007 1105.0377
a range +63600 +64200 2006 9012 1104.7669
a range +63600 +64200 2007 9009 1104.7735
a range +63600 +64200 2008 9003 1104.7812
a range +63600 +64200 2009 9006 1104.6067
a range +63600 +64200 2018 9010 1105.0774
a range +63600 +64200 2019 9001 1105.0617
a range +63600 +64200 2020 9004 1105.043
a range +63600 +64200 2021 9007 1105.0337
a range +64200 +64800 2005 9012 1104.7649
a range +64200 +64800 2006 9006 1104.7669
a range +64200 +64800 2007 9003 1104.7735
a range +64200 +64800 2008 9009 1104.7812
a range +64200 +64800 2016 9007 1104.6829
a range +64200 +64800 2017 9004 1105.0814
a range +64200 +64800 2018 9001 1105.0774
a range +64200 +64800 2019 9010 1105.0617
a range +64800 +65400 2005 9009 1104.7649
a range +64800 +65400 2006 9003 1104.7669
a range +64800 +65400 2007 9006 1104.7735
a range +64800 +65400 2008 9012 1104.7812
a range +64800 +65400 2015 9007 1104.7753
a range +64800 +65400 2016 9010 1104.6829
a range +64800 +65400 2017 9001 1105.0814
a range +64800 +65400 2018 9004 1105.0774
a range +65400 +66000 2004 9006 1104.7684
a range +65400 +66000 2005 9003 1104.7649
a range +65400 +66000 2006 9009 1104.7669
a range +65400 +66000 2007 9012 1104.7735
a range +65400 +66000 2015 9004 1104.7753
a range +65400 +66000 2016 9001 1104.6829
a range +65400 +66000 2017 9010 1105.0814
a range +65400 +66000 2018 9007 1105.0774
a range +66000 +66600 2002 9012 1104.7826
a range +66000 +66600 2003 9009 1104.7756
a range +66000 +66600 2004 9003 1104.7684
a range +66000 +66600 2005 9006 1104.7649
a range +66000 +66600 2014 9010 1104.8928
a range +66000 +66600 2015 9001 1104.7753
a range +66000 +66600 2016 9004 1104.6829
a range +66000 +66600 2017 9007 1105.0814
a range +66600 +67200 2001 9012 1104.7848
a range +66600 +67200 2002 9006 1104.7826
a range +66600 +67200 2003 9003 1104.7756
a range +66600 +67200 2004 9009 1104.7684
a range +66600 +67200 2011 9007 1104.4086
a range +66600 +67200 2013 9004 1104.9865
a range +66600 +67200 2014 9001 1104.8928
a range +66600 +67200 2015 9010 1104.7753
a range +67200 +67800 2001 9009 1104.7848
a range +67200 +67800 2002 9003 1104.7826
a range +67200 +67800 2010 9007 1104.4995
a range +67200 +67800 2011 9010 1104.4086
a range +67200 +67800 2013 9001 1104.9865
a range +67200 +67800 2014 9004 1104.8928
a range +67800 +68400 2001 9003 1104.7848
a range +67200 +68400 2003 9006 1104.7756
a range +67200 +68400 2004 9012 1104.7684
a range +67800 +68400 2010 9004 1104.4995
a range +67800 +68400 2011 9001 1104.4086
a range +67800 +68400 2013 9010 1104.9865
a range +67800 +68400 2014 9007 1104.8928
a range +67800 +69000 2002 9009 1104.7826
a range +68400 +69000 2004 9003 1104.7684
a range +68400 +69000 2010 9010 1104.4995
a range +68400 +69000 2011 9004 1104.4086
a range +68400 +69000 2012 9001 1105.0807
a range +68400 +69000 2013 9007 1104.9865
a range +68400 +69600 2001 9006 1104.7848
a range +69000 +69600 2002 9003 1104.7826
a range +68400 +69600 2003 9012 1104.7756
a range +69000 +69600 2008 9010 1105.0545
a range +69000 +69600 2009 9007 1104.5911
a range +69000 +69600 2010 9001 1104.4995
a range +69000 +69600 2012 9004 1105.0807
a range +69000 +69600 2064 9009 1104.7778
a range +69600 +70200 2001 9003 1104.7848
a range +69600 +70200 2007 9010 1105.0624
a range +69600 +70200 2008 9004 1105.0545
a range +69600 +70200 2009 9001 1104.5911
a range +69600 +70200 2012 9007 1105.0807
a range +69600 +70200 2062 9012 1104.7633
a range +69600 +70200 2063 9009 1104.7687
a range +69600 +70200 2064 9006 1104.7778
a range +70200 +70800 2001 9012 1104.7848
a range +70200 +70800 2007 9007 1105.0624
a range +70200 +70800 2008 9001 1105.0545
a range +70200 +70800 2009 9004 1104.5911
a range +70200 +70800 2012 9010 1105.0807
a range +70200 +70800 2062 9009 1104.7633
a range +70200 +70800 2063 9006 1104.7687
a range +70200 +70800 2064 9003 1104.7778
a range +70800 +71400 2001 9009 1104.7848
a range +70800 +71400 2006 9004 1105.0672
a range +70800 +71400 2007 9001 1105.0624
a range +70800 +71400 2008 9007 1105.0545
a range +70800 +71400 2009 9010 1104.5911
a range +70800 +71400 2062 9006 1104.7633
a range +70800 +71400 2063 9003 1104.7687
a range +70800 +71400 2064 9012 1104.7778
a range +71400 +72000 2003 9009 1104.7756
a range +71400 +72000 2004 9010 1105.0608
a range +71400 +72000 2005 9007 1105.0665
a range +71400 +72000 2006 9001 1105.0672
a range +71400 +72000 2007 9004 1105.0624
a range +71400 +72000 2061 9006 1104.7647
a range +71400 +72000 2062 9003 1104.7633
a range +71400 +72000 2063 9012 1104.7687
a range +72000 +72600 2002 9010 1105.0481
a range +72000 +72600 2003 9003 1104.7756
a range +72000 +72600 2004 9004 1105.0608
a range +72000 +72600 2005 9001 1105.0665
a range +72000 +72600 2006 9007 1105.0672
a range +72000 +72600 2059 9012 1104.7811
a range +72000 +72600 2060 9006 1104.7717
a range +72000 +72600 2061 9009 1104.7647
a range +72600 +73200 2002 9007 1105.0481
a range +72600 +73200 2004 9001 1105.0608
a range +72600 +73200 2005 9004 1105.0665
a range +72600 +73200 2006 9010 1105.0672
a range +72600 +73200 2007 9003 1104.7735
a range +72600 +73200 2059 9006 1104.7811
a range +72600 +73200 2060 9009 1104.7717
a range +72600 +73200 2061 9012 1104.7647
a range +73200 +73800 2002 9004 1105.0481
a range +73200 +73800 2003 9001 1105.0533
a range +73200 +73800 2005 9010 1105.0665
a range +73200 +73800 2008 9006 1104.7812
a range +73200 +73800 2059 9009 1104.7811
a range +73200 +73800 2060 9012 1104.7717
a range +73200 +73800 2061 9003 1104.7647
a range +73800 +74400 2001 9010 1105.0486
a range +73800 +74400 2003 9004 1105.0533
a range +73200 +74400 2004 9007 1105.0608
a range +73800 +74400 2006 9006 1104.7669
a range +73800 +74400 2057 9012 1104.785
a range +73800 +74400 2058 9009 1104.7863
a range +73800 +74400 2060 9003 1104.7717
a range +74400 +75000 2001 9007 1105.0486
a range +73800 +75000 2002 9001 1105.0481
a range +74400 +75000 2003 9010 1105.0533
a range +74400 +75000 2005 9006 1104.7649
a range +74400 +75000 2057 9009 1104.785
a range +74400 +75000 2058 9012 1104.7863
a range +74400 +75000 2059 9003 1104.7811
a range +74400 +75000 2064 9004 1105.0694
a range +75000 +75600 2001 9004 1105.0486
a range +75000 +75600 2004 9009 1104.7684
a range +75000 +75600 2056 9012 1104.7711
a range +75000 +75600 2057 9006 1104.785
a range +75000 +75600 2058 9003 1104.7863
a range +75000 +75600 2063 9001 1105.0674
a range +75000 +75600 2064 9010 1105.0694
a range +75000 +76200 2003 9007 1105.0533
a range +75600 +76200 2005 9012 1104.7649
a range +75600 +76200 2056 9009 1104.7711
a range +75600 +76200 2057 9003 1104.785
a range +75600 +76200 2058 9006 1104.7863
a range +75600 +76200 2062 9010 1105.0598
a range +75600 +76200 2063 9004 1105.0674
a range +75600 +76800 2001 9001 1105.0486
a range +76200 +76800 2005 9003 1104.7649
a range +76200 +76800 2054 9012 1104.7452
a range +76200 +76800 2055 9009 1104.7508
a range +76200 +76800 2056 9006 1104.7711
a range +76200 +76800 2062 9004 1105.0598
a range +76200 +76800 2063 9010 1105.0674
a range +76200 +76800 2064 9007 1105.0694
a range +76800 +77400 2053 9012 1104.7563
a range +76800 +77400 2054 9009 1104.7452
a range +76800 +77400 2055 9006 1104.7508
a range +76800 +77400 2056 9003 1104.7711
a range +76800 +77400 2060 9010 1105.0459
a range +76800 +77400 2061 9004 1105.0506
a range +76800 +77400 2063 9007 1105.0674
a range +76800 +77400 2064 9001 1105.0694
a range +77400 +78000 2052 9012 1104.7797
a range +77400 +78000 2053 9009 1104.7563
a range +77400 +78000 2054 9006 1104.7452
a range +77400 +78000 2055 9003 1104.7508
a range +77400 +78000 2059 9010 1105.0478
a range +77400 +78000 2060 9004 1105.0459
a range +77400 +78000 2061 9007 1105.0506
a range +77400 +78000 2062 9001 1105.0598
a range +78000 +78600 2052 9009 1104.7797
a range +78000 +78600 2053 9006 1104.7563
a range +78000 +78600 2054 9003 1104.7452
a range +78000 +78600 2055 9012 1104.7508
a range +78000 +78600 2059 9004 1105.0478
a range +78000 +78600 2060 9001 1105.0459
a range +78000 +78600 2061 9010 1105.0506
a range +78000 +78600 2062 9007 1105.0598
a range +78600 +79200 2051 9011 1105.0454
a range +78600 +79200 2054 9004 1105.0539
a range +78600 +79200 2055 9010 1105.0769
a range +78600 +79200 2056 9005 1105.0949
a range +78600 +79200 2057 9008 1105.0718
a range +78600 +79200 2058 9002 1105.0623
a range +78600 +79200 2060 9007 1105.0459
a range +78600 +79200 2061 9001 1105.0506
a range +79200 +79800 2052 9011 1105.0349
a range +79200 +79800 2053 9010 1105.0348
a range +79200 +79800 2054 9007 1105.0539
a range +79200 +79800 2055 9004 1105.0769
a range +79200 +79800 2056 9008 1105.0949
a range +79200 +79800 2057 9002 1105.0718
a range +79200 +79800 2058 9005 1105.0623
a range +79200 +79800 2059 9001 1105.0478
a range +79800 +80400 2053 9004 1105.0348
a range +79800 +80400 2054 9010 1105.0539
a range +79800 +80400 2055 9001 1105.0769
a range +79800 +80400 2057 9011 1105.0718
a range +79800 +80400 2058 9008 1105.0623
a range +79800 +80400 2059 9007 1105.0478
a range +79800 +80400 2060 9005 1105.0531
a range +79800 +80400 2061 9002 1105.0578
a range +80400 +81000 2053 9007 1105.0348
a range +80400 +81000 2054 9011 1105.0611
a range +80400 +81000 2055 9008 1105.0841
a range +80400 +81000 2056 9010 1105.0876
a range +80400 +81000 2057 9004 1105.0646
a range +80400 +81000 2058 9001 1105.0551
a range +80400 +81000 2059 9005 1105.0551
a range +80400 +81000 2060 9002 1105.0531
a range +81000 +81600 2052 9010 1105.0277
a range +81000 +81600 2053 9011 1105.0421
a range +81000 +81600 2054 9008 1105.0611
a range +81000 +81600 2055 9005 1105.0841
a range +81000 +81600 2056 9007 1105.0876
a range +81000 +81600 2057 9001 1105.0646
a range +81000 +81600 2058 9004 1105.0551
a range +81000 +81600 2059 9002 1105.0551
a range +81600 +82200 2052 9004 1105.0277
a range +81600 +82200 2053 9008 1105.0421
a range +81600 +82200 2054 9005 1105.0611
a range +81600 +82200 2055 9002 1105.0841
a range +81600 +82200 2056 9001 1105.0876
a range +81600 +82200 2057 9010 1105.0646
a range +81600 +82200 2058 9007 1105.0551
a range +81600 +82200 2059 9011 1105.0551
a range +82200 +82800 2052 9002 1105.0349
a range +82200 +82800 2053 9005 1105.0421
a range +82200 +82800 2054 9001 1105.0539
a range +82200 +82800 2055 9011 1105.0841
a range +82200 +82800 2056 9004 1105.0876
a range +82200 +82800 2057 9007 1105.0646
a range +82200 +82800 2058 9010 1105.0551
a range +82200 +82800 2059 9008 1105.0551
a range +82800 +83400 2050 9010 1105.061
a range +82800 +83400 2051 9004 1105.0382
a range +82800 +83400 2052 9008 1105.0349
a range +82800 +83400 2053 9001 1105.0348
a range +82800 +83400 2055 9007 1105.0769
a range +82800 +83400 2056 9002 1105.0949
a range +82800 +83400 2057 9005 1105.0718
a range +82800 +83400 2058 9011 1105.0623
a range +83400 +84000 2047 9010 1105.0361
a range +83400 +84000 2048 9008 1105.0351
a range +83400 +84000 2049 9007 1105.0807
a range +83400 +84000 2050 9004 1105.061
a range +83400 +84000 2051 9005 1105.0454
a range +83400 +84000 2052 9001 1105.0277
a range +83400 +84000 2054 9002 1105.0611
a range +83400 +84000 2056 9011 1105.0949
a range +84000 +84600 2046 9011 1105.065
a range +84000 +84600 2047 9008 1105.0434
a range +84000 +84600 2048 9010 1105.0279
a range +84000 +84600 2049 9004 1105.0807
a range +84000 +84600 2050 9007 1105.061
a range +84000 +84600 2051 9001 1105.0382
a range +84000 +84600 2052 9005 1105.0349
a range +84000 +84600 2053 9002 1105.0421
a range +84600 +85200 2045 9010 1105.078
a range +84600 +85200 2046 9008 1105.065
a range +84600 +85200 2047 9011 1105.0434
a range +84600 +85200 2048 9004 1105.0279
a range +84600 +85200 2049 9005 1105.088
a range +84600 +85200 2050 9001 1105.061
a range +84600 +85200 2051 9002 1105.0454
a range +84600 +85200 2052 9007 1105.0277
a range +85200 +85800 2044 9011 1105.072
a range +85200 +85800 2045 9008 1105.0853
a range +85200 +85800 2046 9010 1105.0578
a range +85200 +85800 2047 9004 1105.0361
a range +85200 +85800 2048 9005 1105.0351
a range +85200 +85800 2049 9001 1105.0807
a range +85200 +85800 2050 9002 1105.0682
a range +85200 +85800 2051 9007 1105.0382
a range +85800 +86400 2043 9010 1105.0788
a range +85800 +86400 2045 9011 1105.0853
a range +85800 +86400 2046 9004 1105.0578
a range +85800 +86400 2047 9007 1105.0361
a range +85800 +86400 2048 9001 1105.0279
a range +85800 +86400 2049 9002 1105.088
a range +85800 +86400 2050 9005 1105.0682
a range +85800 +86400 2051 9008 1105.0454
