a contact +0 +200 1001 9003 100000
a contact +200 +500 1001 9003 100000
a contact +500 +1200 1001 9003 100000
a contact +1200 +1500 1001 9003 100000
a contact +1500 +1900 1001 9003 100000
a contact +1900 +2400 1001 9003 100000
a contact +2400 +2500 2010 1001 10000
a contact +2400 +2500 2011 1001 10000
a contact +2400 +2500 2012 1001 10000
a contact +2500 +2700 2010 1001 10000
a contact +2500 +2700 2011 1001 10000
a contact +2500 +2700 2012 1001 10000
a contact +2700 +2800 2010 1001 10000
a contact +2700 +2800 2011 1001 10000
a contact +2700 +2800 2012 1001 10000
a contact +2800 +3300 2010 1001 10000
a contact +2800 +3300 2011 1001 10000
a contact +2800 +3300 2012 1001 10000
a contact +3300 +3700 2010 1001 10000
a contact +3300 +3700 2011 1001 10000
a contact +3300 +3700 2012 1001 10000
a contact +3700 +4200 2010 1001 10000
a contact +3700 +4200 2011 1001 10000
a contact +3700 +4200 2012 1001 10000
a contact +4200 +4600 2010 1001 10000
a contact +4200 +4600 2011 1001 10000
a contact +4200 +4600 2012 1001 10000
a contact +4600 +5100 2010 1001 10000
a contact +4600 +5100 2011 1001 10000
a contact +4600 +5100 2012 1001 10000
a contact +5100 +5500 2010 1001 10000
a contact +5100 +5500 2011 1001 10000
a contact +5100 +5500 2012 1001 10000
a contact +5500 +5900 2010 1001 10000
a contact +5500 +5900 2011 1001 10000
a contact +5500 +5900 2012 1001 10000
a contact +5900 +6000 2010 1001 10000
a contact +5900 +6000 2011 1001 10000
a contact +5900 +6000 2012 1001 10000
a contact +6000 +6300 2010 1001 10000
a contact +6000 +6300 2011 1001 10000
a contact +6000 +6300 2012 1001 10000
a contact +6300 +6800 2010 1001 10000
a contact +6300 +6800 2011 1001 10000
a contact +6300 +6800 2012 1001 10000
a contact +6800 +6900 2010 1001 10000
a contact +6800 +6900 2011 1001 10000
a contact +6800 +6900 2012 1001 10000
a contact +6900 +7200 2010 1001 10000
a contact +6900 +7200 2011 1001 10000
a contact +6900 +7200 2012 1001 10000
a contact +7200 +7800 2010 1001 10000
a contact +7200 +7800 2011 1001 10000
a contact +7200 +7800 2012 1001 10000
a contact +7800 +7900 2005 1001 10000
a contact +7800 +7900 2007 1001 10000
a contact +7800 +7900 2008 1001 10000
a contact +7900 +8200 2001 1001 10000
a contact +7900 +8200 2009 1001 10000
a contact +7900 +8400 1001 9001 100000
a contact +8200 +8400 2002 1001 10000
a contact +8200 +8400 2009 1001 10000
a contact +8400 +8600 1001 9001 100000
a contact +8400 +8600 2002 1001 10000
a contact +8400 +8600 2009 1001 10000
a contact +8600 +8800 2001 1001 10000
a contact +8600 +8800 2002 1001 10000
a contact +8600 +8800 2009 1001 10000
a contact +8800 +9000 2001 1001 10000
a contact +8800 +9000 2002 1001 10000
a contact +8800 +9000 2009 1001 10000
a contact +9000 +9100 2001 1001 10000
a contact +9000 +9100 2002 1001 10000
a contact +9000 +9100 2009 1001 10000
a contact +9100 +9600 1001 9001 100000
a contact +9100 +9600 2003 1001 10000
a contact +9100 +9600 2008 1001 10000
a contact +9600 +10000 2003 1001 10000
a contact +9600 +10000 2004 1001 10000
a contact +10000 +10600 2003 1001 10000
a contact +10000 +10600 2004 1001 10000
a contact +9600 +10600 2008 1001 10000
a contact +10600 +10900 1001 9001 100000
a contact +10600 +10900 1001 9002 100000
a contact +10600 +10900 2005 1001 10000
a contact +10900 +11300 1001 9002 100000
a contact +10900 +11300 2005 1001 10000
a contact +10900 +11300 2007 1001 10000
a contact +11300 +11800 1001 9002 100000
a contact +11300 +11800 2005 1001 10000
a contact +11300 +11800 2007 1001 10000
a contact +11800 +12000 2005 1001 10000
a contact +11800 +12000 2006 1001 10000
a contact +11800 +12000 2007 1001 10000
a contact +12000 +12200 2005 1001 10000
a contact +12000 +12200 2006 1001 10000
a contact +12000 +12200 2007 1001 10000
a contact +12200 +12300 2005 1001 10000
a contact +12200 +12300 2006 1001 10000
a contact +12200 +12300 2007 1001 10000
a contact +12300 +12600 2005 1001 10000
a contact +12300 +12600 2006 1001 10000
a contact +12300 +12600 2007 1001 10000
a contact +12600 +12700 2006 1001 10000
a contact +12600 +12700 2007 1001 10000
a contact +12700 +13100 2006 1001 10000
a contact +12700 +13100 2007 1001 10000
a contact +12600 +13100 2008 1001 10000
a contact +13100 +13700 2001 1001 10000
a contact +13100 +13700 2006 1001 10000
a contact +13100 +13700 2007 1001 10000
a contact +13700 +14100 1001 9002 100000
a contact +13700 +14100 2002 1001 10000
a contact +13700 +14100 2004 1001 10000
a contact +14100 +14200 1001 9002 100000
a contact +14100 +14200 2002 1001 10000
a contact +14100 +14200 2004 1001 10000
a contact +14200 +14500 2002 1001 10000
a contact +14200 +14500 2004 1001 10000
a contact +14200 +14500 2009 1001 10000
a contact +14500 +14700 2001 1001 10000
a contact +14500 +14700 2006 1001 10000
a contact +14500 +14700 2009 1001 10000
a contact +14700 +14900 2001 1001 10000
a contact +14700 +14900 2002 1001 10000
a contact +14700 +14900 2003 1001 10000
a contact +14900 +15000 2001 1001 10000
a contact +14900 +15000 2004 1001 10000
a contact +14900 +15300 1001 9002 100000
a contact +15000 +15300 2001 1001 10000
a contact +15000 +15300 2009 1001 10000
a contact +15300 +15400 2008 1001 10000
a contact +15300 +15400 2009 1001 10000
a contact +15300 +15900 2001 1001 10000
a contact +15400 +15900 2008 1001 10000
a contact +15400 +15900 2009 1001 10000
a contact +15900 +16300 2001 1001 10000
a contact +15900 +16300 2008 1001 10000
a contact +15900 +16300 2009 1001 10000
a contact +16300 +16900 1001 9002 100000
a contact +16300 +16900 2002 1001 10000
a contact +16300 +16900 2003 1001 10000
a contact +16900 +17200 2002 1001 10000
a contact +16900 +17200 2003 1001 10000
a contact +16900 +17200 2004 1001 10000
a contact +17200 +17600 2003 1001 10000
a contact +17200 +17600 2004 1001 10000
a contact +17200 +17700 2002 1001 10000
a contact +17600 +17700 2004 1001 10000
a contact +17700 +17800 2002 1001 10000
a contact +17700 +17800 2004 1001 10000
a contact +17800 +18100 2002 1001 10000
a contact +17600 +18100 2003 1001 10000
a contact +17800 +18100 2004 1001 10000
a contact +18100 +18500 1001 9003 100000
a contact +18100 +18500 2005 1001 10000
a contact +18100 +18500 2006 1001 10000
a contact +18500 +18800 2001 1001 10000
a contact +18500 +18800 2005 1001 10000
a contact +18500 +18800 2006 1001 10000
a contact +18800 +19000 2001 1001 10000
a contact +18800 +19000 2005 1001 10000
a contact +18800 +19000 2006 1001 10000
a contact +19000 +19400 2001 1001 10000
a contact +19000 +19400 2005 1001 10000
a contact +19000 +19400 2006 1001 10000
a contact +19400 +20000 1001 9003 100000
a contact +19400 +20000 2006 1001 10000
a contact +19400 +20000 2009 1001 10000
a contact +20000 +20400 2003 1001 10000
a contact +20000 +20400 2009 1001 10000
a contact +20400 +20500 2003 1001 10000
a contact +20000 +20500 2006 1001 10000
a contact +20400 +20500 2009 1001 10000
a contact +20500 +20800 2003 1001 10000
a contact +20500 +20800 2006 1001 10000
a contact +20500 +20800 2009 1001 10000
a contact +20800 +21000 2007 1001 10000
a contact +20800 +21000 2008 1001 10000
a contact +20800 +21200 1001 9003 100000
a contact +21000 +21200 2004 1001 10000
a contact +21200 +21300 2004 1001 10000
a contact +21000 +21300 2005 1001 10000
a contact +21300 +21600 2004 1001 10000
a contact +21300 +21600 2005 1001 10000
a contact +21200 +21600 2007 1001 10000
a contact +21600 +21700 2004 1001 10000
a contact +21600 +21700 2005 1001 10000
a contact +21600 +21700 2007 1001 10000
a contact +21700 +22200 2004 1001 10000
a contact +21700 +22200 2005 1001 10000
a contact +21700 +22200 2007 1001 10000
a contact +22200 +22600 1001 9003 100000
a contact +22200 +22600 2002 1001 10000
a contact +22200 +22600 2008 1001 10000
a contact +22600 +23200 1001 9001 100000
a contact +22600 +23200 2002 1001 10000
a contact +22600 +23200 2008 1001 10000
a contact +23200 +23500 1001 9003 100000
a contact +23200 +23500 1001 9001 100000
a contact +23500 +23900 1001 9001 100000
a contact +23500 +23900 1001 9003 100000
a contact +23900 +24400 1001 9003 100000
a contact +23900 +24400 1001 9001 100000
a contact +24400 +24700 1001 9001 100000
a contact +24400 +24700 1001 9003 100000
a contact +24700 +24800 1001 9001 100000
a contact +24700 +24800 1001 9003 100000
a contact +24800 +25100 1001 9001 100000
a contact +24800 +25100 1001 9003 100000
a contact +25100 +25300 1001 9001 100000
a contact +25100 +25300 1001 9003 100000
a contact +25300 +25600 1001 9003 100000
a contact +25300 +25600 1001 9001 100000
a contact +25600 +26000 1001 9001 100000
a contact +26000 +26600 2001 1001 10000
a contact +26000 +26600 2004 1001 10000
a contact +26000 +26600 2008 1001 10000
a contact +26600 +26800 2001 1001 10000
a contact +26600 +26800 2004 1001 10000
a contact +26600 +26800 2008 1001 10000
a contact +26800 +27000 2001 1001 10000
a contact +26800 +27000 2004 1001 10000
a contact +26800 +27000 2008 1001 10000
a contact +27000 +27300 2001 1001 10000
a contact +27000 +27300 2004 1001 10000
a contact +27000 +27300 2008 1001 10000
a contact +27300 +27500 2001 1001 10000
a contact +27300 +27500 2004 1001 10000
a contact +27300 +27500 2008 1001 10000
a contact +27500 +27600 2004 1001 10000
a contact +27500 +27600 2008 1001 10000
a contact +27500 +27900 2001 1001 10000
a contact +27600 +27900 2004 1001 10000
a contact +27600 +27900 2008 1001 10000
a contact +27900 +28000 2001 1001 10000
a contact +27900 +28000 2004 1001 10000
a contact +27900 +28000 2008 1001 10000
a contact +28000 +28400 2001 1001 10000
a contact +28000 +28400 2004 1001 10000
a contact +28000 +28400 2008 1001 10000
a contact +28400 +28900 2001 1001 10000
a contact +28400 +28900 2004 1001 10000
a contact +28400 +28900 2008 1001 10000
a contact +28900 +29500 2001 1001 10000
a contact +28900 +29500 2004 1001 10000
a contact +28900 +29500 2008 1001 10000
a contact +29500 +29800 2001 1001 10000
a contact +29500 +29800 2004 1001 10000
a contact +29500 +29800 2008 1001 10000
a contact +29800 +30200 2001 1001 10000
a contact +29800 +30200 2004 1001 10000
a contact +29800 +30200 2008 1001 10000
a contact +30200 +30500 2001 1001 10000
a contact +30200 +30500 2004 1001 10000
a contact +30200 +30500 2008 1001 10000
a contact +30500 +30700 2001 1001 10000
a contact +30500 +30700 2004 1001 10000
a contact +30500 +30700 2008 1001 10000
a contact +30700 +31000 2001 1001 10000
a contact +30700 +31000 2004 1001 10000
a contact +30700 +31000 2008 1001 10000
a contact +31000 +31100 2001 1001 10000
a contact +31000 +31100 2004 1001 10000
a contact +31000 +31100 2008 1001 10000
a contact +31100 +31400 2001 1001 10000
a contact +31100 +31400 2004 1001 10000
a contact +31100 +31400 2008 1001 10000
a contact +31400 +31600 2001 1001 10000
a contact +31400 +31600 2004 1001 10000
a contact +31400 +31600 2008 1001 10000
a contact +31600 +31900 2001 1001 10000
a contact +31600 +31900 2004 1001 10000
a contact +31600 +31900 2008 1001 10000
a contact +31900 +32000 1001 9002 100000
a contact +31900 +32000 2001 1001 10000
a contact +32000 +32600 1001 9002 100000
a contact +32000 +32600 2001 1001 10000
a contact +31900 +32600 2004 1001 10000
a contact +32600 +32900 1001 9002 100000
a contact +32600 +32900 2001 1001 10000
a contact +32600 +32900 2004 1001 10000
a contact +32900 +33100 1001 9002 100000
a contact +32900 +33300 2001 1001 10000
a contact +32900 +33300 2004 1001 10000
a contact +33100 +33300 2007 1001 10000
a contact +33300 +33500 2001 1001 10000
a contact +33300 +33500 2004 1001 10000
a contact +33300 +33500 2007 1001 10000
a contact +33500 +33800 2001 1001 10000
a contact +33500 +33800 2004 1001 10000
a contact +33500 +33800 2007 1001 10000
a contact +33800 +33900 2001 1001 10000
a contact +33800 +33900 2004 1001 10000
a contact +33800 +33900 2007 1001 10000
a contact +33900 +34200 2001 1001 10000
a contact +33900 +34200 2004 1001 10000
a contact +33900 +34200 2007 1001 10000
a contact +34200 +34300 2001 1001 10000
a contact +34200 +34300 2004 1001 10000
a contact +34200 +34300 2007 1001 10000
a contact +34300 +34700 2001 1001 10000
a contact +34300 +34700 2004 1001 10000
a contact +34300 +34700 2007 1001 10000
a contact +34700 +35100 2001 1001 10000
a contact +34700 +35100 2004 1001 10000
a contact +34700 +35100 2007 1001 10000
a contact +35100 +35700 2001 1001 10000
a contact +35100 +35700 2004 1001 10000
a contact +35100 +35700 2007 1001 10000
a contact +35700 +36100 1001 9002 100000
a contact +35700 +36100 2003 1001 10000
a contact +35700 +36100 2005 1001 10000
a contact +36100 +36200 1001 9002 100000
a contact +36100 +36500 2003 1001 10000
a contact +36100 +36500 2005 1001 10000
a contact +36200 +36500 2009 1001 10000
a contact +36500 +36900 1001 9003 100000
a contact +36500 +36900 2002 1001 10000
a contact +36500 +36900 2009 1001 10000
a contact +36900 +37000 2002 1001 10000
a contact +36900 +37000 2006 1001 10000
a contact +37000 +37300 2002 1001 10000
a contact +37000 +37300 2006 1001 10000
a contact +36900 +37300 2009 1001 10000
a contact +37300 +37400 2003 1001 10000
a contact +37300 +37400 2006 1001 10000
a contact +37300 +37400 2012 1001 10000
a contact +37400 +37700 2002 1001 10000
a contact +37400 +37700 2006 1001 10000
a contact +37400 +37900 1001 9003 100000
a contact +37700 +37900 2003 1001 10000
a contact +37700 +37900 2010 1001 10000
a contact +37900 +38200 2003 1001 10000
a contact +37900 +38200 2009 1001 10000
a contact +37900 +38200 2010 1001 10000
a contact +38200 +38300 2009 1001 10000
a contact +38200 +38300 2010 1001 10000
a contact +38200 +38900 2003 1001 10000
a contact +38300 +38900 2009 1001 10000
a contact +38300 +38900 2010 1001 10000
a contact +38900 +39200 2005 1001 10000
a contact +38900 +39200 2011 1001 10000
a contact +38900 +39300 1001 9003 100000
a contact +39200 +39600 2002 1001 10000
a contact +39300 +39600 2011 1001 10000
a contact +39200 +39600 2012 1001 10000
a contact +39600 +39800 2002 1001 10000
a contact +39600 +39800 2011 1001 10000
a contact +39600 +39800 2012 1001 10000
a contact +39800 +40100 1001 9003 100000
a contact +39800 +40100 2003 1001 10000
a contact +39800 +40100 2006 1001 10000
a contact +40100 +40200 2003 1001 10000
a contact +40100 +40200 2005 1001 10000
a contact +40100 +40200 2006 1001 10000
a contact +40200 +40500 1001 9003 100000
a contact +40200 +40500 2005 1001 10000
a contact +40500 +40600 2002 1001 10000
a contact +40500 +40600 2005 1001 10000
a contact +40200 +40600 2009 1001 10000
a contact +40600 +41000 1001 9003 100000
a contact +40600 +41000 2006 1001 10000
a contact +40600 +41000 2012 1001 10000
a contact +41000 +41400 2005 1001 10000
a contact +41000 +41400 2006 1001 10000
a contact +41000 +41400 2012 1001 10000
a contact +41400 +42000 2005 1001 10000
a contact +41400 +42000 2006 1001 10000
a contact +41400 +42000 2012 1001 10000
a contact +42000 +42200 2009 1001 10000
a contact +42000 +42200 2011 1001 10000
a contact +42000 +42300 1001 9001 100000
a contact +42200 +42300 2005 1001 10000
a contact +42200 +42300 2010 1001 10000
a contact +42300 +42800 1001 9003 100000
a contact +42300 +42800 1001 9001 100000
a contact +42300 +42800 2007 1001 10000
a contact +42800 +43200 1001 9001 100000
a contact +42800 +43200 2002 1001 10000
a contact +43200 +43600 1001 9001 100000
a contact +43200 +43600 2002 1001 10000
a contact +42800 +43600 2007 1001 10000
a contact +43600 +43700 2007 1001 10000
a contact +43600 +43700 2011 1001 10000
a contact +43600 +44000 2002 1001 10000
a contact +43700 +44000 2007 1001 10000
a contact +43700 +44000 2011 1001 10000
a contact +44000 +44100 2002 1001 10000
a contact +44000 +44100 2011 1001 10000
a contact +44100 +44200 2002 1001 10000
a contact +44000 +44200 2007 1001 10000
a contact +44100 +44200 2011 1001 10000
a contact +44200 +44500 2002 1001 10000
a contact +44200 +44500 2007 1001 10000
a contact +44200 +44500 2011 1001 10000
a contact +44500 +44600 2002 1001 10000
a contact +44500 +44600 2007 1001 10000
a contact +44500 +44600 2011 1001 10000
a contact +44600 +45200 2002 1001 10000
a contact +44600 +45200 2007 1001 10000
a contact +44600 +45200 2011 1001 10000
a contact +45200 +45500 2002 1001 10000
a contact +45200 +45500 2007 1001 10000
a contact +45200 +45500 2011 1001 10000
a contact +45500 +45900 2002 1001 10000
a contact +45500 +45900 2007 1001 10000
a contact +45500 +45900 2011 1001 10000
a contact +45900 +46100 2002 1001 10000
a contact +45900 +46100 2007 1001 10000
a contact +45900 +46100 2011 1001 10000
a contact +46100 +46400 1001 9001 100000
a contact +46100 +46400 2003 1001 10000
a contact +46100 +46400 2010 1001 10000
a contact +46400 +46500 1001 9001 100000
a contact +46400 +46700 2003 1001 10000
a contact +46500 +46700 2009 1001 10000
a contact +46400 +46700 2010 1001 10000
a contact +46700 +46800 2001 1001 10000
a contact +46700 +46800 2012 1001 10000
a contact +46700 +46900 1001 9001 100000
a contact +46900 +47300 1001 9001 100000
a contact +46900 +47300 1001 9002 100000
a contact +47300 +47700 1001 9001 100000
a contact +47300 +47700 1001 9002 100000
a contact +47700 +48300 1001 9002 100000
a contact +47700 +48300 1001 9001 100000
a contact +48300 +48600 1001 9001 100000
a contact +48300 +48600 1001 9002 100000
a contact +48600 +48900 1001 9001 100000
a contact +48600 +48900 1001 9002 100000
a contact +48900 +49000 1001 9002 100000
a contact +49000 +49500 1001 9002 100000
a contact +49500 +49600 1001 9002 100000
a contact +49500 +49600 2003 1001 10000
a contact +49500 +49600 2005 1001 10000
a contact +49600 +49900 1001 9002 100000
a contact +49600 +49900 2003 1001 10000
a contact +49600 +49900 2005 1001 10000
a contact +49900 +50000 1001 9002 100000
a contact +49900 +50300 2003 1001 10000
a contact +49900 +50300 2005 1001 10000
a contact +50000 +50300 2006 1001 10000
a contact +50300 +50400 2003 1001 10000
a contact +50300 +50400 2006 1001 10000
a contact +50400 +50700 2003 1001 10000
a contact +50400 +50700 2006 1001 10000
a contact +50300 +50700 2009 1001 10000
a contact +50700 +50900 2003 1001 10000
a contact +50700 +50900 2006 1001 10000
a contact +50700 +50900 2009 1001 10000
a contact +50900 +51500 2003 1001 10000
a contact +50900 +51500 2006 1001 10000
a contact +50900 +51500 2009 1001 10000
a contact +51500 +51800 2003 1001 10000
a contact +51500 +51800 2006 1001 10000
a contact +51500 +51800 2009 1001 10000
a contact +51800 +52200 2003 1001 10000
a contact +51800 +52200 2006 1001 10000
a contact +51800 +52200 2009 1001 10000
a contact +52200 +52400 2003 1001 10000
a contact +52200 +52400 2006 1001 10000
a contact +52200 +52400 2009 1001 10000
a contact +52400 +52600 2003 1001 10000
a contact +52400 +52600 2006 1001 10000
a contact +52400 +52600 2009 1001 10000
a contact +52600 +52700 2003 1001 10000
a contact +52600 +52700 2006 1001 10000
a contact +52600 +52700 2009 1001 10000
a contact +52700 +53000 2003 1001 10000
a contact +52700 +53000 2006 1001 10000
a contact +52700 +53000 2009 1001 10000
a contact +53000 +53600 2003 1001 10000
a contact +53000 +53600 2006 1001 10000
a contact +53000 +53600 2009 1001 10000
a contact +53600 +54000 2003 1001 10000
a contact +53600 +54000 2006 1001 10000
a contact +53600 +54000 2009 1001 10000
a contact +54000 +54600 2003 1001 10000
a contact +54000 +54600 2006 1001 10000
a contact +54000 +54600 2009 1001 10000
a contact +54600 +54700 2003 1001 10000
a contact +54600 +54700 2006 1001 10000
a contact +54600 +54700 2009 1001 10000
a contact +54700 +54900 2003 1001 10000
a contact +54700 +54900 2006 1001 10000
a contact +54700 +54900 2009 1001 10000
a contact +54900 +55300 2003 1001 10000
a contact +54900 +55300 2006 1001 10000
a contact +54900 +55300 2009 1001 10000
a contact +55300 +55800 2003 1001 10000
a contact +55300 +55800 2006 1001 10000
a contact +55300 +55800 2009 1001 10000
a contact +55800 +56200 2003 1001 10000
a contact +55800 +56200 2006 1001 10000
a contact +55800 +56200 2009 1001 10000
a contact +56200 +56600 2003 1001 10000
a contact +56200 +56600 2006 1001 10000
a contact +56200 +56600 2009 1001 10000
a contact +56600 +56700 2005 1001 10000
a contact +56600 +56700 2010 1001 10000
a contact +56700 +57000 2010 1001 10000
a contact +56600 +57000 2012 1001 10000
a contact +56700 +57100 1001 9003 100000
a contact +57000 +57700 2005 1001 10000
a contact +57000 +57700 2010 1001 10000
a contact +57100 +57700 2012 1001 10000
a contact +57700 +58100 2005 1001 10000
a contact +57700 +58100 2010 1001 10000
a contact +57700 +58200 1001 9003 100000
a contact +58100 +58200 2012 1001 10000
a contact +58200 +58500 2011 1001 10000
a contact +58200 +58500 2012 1001 10000
a contact +58100 +58700 2005 1001 10000
a contact +58500 +58700 2011 1001 10000
a contact +58700 +58900 2010 1001 10000
a contact +58700 +58900 2011 1001 10000
a contact +58500 +58900 2012 1001 10000
a contact +58900 +59000 2010 1001 10000
a contact +58900 +59000 2011 1001 10000
a contact +58900 +59000 2012 1001 10000
a contact +59000 +59300 2010 1001 10000
a contact +59000 +59300 2012 1001 10000
a contact +59300 +59400 2011 1001 10000
a contact +59000 +59500 1001 9003 100000
a contact +59300 +59500 2010 1001 10000
a contact +59500 +59900 1001 9001 100000
a contact +59500 +59900 2010 1001 10000
a contact +59400 +59900 2012 1001 10000
a contact +59900 +60300 1001 9001 100000
a contact +59900 +60300 2010 1001 10000
a contact +59900 +60300 2012 1001 10000
a contact +60300 +60900 1001 9001 100000
a contact +60300 +60900 2010 1001 10000
a contact +60300 +60900 2012 1001 10000
a contact +60900 +61200 2002 1001 10000
a contact +60900 +61200 2010 1001 10000
a contact +60900 +61200 2012 1001 10000
a contact +61200 +61600 2002 1001 10000
a contact +61200 +61600 2010 1001 10000
a contact +61200 +61600 2012 1001 10000
a contact +61600 +62100 2002 1001 10000
a contact +61600 +62100 2010 1001 10000
a contact +61600 +62100 2012 1001 10000
a contact +62100 +62400 2002 1001 10000
a contact +62100 +62400 2010 1001 10000
a contact +62100 +62400 2012 1001 10000
a contact +62400 +62500 2002 1001 10000
a contact +62400 +62500 2010 1001 10000
a contact +62400 +62500 2012 1001 10000
a contact +62500 +62600 2005 1001 10000
a contact +62500 +62600 2008 1001 10000
a contact +62500 +62600 2011 1001 10000
a contact +62600 +62900 2005 1001 10000
a contact +62600 +62900 2011 1001 10000
a contact +62600 +63000 1001 9001 100000
a contact +62900 +63000 2008 1001 10000
a contact +63000 +63300 2008 1001 10000
a contact +63000 +63300 2011 1001 10000
a contact +62900 +63400 2005 1001 10000
a contact +63300 +63400 2008 1001 10000
a contact +63300 +63400 2011 1001 10000
a contact +63400 +64000 1001 9001 100000
a contact +63400 +64000 2005 1001 10000
a contact +63400 +64000 2007 1001 10000
a contact +64000 +64300 2005 1001 10000
a contact +64000 +64300 2007 1001 10000
a contact +64000 +64300 2011 1001 10000
a contact +64300 +64500 2007 1001 10000
a contact +64300 +64500 2011 1001 10000
a contact +64500 +64800 2007 1001 10000
a contact +64500 +64800 2011 1001 10000
a contact +64300 +65000 2005 1001 10000
a contact +64800 +65000 2011 1001 10000
a contact +65000 +65200 2005 1001 10000
a contact +64800 +65200 2007 1001 10000
a contact +65000 +65200 2011 1001 10000
a contact +65200 +65300 2002 1001 10000
a contact +65300 +65600 1001 9002 100000
a contact +65200 +65600 1001 9001 100000
a contact +65200 +65600 2008 1001 10000
a contact +65600 +65700 1001 9001 100000
a contact +65600 +65700 1001 9002 100000
a contact +65600 +65700 2008 1001 10000
a contact +65700 +66200 1001 9002 100000
a contact +65700 +66200 2002 1001 10000
a contact +65700 +66200 2008 1001 10000
a contact +66200 +66600 1001 9002 100000
a contact +66200 +66600 2002 1001 10000
a contact +66200 +66600 2008 1001 10000
a contact +66600 +67200 1001 9002 100000
a contact +66600 +67200 2002 1001 10000
a contact +66600 +67200 2008 1001 10000
a contact +67200 +67400 1001 9002 100000
a contact +67200 +67400 2002 1001 10000
a contact +67200 +67400 2008 1001 10000
a contact +67400 +67900 1001 9002 100000
a contact +67400 +67900 2002 1001 10000
a contact +67400 +67900 2008 1001 10000
a contact +67900 +68400 1001 9002 100000
a contact +67900 +68400 2002 1001 10000
a contact +67900 +68400 2008 1001 10000
a contact +68400 +68700 1001 9002 100000
a contact +68400 +68700 2002 1001 10000
a contact +68400 +68700 2008 1001 10000
a contact +68700 +68800 1001 9002 100000
a contact +68700 +68800 2002 1001 10000
a contact +68700 +68800 2008 1001 10000
a contact +68800 +69100 1001 9002 100000
a contact +68800 +69100 2002 1001 10000
a contact +68800 +69100 2008 1001 10000
a contact +69100 +69300 1001 9002 100000
a contact +69100 +69300 2002 1001 10000
a contact +69100 +69300 2008 1001 10000
a contact +69300 +69600 1001 9002 100000
a contact +69300 +69600 2002 1001 10000
a contact +69300 +69600 2008 1001 10000
a contact +69600 +69700 1001 9002 100000
a contact +69600 +69700 2002 1001 10000
a contact +69700 +70300 2002 1001 10000
a contact +69600 +70300 2010 1001 10000
a contact +69700 +70300 2011 1001 10000
a contact +70300 +70600 1001 9002 100000
a contact +70600 +70800 1001 9002 100000
a contact +70800 +71000 1001 9002 100000
a contact +71000 +71200 1001 9002 100000
a contact +71200 +71500 1001 9002 100000
a contact +71500 +71600 1001 9002 100000
a contact +71600 +71900 1001 9002 100000
a contact +71900 +72000 1001 9002 100000
a contact +72000 +72400 1001 9002 100000
a contact +72400 +72800 1001 9002 100000
a contact +72800 +73000 1001 9002 100000
a contact +73000 +73100 2007 1001 10000
a contact +73000 +73100 2011 1001 10000
a contact +73000 +73700 2005 1001 10000
a contact +73100 +73700 2007 1001 10000
a contact +73100 +73700 2011 1001 10000
a contact +73700 +74200 2005 1001 10000
a contact +73700 +74200 2007 1001 10000
a contact +73700 +74200 2011 1001 10000
a contact +74200 +74600 2005 1001 10000
a contact +74200 +74600 2011 1001 10000
a contact +74600 +74700 2005 1001 10000
a contact +74200 +74700 2007 1001 10000
a contact +74600 +74700 2011 1001 10000
a contact +74700 +75000 2005 1001 10000
a contact +74700 +75000 2007 1001 10000
a contact +74700 +75000 2011 1001 10000
a contact +75000 +75400 2005 1001 10000
a contact +75000 +75400 2007 1001 10000
a contact +75000 +75400 2011 1001 10000
a contact +75400 +75600 2005 1001 10000
a contact +75400 +75600 2007 1001 10000
a contact +75400 +75600 2011 1001 10000
a contact +75600 +75900 2005 1001 10000
a contact +75600 +75900 2007 1001 10000
a contact +75600 +75900 2011 1001 10000
a contact +75900 +76600 1001 9003 100000
a contact +75900 +76600 2005 1001 10000
a contact +75900 +76600 2011 1001 10000
a contact +76600 +76900 1001 9003 100000
a contact +76600 +76900 2005 1001 10000
a contact +76600 +76900 2011 1001 10000
a contact +76900 +77300 1001 9003 100000
a contact +76900 +77300 2005 1001 10000
a contact +76900 +77300 2011 1001 10000
a contact +77300 +77500 1001 9003 100000
a contact +77300 +77500 2005 1001 10000
a contact +77300 +77500 2011 1001 10000
a contact +77500 +77800 1001 9003 100000
a contact +77500 +77800 2005 1001 10000
a contact +77500 +77800 2011 1001 10000
a contact +77800 +77900 2011 1001 10000
a contact +77800 +77900 2012 1001 10000
a contact +77900 +78000 2011 1001 10000
a contact +77900 +78000 2012 1001 10000
a contact +77800 +78200 2005 1001 10000
a contact +78000 +78200 2011 1001 10000
a contact +78000 +78200 2012 1001 10000
a contact +78200 +78400 2005 1001 10000
a contact +78200 +78400 2011 1001 10000
a contact +78200 +78400 2012 1001 10000
a contact +78400 +78700 2005 1001 10000
a contact +78400 +78700 2011 1001 10000
a contact +78400 +78700 2012 1001 10000
a contact +78700 +79100 2005 1001 10000
a contact +78700 +79100 2011 1001 10000
a contact +78700 +79100 2012 1001 10000
a contact +79100 +79700 2005 1001 10000
a contact +79100 +79700 2011 1001 10000
a contact +79100 +79700 2012 1001 10000
a contact +79700 +80100 2005 1001 10000
a contact +79700 +80100 2011 1001 10000
a contact +79700 +80100 2012 1001 10000
a contact +80100 +80500 2005 1001 10000
a contact +80100 +80500 2011 1001 10000
a contact +80100 +80500 2012 1001 10000
a contact +80500 +80900 2005 1001 10000
a contact +80500 +80900 2011 1001 10000
a contact +80500 +80900 2012 1001 10000
a contact +80900 +81300 2005 1001 10000
a contact +80900 +81300 2011 1001 10000
a contact +80900 +81300 2012 1001 10000
a contact +81300 +81700 2005 1001 10000
a contact +81300 +81700 2011 1001 10000
a contact +81300 +81700 2012 1001 10000
a contact +81700 +81900 2005 1001 10000
a contact +81700 +81900 2011 1001 10000
a contact +81700 +81900 2012 1001 10000
a contact +81900 +82100 2005 1001 10000
a contact +81900 +82100 2011 1001 10000
a contact +81900 +82100 2012 1001 10000
a contact +82100 +82300 2005 1001 10000
a contact +82100 +82300 2011 1001 10000
a contact +82100 +82300 2012 1001 10000
a contact +82300 +82900 1001 9001 100000
a contact +82300 +82900 2001 1001 10000
a contact +82300 +82900 2010 1001 10000
a contact +82900 +83200 2005 1001 10000
a contact +82900 +83200 2011 1001 10000
a contact +82900 +83200 2012 1001 10000
a contact +83200 +83400 2005 1001 10000
a contact +83200 +83400 2011 1001 10000
a contact +83200 +83400 2012 1001 10000
a contact +83400 +83600 2005 1001 10000
a contact +83400 +83600 2011 1001 10000
a contact +83400 +83600 2012 1001 10000
a contact +83600 +83800 2005 1001 10000
a contact +83600 +83800 2011 1001 10000
a contact +83600 +83800 2012 1001 10000
a contact +83800 +84100 2005 1001 10000
a contact +83800 +84100 2011 1001 10000
a contact +83800 +84100 2012 1001 10000
a contact +84100 +84200 2001 1001 10000
a contact +84100 +84400 1001 9001 100000
a contact +84200 +84400 2004 1001 10000
a contact +84100 +84400 2009 1001 10000
a contact +84400 +84600 1001 9001 100000
a contact +84400 +84600 2004 1001 10000
a contact +84400 +84600 2010 1001 10000
a contact +84600 +85000 1001 9002 100000
a contact +84600 +85000 1001 9001 100000
a contact +84600 +85000 2006 1001 10000
a contact +85000 +85400 2005 1001 10000
a contact +85000 +85400 2011 1001 10000
a contact +85000 +85400 2012 1001 10000
a contact +85400 +85800 2005 1001 10000
a contact +85400 +85800 2011 1001 10000
a contact +85400 +85800 2012 1001 10000
a contact +85800 +86300 2005 1001 10000
a contact +85800 +86300 2011 1001 10000
a contact +85800 +86300 2012 1001 10000
a contact +86300 +86400 2004 1001 10000
a contact +86300 +86400 2009 1001 10000
a contact +86300 +86400 2010 1001 10000

a range +0 +200 1001 9003 0
a range +200 +500 1001 9003 0
a range +500 +1200 1001 9003 0
a range +1200 +1500 1001 9003 0
a range +1500 +1900 1001 9003 0
a range +1900 +2400 1001 9003 0
a range +2400 +2500 2010 1001 0
a range +2400 +2500 2011 1001 0
a range +2400 +2500 2012 1001 0
a range +2500 +2700 2010 1001 0
a range +2500 +2700 2011 1001 0
a range +2500 +2700 2012 1001 0
a range +2700 +2800 2010 1001 0
a range +2700 +2800 2011 1001 0
a range +2700 +2800 2012 1001 0
a range +2800 +3300 2010 1001 0
a range +2800 +3300 2011 1001 0
a range +2800 +3300 2012 1001 0
a range +3300 +3700 2010 1001 0
a range +3300 +3700 2011 1001 0
a range +3300 +3700 2012 1001 0
a range +3700 +4200 2010 1001 0
a range +3700 +4200 2011 1001 0
a range +3700 +4200 2012 1001 0
a range +4200 +4600 2010 1001 0
a range +4200 +4600 2011 1001 0
a range +4200 +4600 2012 1001 0
a range +4600 +5100 2010 1001 0
a range +4600 +5100 2011 1001 0
a range +4600 +5100 2012 1001 0
a range +5100 +5500 2010 1001 0
a range +5100 +5500 2011 1001 0
a range +5100 +5500 2012 1001 0
a range +5500 +5900 2010 1001 0
a range +5500 +5900 2011 1001 0
a range +5500 +5900 2012 1001 0
a range +5900 +6000 2010 1001 0
a range +5900 +6000 2011 1001 0
a range +5900 +6000 2012 1001 0
a range +6000 +6300 2010 1001 0
a range +6000 +6300 2011 1001 0
a range +6000 +6300 2012 1001 0
a range +6300 +6800 2010 1001 0
a range +6300 +6800 2011 1001 0
a range +6300 +6800 2012 1001 0
a range +6800 +6900 2010 1001 0
a range +6800 +6900 2011 1001 0
a range +6800 +6900 2012 1001 0
a range +6900 +7200 2010 1001 0
a range +6900 +7200 2011 1001 0
a range +6900 +7200 2012 1001 0
a range +7200 +7800 2010 1001 0
a range +7200 +7800 2011 1001 0
a range +7200 +7800 2012 1001 0
a range +7800 +7900 2005 1001 0
a range +7800 +7900 2007 1001 0
a range +7800 +7900 2008 1001 0
a range +7900 +8200 2001 1001 0
a range +7900 +8200 2009 1001 0
a range +7900 +8400 1001 9001 0
a range +8200 +8400 2002 1001 0
a range +8200 +8400 2009 1001 0
a range +8400 +8600 1001 9001 0
a range +8400 +8600 2002 1001 0
a range +8400 +8600 2009 1001 0
a range +8600 +8800 2001 1001 0
a range +8600 +8800 2002 1001 0
a range +8600 +8800 2009 1001 0
a range +8800 +9000 2001 1001 0
a range +8800 +9000 2002 1001 0
a range +8800 +9000 2009 1001 0
a range +9000 +9100 2001 1001 0
a range +9000 +9100 2002 1001 0
a range +9000 +9100 2009 1001 0
a range +9100 +9600 1001 9001 0
a range +9100 +9600 2003 1001 0
a range +9100 +9600 2008 1001 0
a range +9600 +10000 2003 1001 0
a range +9600 +10000 2004 1001 0
a range +10000 +10600 2003 1001 0
a range +10000 +10600 2004 1001 0
a range +9600 +10600 2008 1001 0
a range +10600 +10900 1001 9001 0
a range +10600 +10900 1001 9002 0
a range +10600 +10900 2005 1001 0
a range +10900 +11300 1001 9002 0
a range +10900 +11300 2005 1001 0
a range +10900 +11300 2007 1001 0
a range +11300 +11800 1001 9002 0
a range +11300 +11800 2005 1001 0
a range +11300 +11800 2007 1001 0
a range +11800 +12000 2005 1001 0
a range +11800 +12000 2006 1001 0
a range +11800 +12000 2007 1001 0
a range +12000 +12200 2005 1001 0
a range +12000 +12200 2006 1001 0
a range +12000 +12200 2007 1001 0
a range +12200 +12300 2005 1001 0
a range +12200 +12300 2006 1001 0
a range +12200 +12300 2007 1001 0
a range +12300 +12600 2005 1001 0
a range +12300 +12600 2006 1001 0
a range +12300 +12600 2007 1001 0
a range +12600 +12700 2006 1001 0
a range +12600 +12700 2007 1001 0
a range +12700 +13100 2006 1001 0
a range +12700 +13100 2007 1001 0
a range +12600 +13100 2008 1001 0
a range +13100 +13700 2001 1001 0
a range +13100 +13700 2006 1001 0
a range +13100 +13700 2007 1001 0
a range +13700 +14100 1001 9002 0
a range +13700 +14100 2002 1001 0
a range +13700 +14100 2004 1001 0
a range +14100 +14200 1001 9002 0
a range +14100 +14200 2002 1001 0
a range +14100 +14200 2004 1001 0
a range +14200 +14500 2002 1001 0
a range +14200 +14500 2004 1001 0
a range +14200 +14500 2009 1001 0
a range +14500 +14700 2001 1001 0
a range +14500 +14700 2006 1001 0
a range +14500 +14700 2009 1001 0
a range +14700 +14900 2001 1001 0
a range +14700 +14900 2002 1001 0
a range +14700 +14900 2003 1001 0
a range +14900 +15000 2001 1001 0
a range +14900 +15000 2004 1001 0
a range +14900 +15300 1001 9002 0
a range +15000 +15300 2001 1001 0
a range +15000 +15300 2009 1001 0
a range +15300 +15400 2008 1001 0
a range +15300 +15400 2009 1001 0
a range +15300 +15900 2001 1001 0
a range +15400 +15900 2008 1001 0
a range +15400 +15900 2009 1001 0
a range +15900 +16300 2001 1001 0
a range +15900 +16300 2008 1001 0
a range +15900 +16300 2009 1001 0
a range +16300 +16900 1001 9002 0
a range +16300 +16900 2002 1001 0
a range +16300 +16900 2003 1001 0
a range +16900 +17200 2002 1001 0
a range +16900 +17200 2003 1001 0
a range +16900 +17200 2004 1001 0
a range +17200 +17600 2003 1001 0
a range +17200 +17600 2004 1001 0
a range +17200 +17700 2002 1001 0
a range +17600 +17700 2004 1001 0
a range +17700 +17800 2002 1001 0
a range +17700 +17800 2004 1001 0
a range +17800 +18100 2002 1001 0
a range +17600 +18100 2003 1001 0
a range +17800 +18100 2004 1001 0
a range +18100 +18500 1001 9003 0
a range +18100 +18500 2005 1001 0
a range +18100 +18500 2006 1001 0
a range +18500 +18800 2001 1001 0
a range +18500 +18800 2005 1001 0
a range +18500 +18800 2006 1001 0
a range +18800 +19000 2001 1001 0
a range +18800 +19000 2005 1001 0
a range +18800 +19000 2006 1001 0
a range +19000 +19400 2001 1001 0
a range +19000 +19400 2005 1001 0
a range +19000 +19400 2006 1001 0
a range +19400 +20000 1001 9003 0
a range +19400 +20000 2006 1001 0
a range +19400 +20000 2009 1001 0
a range +20000 +20400 2003 1001 0
a range +20000 +20400 2009 1001 0
a range +20400 +20500 2003 1001 0
a range +20000 +20500 2006 1001 0
a range +20400 +20500 2009 1001 0
a range +20500 +20800 2003 1001 0
a range +20500 +20800 2006 1001 0
a range +20500 +20800 2009 1001 0
a range +20800 +21000 2007 1001 0
a range +20800 +21000 2008 1001 0
a range +20800 +21200 1001 9003 0
a range +21000 +21200 2004 1001 0
a range +21200 +21300 2004 1001 0
a range +21000 +21300 2005 1001 0
a range +21300 +21600 2004 1001 0
a range +21300 +21600 2005 1001 0
a range +21200 +21600 2007 1001 0
a range +21600 +21700 2004 1001 0
a range +21600 +21700 2005 1001 0
a range +21600 +21700 2007 1001 0
a range +21700 +22200 2004 1001 0
a range +21700 +22200 2005 1001 0
a range +21700 +22200 2007 1001 0
a range +22200 +22600 1001 9003 0
a range +22200 +22600 2002 1001 0
a range +22200 +22600 2008 1001 0
a range +22600 +23200 1001 9001 0
a range +22600 +23200 2002 1001 0
a range +22600 +23200 2008 1001 0
a range +23200 +23500 1001 9003 0
a range +23200 +23500 1001 9001 0
a range +23500 +23900 1001 9001 0
a range +23500 +23900 1001 9003 0
a range +23900 +24400 1001 9003 0
a range +23900 +24400 1001 9001 0
a range +24400 +24700 1001 9001 0
a range +24400 +24700 1001 9003 0
a range +24700 +24800 1001 9001 0
a range +24700 +24800 1001 9003 0
a range +24800 +25100 1001 9001 0
a range +24800 +25100 1001 9003 0
a range +25100 +25300 1001 9001 0
a range +25100 +25300 1001 9003 0
a range +25300 +25600 1001 9003 0
a range +25300 +25600 1001 9001 0
a range +25600 +26000 1001 9001 0
a range +26000 +26600 2001 1001 0
a range +26000 +26600 2004 1001 0
a range +26000 +26600 2008 1001 0
a range +26600 +26800 2001 1001 0
a range +26600 +26800 2004 1001 0
a range +26600 +26800 2008 1001 0
a range +26800 +27000 2001 1001 0
a range +26800 +27000 2004 1001 0
a range +26800 +27000 2008 1001 0
a range +27000 +27300 2001 1001 0
a range +27000 +27300 2004 1001 0
a range +27000 +27300 2008 1001 0
a range +27300 +27500 2001 1001 0
a range +27300 +27500 2004 1001 0
a range +27300 +27500 2008 1001 0
a range +27500 +27600 2004 1001 0
a range +27500 +27600 2008 1001 0
a range +27500 +27900 2001 1001 0
a range +27600 +27900 2004 1001 0
a range +27600 +27900 2008 1001 0
a range +27900 +28000 2001 1001 0
a range +27900 +28000 2004 1001 0
a range +27900 +28000 2008 1001 0
a range +28000 +28400 2001 1001 0
a range +28000 +28400 2004 1001 0
a range +28000 +28400 2008 1001 0
a range +28400 +28900 2001 1001 0
a range +28400 +28900 2004 1001 0
a range +28400 +28900 2008 1001 0
a range +28900 +29500 2001 1001 0
a range +28900 +29500 2004 1001 0
a range +28900 +29500 2008 1001 0
a range +29500 +29800 2001 1001 0
a range +29500 +29800 2004 1001 0
a range +29500 +29800 2008 1001 0
a range +29800 +30200 2001 1001 0
a range +29800 +30200 2004 1001 0
a range +29800 +30200 2008 1001 0
a range +30200 +30500 2001 1001 0
a range +30200 +30500 2004 1001 0
a range +30200 +30500 2008 1001 0
a range +30500 +30700 2001 1001 0
a range +30500 +30700 2004 1001 0
a range +30500 +30700 2008 1001 0
a range +30700 +31000 2001 1001 0
a range +30700 +31000 2004 1001 0
a range +30700 +31000 2008 1001 0
a range +31000 +31100 2001 1001 0
a range +31000 +31100 2004 1001 0
a range +31000 +31100 2008 1001 0
a range +31100 +31400 2001 1001 0
a range +31100 +31400 2004 1001 0
a range +31100 +31400 2008 1001 0
a range +31400 +31600 2001 1001 0
a range +31400 +31600 2004 1001 0
a range +31400 +31600 2008 1001 0
a range +31600 +31900 2001 1001 0
a range +31600 +31900 2004 1001 0
a range +31600 +31900 2008 1001 0
a range +31900 +32000 1001 9002 0
a range +31900 +32000 2001 1001 0
a range +32000 +32600 1001 9002 0
a range +32000 +32600 2001 1001 0
a range +31900 +32600 2004 1001 0
a range +32600 +32900 1001 9002 0
a range +32600 +32900 2001 1001 0
a range +32600 +32900 2004 1001 0
a range +32900 +33100 1001 9002 0
a range +32900 +33300 2001 1001 0
a range +32900 +33300 2004 1001 0
a range +33100 +33300 2007 1001 0
a range +33300 +33500 2001 1001 0
a range +33300 +33500 2004 1001 0
a range +33300 +33500 2007 1001 0
a range +33500 +33800 2001 1001 0
a range +33500 +33800 2004 1001 0
a range +33500 +33800 2007 1001 0
a range +33800 +33900 2001 1001 0
a range +33800 +33900 2004 1001 0
a range +33800 +33900 2007 1001 0
a range +33900 +34200 2001 1001 0
a range +33900 +34200 2004 1001 0
a range +33900 +34200 2007 1001 0
a range +34200 +34300 2001 1001 0
a range +34200 +34300 2004 1001 0
a range +34200 +34300 2007 1001 0
a range +34300 +34700 2001 1001 0
a range +34300 +34700 2004 1001 0
a range +34300 +34700 2007 1001 0
a range +34700 +35100 2001 1001 0
a range +34700 +35100 2004 1001 0
a range +34700 +35100 2007 1001 0
a range +35100 +35700 2001 1001 0
a range +35100 +35700 2004 1001 0
a range +35100 +35700 2007 1001 0
a range +35700 +36100 1001 9002 0
a range +35700 +36100 2003 1001 0
a range +35700 +36100 2005 1001 0
a range +36100 +36200 1001 9002 0
a range +36100 +36500 2003 1001 0
a range +36100 +36500 2005 1001 0
a range +36200 +36500 2009 1001 0
a range +36500 +36900 1001 9003 0
a range +36500 +36900 2002 1001 0
a range +36500 +36900 2009 1001 0
a range +36900 +37000 2002 1001 0
a range +36900 +37000 2006 1001 0
a range +37000 +37300 2002 1001 0
a range +37000 +37300 2006 1001 0
a range +36900 +37300 2009 1001 0
a range +37300 +37400 2003 1001 0
a range +37300 +37400 2006 1001 0
a range +37300 +37400 2012 1001 0
a range +37400 +37700 2002 1001 0
a range +37400 +37700 2006 1001 0
a range +37400 +37900 1001 9003 0
a range +37700 +37900 2003 1001 0
a range +37700 +37900 2010 1001 0
a range +37900 +38200 2003 1001 0
a range +37900 +38200 2009 1001 0
a range +37900 +38200 2010 1001 0
a range +38200 +38300 2009 1001 0
a range +38200 +38300 2010 1001 0
a range +38200 +38900 2003 1001 0
a range +38300 +38900 2009 1001 0
a range +38300 +38900 2010 1001 0
a range +38900 +39200 2005 1001 0
a range +38900 +39200 2011 1001 0
a range +38900 +39300 1001 9003 0
a range +39200 +39600 2002 1001 0
a range +39300 +39600 2011 1001 0
a range +39200 +39600 2012 1001 0
a range +39600 +39800 2002 1001 0
a range +39600 +39800 2011 1001 0
a range +39600 +39800 2012 1001 0
a range +39800 +40100 1001 9003 0
a range +39800 +40100 2003 1001 0
a range +39800 +40100 2006 1001 0
a range +40100 +40200 2003 1001 0
a range +40100 +40200 2005 1001 0
a range +40100 +40200 2006 1001 0
a range +40200 +40500 1001 9003 0
a range +40200 +40500 2005 1001 0
a range +40500 +40600 2002 1001 0
a range +40500 +40600 2005 1001 0
a range +40200 +40600 2009 1001 0
a range +40600 +41000 1001 9003 0
a range +40600 +41000 2006 1001 0
a range +40600 +41000 2012 1001 0
a range +41000 +41400 2005 1001 0
a range +41000 +41400 2006 1001 0
a range +41000 +41400 2012 1001 0
a range +41400 +42000 2005 1001 0
a range +41400 +42000 2006 1001 0
a range +41400 +42000 2012 1001 0
a range +42000 +42200 2009 1001 0
a range +42000 +42200 2011 1001 0
a range +42000 +42300 1001 9001 0
a range +42200 +42300 2005 1001 0
a range +42200 +42300 2010 1001 0
a range +42300 +42800 1001 9003 0
a range +42300 +42800 1001 9001 0
a range +42300 +42800 2007 1001 0
a range +42800 +43200 1001 9001 0
a range +42800 +43200 2002 1001 0
a range +43200 +43600 1001 9001 0
a range +43200 +43600 2002 1001 0
a range +42800 +43600 2007 1001 0
a range +43600 +43700 2007 1001 0
a range +43600 +43700 2011 1001 0
a range +43600 +44000 2002 1001 0
a range +43700 +44000 2007 1001 0
a range +43700 +44000 2011 1001 0
a range +44000 +44100 2002 1001 0
a range +44000 +44100 2011 1001 0
a range +44100 +44200 2002 1001 0
a range +44000 +44200 2007 1001 0
a range +44100 +44200 2011 1001 0
a range +44200 +44500 2002 1001 0
a range +44200 +44500 2007 1001 0
a range +44200 +44500 2011 1001 0
a range +44500 +44600 2002 1001 0
a range +44500 +44600 2007 1001 0
a range +44500 +44600 2011 1001 0
a range +44600 +45200 2002 1001 0
a range +44600 +45200 2007 1001 0
a range +44600 +45200 2011 1001 0
a range +45200 +45500 2002 1001 0
a range +45200 +45500 2007 1001 0
a range +45200 +45500 2011 1001 0
a range +45500 +45900 2002 1001 0
a range +45500 +45900 2007 1001 0
a range +45500 +45900 2011 1001 0
a range +45900 +46100 2002 1001 0
a range +45900 +46100 2007 1001 0
a range +45900 +46100 2011 1001 0
a range +46100 +46400 1001 9001 0
a range +46100 +46400 2003 1001 0
a range +46100 +46400 2010 1001 0
a range +46400 +46500 1001 9001 0
a range +46400 +46700 2003 1001 0
a range +46500 +46700 2009 1001 0
a range +46400 +46700 2010 1001 0
a range +46700 +46800 2001 1001 0
a range +46700 +46800 2012 1001 0
a range +46700 +46900 1001 9001 0
a range +46900 +47300 1001 9001 0
a range +46900 +47300 1001 9002 0
a range +47300 +47700 1001 9001 0
a range +47300 +47700 1001 9002 0
a range +47700 +48300 1001 9002 0
a range +47700 +48300 1001 9001 0
a range +48300 +48600 1001 9001 0
a range +48300 +48600 1001 9002 0
a range +48600 +48900 1001 9001 0
a range +48600 +48900 1001 9002 0
a range +48900 +49000 1001 9002 0
a range +49000 +49500 1001 9002 0
a range +49500 +49600 1001 9002 0
a range +49500 +49600 2003 1001 0
a range +49500 +49600 2005 1001 0
a range +49600 +49900 1001 9002 0
a range +49600 +49900 2003 1001 0
a range +49600 +49900 2005 1001 0
a range +49900 +50000 1001 9002 0
a range +49900 +50300 2003 1001 0
a range +49900 +50300 2005 1001 0
a range +50000 +50300 2006 1001 0
a range +50300 +50400 2003 1001 0
a range +50300 +50400 2006 1001 0
a range +50400 +50700 2003 1001 0
a range +50400 +50700 2006 1001 0
a range +50300 +50700 2009 1001 0
a range +50700 +50900 2003 1001 0
a range +50700 +50900 2006 1001 0
a range +50700 +50900 2009 1001 0
a range +50900 +51500 2003 1001 0
a range +50900 +51500 2006 1001 0
a range +50900 +51500 2009 1001 0
a range +51500 +51800 2003 1001 0
a range +51500 +51800 2006 1001 0
a range +51500 +51800 2009 1001 0
a range +51800 +52200 2003 1001 0
a range +51800 +52200 2006 1001 0
a range +51800 +52200 2009 1001 0
a range +52200 +52400 2003 1001 0
a range +52200 +52400 2006 1001 0
a range +52200 +52400 2009 1001 0
a range +52400 +52600 2003 1001 0
a range +52400 +52600 2006 1001 0
a range +52400 +52600 2009 1001 0
a range +52600 +52700 2003 1001 0
a range +52600 +52700 2006 1001 0
a range +52600 +52700 2009 1001 0
a range +52700 +53000 2003 1001 0
a range +52700 +53000 2006 1001 0
a range +52700 +53000 2009 1001 0
a range +53000 +53600 2003 1001 0
a range +53000 +53600 2006 1001 0
a range +53000 +53600 2009 1001 0
a range +53600 +54000 2003 1001 0
a range +53600 +54000 2006 1001 0
a range +53600 +54000 2009 1001 0
a range +54000 +54600 2003 1001 0
a range +54000 +54600 2006 1001 0
a range +54000 +54600 2009 1001 0
a range +54600 +54700 2003 1001 0
a range +54600 +54700 2006 1001 0
a range +54600 +54700 2009 1001 0
a range +54700 +54900 2003 1001 0
a range +54700 +54900 2006 1001 0
a range +54700 +54900 2009 1001 0
a range +54900 +55300 2003 1001 0
a range +54900 +55300 2006 1001 0
a range +54900 +55300 2009 1001 0
a range +55300 +55800 2003 1001 0
a range +55300 +55800 2006 1001 0
a range +55300 +55800 2009 1001 0
a range +55800 +56200 2003 1001 0
a range +55800 +56200 2006 1001 0
a range +55800 +56200 2009 1001 0
a range +56200 +56600 2003 1001 0
a range +56200 +56600 2006 1001 0
a range +56200 +56600 2009 1001 0
a range +56600 +56700 2005 1001 0
a range +56600 +56700 2010 1001 0
a range +56700 +57000 2010 1001 0
a range +56600 +57000 2012 1001 0
a range +56700 +57100 1001 9003 0
a range +57000 +57700 2005 1001 0
a range +57000 +57700 2010 1001 0
a range +57100 +57700 2012 1001 0
a range +57700 +58100 2005 1001 0
a range +57700 +58100 2010 1001 0
a range +57700 +58200 1001 9003 0
a range +58100 +58200 2012 1001 0
a range +58200 +58500 2011 1001 0
a range +58200 +58500 2012 1001 0
a range +58100 +58700 2005 1001 0
a range +58500 +58700 2011 1001 0
a range +58700 +58900 2010 1001 0
a range +58700 +58900 2011 1001 0
a range +58500 +58900 2012 1001 0
a range +58900 +59000 2010 1001 0
a range +58900 +59000 2011 1001 0
a range +58900 +59000 2012 1001 0
a range +59000 +59300 2010 1001 0
a range +59000 +59300 2012 1001 0
a range +59300 +59400 2011 1001 0
a range +59000 +59500 1001 9003 0
a range +59300 +59500 2010 1001 0
a range +59500 +59900 1001 9001 0
a range +59500 +59900 2010 1001 0
a range +59400 +59900 2012 1001 0
a range +59900 +60300 1001 9001 0
a range +59900 +60300 2010 1001 0
a range +59900 +60300 2012 1001 0
a range +60300 +60900 1001 9001 0
a range +60300 +60900 2010 1001 0
a range +60300 +60900 2012 1001 0
a range +60900 +61200 2002 1001 0
a range +60900 +61200 2010 1001 0
a range +60900 +61200 2012 1001 0
a range +61200 +61600 2002 1001 0
a range +61200 +61600 2010 1001 0
a range +61200 +61600 2012 1001 0
a range +61600 +62100 2002 1001 0
a range +61600 +62100 2010 1001 0
a range +61600 +62100 2012 1001 0
a range +62100 +62400 2002 1001 0
a range +62100 +62400 2010 1001 0
a range +62100 +62400 2012 1001 0
a range +62400 +62500 2002 1001 0
a range +62400 +62500 2010 1001 0
a range +62400 +62500 2012 1001 0
a range +62500 +62600 2005 1001 0
a range +62500 +62600 2008 1001 0
a range +62500 +62600 2011 1001 0
a range +62600 +62900 2005 1001 0
a range +62600 +62900 2011 1001 0
a range +62600 +63000 1001 9001 0
a range +62900 +63000 2008 1001 0
a range +63000 +63300 2008 1001 0
a range +63000 +63300 2011 1001 0
a range +62900 +63400 2005 1001 0
a range +63300 +63400 2008 1001 0
a range +63300 +63400 2011 1001 0
a range +63400 +64000 1001 9001 0
a range +63400 +64000 2005 1001 0
a range +63400 +64000 2007 1001 0
a range +64000 +64300 2005 1001 0
a range +64000 +64300 2007 1001 0
a range +64000 +64300 2011 1001 0
a range +64300 +64500 2007 1001 0
a range +64300 +64500 2011 1001 0
a range +64500 +64800 2007 1001 0
a range +64500 +64800 2011 1001 0
a range +64300 +65000 2005 1001 0
a range +64800 +65000 2011 1001 0
a range +65000 +65200 2005 1001 0
a range +64800 +65200 2007 1001 0
a range +65000 +65200 2011 1001 0
a range +65200 +65300 2002 1001 0
a range +65300 +65600 1001 9002 0
a range +65200 +65600 1001 9001 0
a range +65200 +65600 2008 1001 0
a range +65600 +65700 1001 9001 0
a range +65600 +65700 1001 9002 0
a range +65600 +65700 2008 1001 0
a range +65700 +66200 1001 9002 0
a range +65700 +66200 2002 1001 0
a range +65700 +66200 2008 1001 0
a range +66200 +66600 1001 9002 0
a range +66200 +66600 2002 1001 0
a range +66200 +66600 2008 1001 0
a range +66600 +67200 1001 9002 0
a range +66600 +67200 2002 1001 0
a range +66600 +67200 2008 1001 0
a range +67200 +67400 1001 9002 0
a range +67200 +67400 2002 1001 0
a range +67200 +67400 2008 1001 0
a range +67400 +67900 1001 9002 0
a range +67400 +67900 2002 1001 0
a range +67400 +67900 2008 1001 0
a range +67900 +68400 1001 9002 0
a range +67900 +68400 2002 1001 0
a range +67900 +68400 2008 1001 0
a range +68400 +68700 1001 9002 0
a range +68400 +68700 2002 1001 0
a range +68400 +68700 2008 1001 0
a range +68700 +68800 1001 9002 0
a range +68700 +68800 2002 1001 0
a range +68700 +68800 2008 1001 0
a range +68800 +69100 1001 9002 0
a range +68800 +69100 2002 1001 0
a range +68800 +69100 2008 1001 0
a range +69100 +69300 1001 9002 0
a range +69100 +69300 2002 1001 0
a range +69100 +69300 2008 1001 0
a range +69300 +69600 1001 9002 0
a range +69300 +69600 2002 1001 0
a range +69300 +69600 2008 1001 0
a range +69600 +69700 1001 9002 0
a range +69600 +69700 2002 1001 0
a range +69700 +70300 2002 1001 0
a range +69600 +70300 2010 1001 0
a range +69700 +70300 2011 1001 0
a range +70300 +70600 1001 9002 0
a range +70600 +70800 1001 9002 0
a range +70800 +71000 1001 9002 0
a range +71000 +71200 1001 9002 0
a range +71200 +71500 1001 9002 0
a range +71500 +71600 1001 9002 0
a range +71600 +71900 1001 9002 0
a range +71900 +72000 1001 9002 0
a range +72000 +72400 1001 9002 0
a range +72400 +72800 1001 9002 0
a range +72800 +73000 1001 9002 0
a range +73000 +73100 2007 1001 0
a range +73000 +73100 2011 1001 0
a range +73000 +73700 2005 1001 0
a range +73100 +73700 2007 1001 0
a range +73100 +73700 2011 1001 0
a range +73700 +74200 2005 1001 0
a range +73700 +74200 2007 1001 0
a range +73700 +74200 2011 1001 0
a range +74200 +74600 2005 1001 0
a range +74200 +74600 2011 1001 0
a range +74600 +74700 2005 1001 0
a range +74200 +74700 2007 1001 0
a range +74600 +74700 2011 1001 0
a range +74700 +75000 2005 1001 0
a range +74700 +75000 2007 1001 0
a range +74700 +75000 2011 1001 0
a range +75000 +75400 2005 1001 0
a range +75000 +75400 2007 1001 0
a range +75000 +75400 2011 1001 0
a range +75400 +75600 2005 1001 0
a range +75400 +75600 2007 1001 0
a range +75400 +75600 2011 1001 0
a range +75600 +75900 2005 1001 0
a range +75600 +75900 2007 1001 0
a range +75600 +75900 2011 1001 0
a range +75900 +76600 1001 9003 0
a range +75900 +76600 2005 1001 0
a range +75900 +76600 2011 1001 0
a range +76600 +76900 1001 9003 0
a range +76600 +76900 2005 1001 0
a range +76600 +76900 2011 1001 0
a range +76900 +77300 1001 9003 0
a range +76900 +77300 2005 1001 0
a range +76900 +77300 2011 1001 0
a range +77300 +77500 1001 9003 0
a range +77300 +77500 2005 1001 0
a range +77300 +77500 2011 1001 0
a range +77500 +77800 1001 9003 0
a range +77500 +77800 2005 1001 0
a range +77500 +77800 2011 1001 0
a range +77800 +77900 2011 1001 0
a range +77800 +77900 2012 1001 0
a range +77900 +78000 2011 1001 0
a range +77900 +78000 2012 1001 0
a range +77800 +78200 2005 1001 0
a range +78000 +78200 2011 1001 0
a range +78000 +78200 2012 1001 0
a range +78200 +78400 2005 1001 0
a range +78200 +78400 2011 1001 0
a range +78200 +78400 2012 1001 0
a range +78400 +78700 2005 1001 0
a range +78400 +78700 2011 1001 0
a range +78400 +78700 2012 1001 0
a range +78700 +79100 2005 1001 0
a range +78700 +79100 2011 1001 0
a range +78700 +79100 2012 1001 0
a range +79100 +79700 2005 1001 0
a range +79100 +79700 2011 1001 0
a range +79100 +79700 2012 1001 0
a range +79700 +80100 2005 1001 0
a range +79700 +80100 2011 1001 0
a range +79700 +80100 2012 1001 0
a range +80100 +80500 2005 1001 0
a range +80100 +80500 2011 1001 0
a range +80100 +80500 2012 1001 0
a range +80500 +80900 2005 1001 0
a range +80500 +80900 2011 1001 0
a range +80500 +80900 2012 1001 0
a range +80900 +81300 2005 1001 0
a range +80900 +81300 2011 1001 0
a range +80900 +81300 2012 1001 0
a range +81300 +81700 2005 1001 0
a range +81300 +81700 2011 1001 0
a range +81300 +81700 2012 1001 0
a range +81700 +81900 2005 1001 0
a range +81700 +81900 2011 1001 0
a range +81700 +81900 2012 1001 0
a range +81900 +82100 2005 1001 0
a range +81900 +82100 2011 1001 0
a range +81900 +82100 2012 1001 0
a range +82100 +82300 2005 1001 0
a range +82100 +82300 2011 1001 0
a range +82100 +82300 2012 1001 0
a range +82300 +82900 1001 9001 0
a range +82300 +82900 2001 1001 0
a range +82300 +82900 2010 1001 0
a range +82900 +83200 2005 1001 0
a range +82900 +83200 2011 1001 0
a range +82900 +83200 2012 1001 0
a range +83200 +83400 2005 1001 0
a range +83200 +83400 2011 1001 0
a range +83200 +83400 2012 1001 0
a range +83400 +83600 2005 1001 0
a range +83400 +83600 2011 1001 0
a range +83400 +83600 2012 1001 0
a range +83600 +83800 2005 1001 0
a range +83600 +83800 2011 1001 0
a range +83600 +83800 2012 1001 0
a range +83800 +84100 2005 1001 0
a range +83800 +84100 2011 1001 0
a range +83800 +84100 2012 1001 0
a range +84100 +84200 2001 1001 0
a range +84100 +84400 1001 9001 0
a range +84200 +84400 2004 1001 0
a range +84100 +84400 2009 1001 0
a range +84400 +84600 1001 9001 0
a range +84400 +84600 2004 1001 0
a range +84400 +84600 2010 1001 0
a range +84600 +85000 1001 9002 0
a range +84600 +85000 1001 9001 0
a range +84600 +85000 2006 1001 0
a range +85000 +85400 2005 1001 0
a range +85000 +85400 2011 1001 0
a range +85000 +85400 2012 1001 0
a range +85400 +85800 2005 1001 0
a range +85400 +85800 2011 1001 0
a range +85400 +85800 2012 1001 0
a range +85800 +86300 2005 1001 0
a range +85800 +86300 2011 1001 0
a range +85800 +86300 2012 1001 0
a range +86300 +86400 2004 1001 0
a range +86300 +86400 2009 1001 0
a range +86300 +86400 2010 1001 0
