a contact +0 +600 2005 9002 50
a contact +0 +600 2006 9001 50
a contact +600 +1200 2001 9002 50
a contact +600 +1200 2004 9001 50
a contact +1200 +1800 2005 9001 50
a contact +1200 +1800 2006 9002 50
a contact +1800 +3000 2001 9001 50
a contact +1800 +3000 2004 9002 50
a contact +3000 +3600 2005 9002 50
a contact +3000 +3600 2006 9001 50
a contact +3600 +4200 2001 9002 50
a contact +3600 +4200 2004 9001 50
a contact +4200 +6000 2005 9001 50
a contact +4200 +6000 2006 9002 50
a contact +6000 +7200 2001 9002 50
a contact +6000 +7200 2004 9001 50
a contact +7200 +8400 2005 9002 50
a contact +7200 +8400 2006 9001 50
a contact +8400 +11400 2001 9001 50
a contact +8400 +11400 2004 9002 50
a contact +11400 +13200 2005 9002 50
a contact +11400 +13200 2006 9001 50
a contact +13200 +13800 2004 9001 50
a contact +13200 +15000 2001 9002 50
a contact +15000 +18000 2006 9002 50
a contact +18000 +24600 2003 9002 50
a contact +24600 +27000 2005 9002 50
a contact +27000 +29400 2004 9002 50
a contact +29400 +33000 2001 9002 50
a contact +31800 +34800 2006 9003 50
a contact +34800 +35400 2001 9003 50
a contact +35400 +36000 2003 9003 50
a contact +36000 +36600 2005 9003 50
a contact +36600 +37200 2004 9003 50
a contact +37200 +37800 2006 9003 50
a contact +37800 +38400 2005 9003 50
a contact +38400 +39000 2004 9003 50
a contact +39000 +39600 2003 9003 50
a contact +39600 +40200 2001 9003 50
a contact +33000 +40200 2002 9002 50
a contact +40200 +41400 2002 9003 50
a contact +41400 +42000 2006 9003 50
a contact +42000 +42600 2005 9003 50
a contact +42600 +43200 2004 9003 50
a contact +43200 +43800 2003 9003 50
a contact +43800 +44400 2002 9003 50
a contact +44400 +45000 2006 9003 50
a contact +45000 +45600 2005 9003 50
a contact +45600 +46200 2004 9003 50
a contact +46200 +46800 2003 9003 50
a contact +46800 +47400 2002 9003 50
a contact +47400 +48000 2006 9003 50
a contact +48000 +48600 2005 9003 50
a contact +48600 +49200 2004 9003 50
a contact +49200 +49800 2003 9003 50
a contact +49800 +50400 2002 9003 50
a contact +50400 +51000 2006 9003 50
a contact +51000 +51600 2005 9003 50
a contact +51600 +52200 2004 9003 50
a contact +52200 +52800 2003 9003 50
a contact +52800 +53400 2002 9003 50
a contact +53400 +54000 2006 9003 50
a contact +54000 +54600 2002 9001 50
a contact +54000 +54600 2003 9003 50
a contact +54600 +55200 2004 9003 50
a contact +54600 +55800 2003 9001 50
a contact +55200 +55800 2005 9003 50
a contact +55800 +56400 2002 9001 50
a contact +55800 +56400 2006 9003 50
a contact +56400 +57000 2002 9003 50
a contact +56400 +57000 2003 9001 50
a contact +57000 +57600 2002 9001 50
a contact +57000 +57600 2003 9003 50
a contact +57600 +58200 2003 9001 50
a contact +57600 +58200 2004 9003 50
a contact +58200 +58800 2002 9001 50
a contact +58200 +58800 2005 9003 50
a contact +58800 +59400 2002 9003 50
a contact +58800 +59400 2005 9001 50
a contact +59400 +60000 2003 9001 50
a contact +59400 +60000 2006 9003 50
a contact +60000 +60600 2002 9001 50
a contact +60000 +60600 2003 9003 50
a contact +60600 +61200 2004 9003 50
a contact +60600 +61200 2005 9001 50
a contact +61200 +61800 2004 9001 50
a contact +61200 +61800 2005 9003 50
a contact +61800 +62400 2002 9003 50
a contact +61800 +62400 2003 9001 50
a contact +62400 +63000 2002 9001 50
a contact +62400 +63000 2006 9003 50
a contact +63000 +63600 2003 9003 50
a contact +63000 +63600 2005 9001 50
a contact +63600 +64200 2003 9001 50
a contact +63600 +64200 2004 9003 50
a contact +64200 +64800 2004 9001 50
a contact +64200 +64800 2005 9003 50
a contact +64800 +65400 2002 9001 50
a contact +64800 +65400 2006 9003 50
a contact +65400 +66000 2002 9003 50
a contact +65400 +66000 2005 9001 50
a contact +66000 +66600 2004 9001 50
a contact +66000 +66600 2006 9003 50
a contact +66600 +67200 2002 9001 50
a contact +66600 +67200 2004 9003 50
a contact +67200 +67800 2005 9003 50
a contact +67200 +67800 2006 9001 50
a contact +67800 +68400 2002 9003 50
a contact +67800 +68400 2005 9001 50
a contact +68400 +69000 2004 9001 50
a contact +69000 +69600 2002 9001 50
a contact +68400 +69600 2006 9003 50
a contact +69600 +70200 2004 9003 50
a contact +69600 +70200 2006 9001 50
a contact +70200 +70800 2004 9001 50
a contact +70200 +70800 2005 9003 50
a contact +70800 +71400 2002 9003 50
a contact +70800 +71400 2005 9001 50
a contact +71400 +72000 2002 9001 50
a contact +71400 +72000 2006 9003 50
a contact +72000 +72600 2004 9003 50
a contact +72000 +72600 2006 9001 50
a contact +72600 +73200 2004 9001 50
a contact +72600 +73200 2005 9003 50
a contact +73200 +73800 2002 9003 50
a contact +73200 +73800 2005 9001 50
a contact +73800 +74400 2002 9001 50
a contact +73800 +74400 2006 9003 50
a contact +74400 +75000 2004 9003 50
a contact +74400 +75000 2006 9001 50
a contact +75000 +75600 2005 9001 50
a contact +75000 +75600 2006 9003 50
a contact +75600 +76200 2004 9001 50
a contact +75600 +76200 2005 9003 50
a contact +76200 +76800 2002 9001 50
a contact +76800 +77400 2006 9001 50
a contact +77400 +78000 2005 9001 50
a contact +78000 +78600 2004 9001 50
a contact +78600 +79200 2002 9001 50
a contact +79200 +79800 2006 9001 50
a contact +79800 +80400 2005 9001 50
a contact +80400 +81600 2004 9001 50
a contact +81600 +82200 2005 9001 50
a contact +81000 +82200 2006 9002 50
a contact +82200 +82800 2005 9002 50
a contact +82800 +83400 2004 9002 50
a contact +82200 +83400 2006 9001 50
a contact +83400 +84000 2004 9001 50
a contact +83400 +84000 2006 9002 50
a contact +84000 +84600 2004 9002 50
a contact +84000 +84600 2005 9001 50
a contact +84600 +85200 2005 9002 50
a contact +84600 +85200 2006 9001 50
a contact +85200 +85800 2004 9001 50
a contact +85200 +85800 2006 9002 50
a contact +85800 +86400 2004 9002 50
a contact +85800 +86400 2005 9001 50

a range +0 +600 2005 9002 1103.287
a range +0 +600 2006 9001 1102.3123
a range +600 +1200 2001 9002 1103.2905
a range +600 +1200 2004 9001 1102.2789
a range +1200 +1800 2005 9001 1102.2475
a range +1200 +1800 2006 9002 1103.2808
a range +1800 +3000 2001 9001 1102.2638
a range +1800 +3000 2004 9002 1103.2919
a range +3000 +3600 2005 9002 1103.287
a range +3000 +3600 2006 9001 1102.3123
a range +3600 +4200 2001 9002 1103.2905
a range +3600 +4200 2004 9001 1102.2789
a range +4200 +6000 2005 9001 1102.2475
a range +4200 +6000 2006 9002 1103.2808
a range +6000 +7200 2001 9002 1103.2905
a range +6000 +7200 2004 9001 1102.2789
a range +7200 +8400 2005 9002 1103.287
a range +7200 +8400 2006 9001 1102.3123
a range +8400 +11400 2001 9001 1102.2638
a range +8400 +11400 2004 9002 1103.2919
a range +11400 +13200 2005 9002 1103.287
a range +11400 +13200 2006 9001 1102.3123
a range +13200 +13800 2004 9001 1102.2789
a range +13200 +15000 2001 9002 1103.2905
a range +15000 +18000 2006 9002 1103.2808
a range +18000 +24600 2003 9002 1103.2817
a range +24600 +27000 2005 9002 1103.287
a range +27000 +29400 2004 9002 1103.2919
a range +29400 +33000 2001 9002 1103.2905
a range +31800 +34800 2006 9003 1104.6445
a range +34800 +35400 2001 9003 1103.4181
a range +35400 +36000 2003 9003 1104.2285
a range +36000 +36600 2005 9003 1104.6719
a range +36600 +37200 2004 9003 1104.6821
a range +37200 +37800 2006 9003 1104.6445
a range +37800 +38400 2005 9003 1104.6719
a range +38400 +39000 2004 9003 1104.6821
a range +39000 +39600 2003 9003 1104.2285
a range +39600 +40200 2001 9003 1103.4181
a range +33000 +40200 2002 9002 1103.2873
a range +40200 +41400 2002 9003 1104.678
a range +41400 +42000 2006 9003 1104.6445
a range +42000 +42600 2005 9003 1104.6719
a range +42600 +43200 2004 9003 1104.6821
a range +43200 +43800 2003 9003 1104.2285
a range +43800 +44400 2002 9003 1104.678
a range +44400 +45000 2006 9003 1104.6445
a range +45000 +45600 2005 9003 1104.6719
a range +45600 +46200 2004 9003 1104.6821
a range +46200 +46800 2003 9003 1104.2285
a range +46800 +47400 2002 9003 1104.678
a range +47400 +48000 2006 9003 1104.6445
a range +48000 +48600 2005 9003 1104.6719
a range +48600 +49200 2004 9003 1104.6821
a range +49200 +49800 2003 9003 1104.2285
a range +49800 +50400 2002 9003 1104.678
a range +50400 +51000 2006 9003 1104.6445
a range +51000 +51600 2005 9003 1104.6719
a range +51600 +52200 2004 9003 1104.6821
a range +52200 +52800 2003 9003 1104.2285
a range +52800 +53400 2002 9003 1104.678
a range +53400 +54000 2006 9003 1104.6445
a range +54000 +54600 2002 9001 1104.7775
a range +54000 +54600 2003 9003 1104.2285
a range +54600 +55200 2004 9003 1104.6821
a range +54600 +55800 2003 9001 1104.2288
a range +55200 +55800 2005 9003 1104.6719
a range +55800 +56400 2002 9001 1104.7775
a range +55800 +56400 2006 9003 1104.6445
a range +56400 +57000 2002 9003 1104.678
a range +56400 +57000 2003 9001 1104.2288
a range +57000 +57600 2002 9001 1104.7775
a range +57000 +57600 2003 9003 1104.2285
a range +57600 +58200 2003 9001 1104.2288
a range +57600 +58200 2004 9003 1104.6821
a range +58200 +58800 2002 9001 1104.7775
a range +58200 +58800 2005 9003 1104.6719
a range +58800 +59400 2002 9003 1104.678
a range +58800 +59400 2005 9001 1105.0118
a range +59400 +60000 2003 9001 1104.2288
a range +59400 +60000 2006 9003 1104.6445
a range +60000 +60600 2002 9001 1104.7775
a range +60000 +60600 2003 9003 1104.2285
a range +60600 +61200 2004 9003 1104.6821
a range +60600 +61200 2005 9001 1105.0118
a range +61200 +61800 2004 9001 1105.0584
a range +61200 +61800 2005 9003 1104.6719
a range +61800 +62400 2002 9003 1104.678
a range +61800 +62400 2003 9001 1104.2288
a range +62400 +63000 2002 9001 1104.7775
a range +62400 +63000 2006 9003 1104.6445
a range +63000 +63600 2003 9003 1104.2285
a range +63000 +63600 2005 9001 1105.0118
a range +63600 +64200 2003 9001 1104.2288
a range +63600 +64200 2004 9003 1104.6821
a range +64200 +64800 2004 9001 1105.0584
a range +64200 +64800 2005 9003 1104.6719
a range +64800 +65400 2002 9001 1104.7775
a range +64800 +65400 2006 9003 1104.6445
a range +65400 +66000 2002 9003 1104.678
a range +65400 +66000 2005 9001 1105.0118
a range +66000 +66600 2004 9001 1105.0584
a range +66000 +66600 2006 9003 1104.6445
a range +66600 +67200 2002 9001 1104.7775
a range +66600 +67200 2004 9003 1104.6821
a range +67200 +67800 2005 9003 1104.6719
a range +67200 +67800 2006 9001 1105.0508
a range +67800 +68400 2002 9003 1104.678
a range +67800 +68400 2005 9001 1105.0118
a range +68400 +69000 2004 9001 1105.0584
a range +69000 +69600 2002 9001 1104.7775
a range +68400 +69600 2006 9003 1104.6445
a range +69600 +70200 2004 9003 1104.6821
a range +69600 +70200 2006 9001 1105.0508
a range +70200 +70800 2004 9001 1105.0584
a range +70200 +70800 2005 9003 1104.6719
a range +70800 +71400 2002 9003 1104.678
a range +70800 +71400 2005 9001 1105.0118
a range +71400 +72000 2002 9001 1104.7775
a range +71400 +72000 2006 9003 1104.6445
a range +72000 +72600 2004 9003 1104.6821
a range +72000 +72600 2006 9001 1105.0508
a range +72600 +73200 2004 9001 1105.0584
a range +72600 +73200 2005 9003 1104.6719
a range +73200 +73800 2002 9003 1104.678
a range +73200 +73800 2005 9001 1105.0118
a range +73800 +74400 2002 9001 1104.7775
a range +73800 +74400 2006 9003 1104.6445
a range +74400 +75000 2004 9003 1104.6821
a range +74400 +75000 2006 9001 1105.0508
a range +75000 +75600 2005 9001 1105.0118
a range +75000 +75600 2006 9003 1104.6445
a range +75600 +76200 2004 9001 1105.0584
a range +75600 +76200 2005 9003 1104.6719
a range +76200 +76800 2002 9001 1104.7775
a range +76800 +77400 2006 9001 1105.0508
a range +77400 +78000 2005 9001 1105.0118
a range +78000 +78600 2004 9001 1105.0584
a range +78600 +79200 2002 9001 1104.7775
a range +79200 +79800 2006 9001 1105.0508
a range +79800 +80400 2005 9001 1105.0118
a range +80400 +81600 2004 9001 1105.0584
a range +81600 +82200 2005 9001 1105.0118
a range +81000 +82200 2006 9002 1105.058
a range +82200 +82800 2005 9002 1105.019
a range +82800 +83400 2004 9002 1105.0656
a range +82200 +83400 2006 9001 1105.0508
a range +83400 +84000 2004 9001 1105.0584
a range +83400 +84000 2006 9002 1105.058
a range +84000 +84600 2004 9002 1105.0656
a range +84000 +84600 2005 9001 1105.0118
a range +84600 +85200 2005 9002 1105.019
a range +84600 +85200 2006 9001 1105.0508
a range +85200 +85800 2004 9001 1105.0584
a range +85200 +85800 2006 9002 1105.058
a range +85800 +86400 2004 9002 1105.0656
a range +85800 +86400 2005 9001 1105.0118
