a contact +0 +600 1001 9003 100000
a contact +0 +600 1002 2026 10000
a contact +0 +600 1002 2016 10000
a contact +0 +600 1003 2041 10000
a contact +0 +600 1003 2001 10000
a contact +0 +600 1003 2017 10000
a contact +0 +600 1004 2004 10000
a contact +0 +600 1004 9001 100000
a contact +0 +600 1004 2018 10000
a contact +0 +600 1005 2030 10000
a contact +0 +600 1005 2028 10000
a contact +0 +600 1005 2046 10000
a contact +0 +600 1006 2002 10000
a contact +0 +600 1006 2037 10000
a contact +0 +600 1006 2039 10000
a contact +0 +600 2001 1003 10000
a contact +0 +600 2002 1006 10000
a contact +0 +600 2004 1004 10000
a contact +0 +600 2016 1002 10000
a contact +0 +600 2017 1003 10000
a contact +0 +600 2018 1004 10000
a contact +0 +600 2026 1002 10000
a contact +0 +600 2028 1005 10000
a contact +0 +600 2030 1005 10000
a contact +0 +600 2037 1006 10000
a contact +0 +600 2039 1006 10000
a contact +0 +600 2041 1003 10000
a contact +0 +600 2046 1005 10000
a contact +0 +600 9001 1004 100000
a contact +0 +600 9003 1001 100000
a contact +0 +1200 1002 2034 10000
a contact +0 +1200 2034 1002 10000
a contact +1200 +1800 1001 9003 100000
a contact +1200 +1800 9003 1001 100000
a contact +3600 +4200 1003 9001 100000
a contact +3600 +4200 1006 9003 100000
a contact +3600 +4200 9001 1003 100000
a contact +3600 +4200 9003 1006 100000
a contact +4800 +5400 1006 9003 100000
a contact +4800 +5400 9003 1006 100000
a contact +6000 +6600 1006 9003 100000
a contact +6000 +6600 9003 1006 100000
a contact +6600 +7200 1004 9002 100000
a contact +6600 +7200 9002 1004 100000
a contact +8400 +10800 1005 9003 100000
a contact +8400 +10800 9003 1005 100000
a contact +10800 +11400 1003 2030 10000
a contact +10800 +11400 1006 2012 10000
a contact +10800 +11400 2012 1006 10000
a contact +10800 +11400 2030 1003 10000
a contact +11400 +13200 1004 9003 100000
a contact +11400 +13200 9003 1004 100000
a contact +14400 +15000 1001 2041 10000
a contact +14400 +15000 2041 1001 10000
a contact +15600 +16200 1006 9002 100000
a contact +15600 +16200 9002 1006 100000
a contact +15600 +16800 1003 9003 100000
a contact +15600 +16800 9003 1003 100000
a contact +21000 +21600 1002 9003 100000
a contact +21000 +21600 1002 9001 100000
a contact +21000 +21600 9001 1002 100000
a contact +21000 +21600 9003 1002 100000
a contact +21600 +22200 1001 2037 10000
a contact +21600 +22200 2037 1001 10000
a contact +24000 +24600 1001 9003 100000
a contact +24000 +24600 1001 9001 100000
a contact +24000 +24600 1004 2048 10000
a contact +24000 +24600 2048 1004 10000
a contact +24000 +24600 9001 1001 100000
a contact +24000 +24600 9003 1001 100000
a contact +25200 +25800 1001 9003 100000
a contact +25200 +25800 9003 1001 100000
a contact +25200 +26400 1001 9001 100000
a contact +25200 +26400 9001 1001 100000
a contact +26400 +27000 1006 9003 100000
a contact +26400 +27000 9003 1006 100000
a contact +27000 +27600 1005 2003 10000
a contact +27000 +27600 2003 1005 10000
a contact +28200 +28800 1006 9001 100000
a contact +28200 +28800 1006 9003 100000
a contact +28200 +28800 9001 1006 100000
a contact +28200 +28800 9003 1006 100000
a contact +28800 +29400 1003 9002 100000
a contact +28800 +29400 9002 1003 100000
a contact +29400 +30000 1001 2013 10000
a contact +29400 +30000 2013 1001 10000
a contact +31800 +33000 1001 2003 10000
a contact +31800 +33000 2003 1001 10000
a contact +30600 +34200 1005 9001 100000
a contact +30600 +34200 9001 1005 100000
a contact +36000 +36600 1004 9001 100000
a contact +36000 +36600 1005 2044 10000
a contact +36000 +36600 2044 1005 10000
a contact +36000 +36600 9001 1004 100000
a contact +36600 +37200 1002 9003 100000
a contact +36600 +37200 9003 1002 100000
a contact +37200 +37800 1004 9001 100000
a contact +37200 +37800 9001 1004 100000
a contact +38400 +39000 1006 2030 10000
a contact +38400 +39000 2030 1006 10000
a contact +39000 +39600 1001 9003 100000
a contact +39000 +39600 9003 1001 100000
a contact +39000 +40200 1004 2001 10000
a contact +39000 +40200 2001 1004 10000
a contact +40800 +41400 1005 2013 10000
a contact +40800 +41400 2013 1005 10000
a contact +39600 +42000 1003 9001 100000
a contact +41400 +42000 1003 9002 100000
a contact +39600 +42000 9001 1003 100000
a contact +41400 +42000 9002 1003 100000
a contact +42600 +43200 1004 2006 10000
a contact +42600 +43200 2006 1004 10000
a contact +43800 +45600 1002 9001 100000
a contact +44400 +45600 1002 9002 100000
a contact +43800 +45600 9001 1002 100000
a contact +44400 +45600 9002 1002 100000
a contact +48000 +48600 1001 9002 100000
a contact +48000 +48600 9002 1001 100000
a contact +47400 +49200 1001 9001 100000
a contact +47400 +49200 9001 1001 100000
a contact +49800 +50400 1006 2020 10000
a contact +49800 +50400 2020 1006 10000
a contact +51600 +52200 1006 9001 100000
a contact +51600 +52200 9001 1006 100000
a contact +52200 +52800 1006 9002 100000
a contact +52200 +52800 9002 1006 100000
a contact +55800 +56400 1002 2023 10000
a contact +55800 +56400 2023 1002 10000
a contact +55200 +57600 1005 9002 100000
a contact +55200 +57600 9002 1005 100000
a contact +57600 +58200 1003 2006 10000
a contact +57600 +58200 1004 2020 10000
a contact +57600 +58200 2006 1003 10000
a contact +57600 +58200 2020 1004 10000
a contact +59400 +61200 1004 9002 100000
a contact +59400 +61200 9002 1004 100000
a contact +62400 +63000 1005 2001 10000
a contact +62400 +63000 2001 1005 10000
a contact +63000 +63600 1005 9003 100000
a contact +63000 +63600 1006 2014 10000
a contact +63000 +63600 2014 1006 10000
a contact +63000 +63600 9003 1005 100000
a contact +63000 +65400 1003 9002 100000
a contact +63000 +65400 9002 1003 100000
a contact +66600 +68400 1002 9002 100000
a contact +66600 +68400 9002 1002 100000
a contact +69000 +69600 1002 9002 100000
a contact +69000 +69600 1004 2001 10000
a contact +69000 +69600 2001 1004 10000
a contact +69000 +69600 9002 1002 100000
a contact +70800 +73200 1001 9002 100000
a contact +72600 +73200 1003 2001 10000
a contact +72600 +73200 2001 1003 10000
a contact +70800 +73200 9002 1001 100000
a contact +73200 +73800 1006 2027 10000
a contact +73200 +73800 2027 1006 10000
a contact +74400 +75000 1006 9002 100000
a contact +74400 +75000 9002 1006 100000
a contact +75000 +75600 1004 2046 10000
a contact +75000 +75600 2046 1004 10000
a contact +76800 +77400 1001 2001 10000
a contact +76800 +77400 1006 9003 100000
a contact +76800 +77400 2001 1001 10000
a contact +76800 +77400 9003 1006 100000
a contact +78000 +78600 1003 9001 100000
a contact +78000 +78600 9001 1003 100000
a contact +79200 +79800 1002 2003 10000
a contact +79200 +79800 2003 1002 10000
a contact +79800 +80400 1001 2044 10000
a contact +79800 +80400 2044 1001 10000
a contact +80400 +81000 1005 9003 100000
a contact +80400 +81000 9003 1005 100000
a contact +81600 +82200 1006 2030 10000
a contact +81600 +82200 2030 1006 10000
a contact +83400 +85200 1004 9003 100000
a contact +83400 +85200 9003 1004 100000

a range +0 +600 1001 9003 0
a range +0 +600 1002 2026 0
a range +0 +600 1002 2016 0
a range +0 +600 1003 2041 0
a range +0 +600 1003 2001 0
a range +0 +600 1003 2017 0
a range +0 +600 1004 2004 0
a range +0 +600 1004 9001 0
a range +0 +600 1004 2018 0
a range +0 +600 1005 2030 0
a range +0 +600 1005 2028 0
a range +0 +600 1005 2046 0
a range +0 +600 1006 2002 0
a range +0 +600 1006 2037 0
a range +0 +600 1006 2039 0
a range +0 +600 2001 1003 0
a range +0 +600 2002 1006 0
a range +0 +600 2004 1004 0
a range +0 +600 2016 1002 0
a range +0 +600 2017 1003 0
a range +0 +600 2018 1004 0
a range +0 +600 2026 1002 0
a range +0 +600 2028 1005 0
a range +0 +600 2030 1005 0
a range +0 +600 2037 1006 0
a range +0 +600 2039 1006 0
a range +0 +600 2041 1003 0
a range +0 +600 2046 1005 0
a range +0 +600 9001 1004 0
a range +0 +600 9003 1001 0
a range +0 +1200 1002 2034 0
a range +0 +1200 2034 1002 0
a range +1200 +1800 1001 9003 0
a range +1200 +1800 9003 1001 0
a range +3600 +4200 1003 9001 0
a range +3600 +4200 1006 9003 0
a range +3600 +4200 9001 1003 0
a range +3600 +4200 9003 1006 0
a range +4800 +5400 1006 9003 0
a range +4800 +5400 9003 1006 0
a range +6000 +6600 1006 9003 0
a range +6000 +6600 9003 1006 0
a range +6600 +7200 1004 9002 0
a range +6600 +7200 9002 1004 0
a range +8400 +10800 1005 9003 0
a range +8400 +10800 9003 1005 0
a range +10800 +11400 1003 2030 0
a range +10800 +11400 1006 2012 0
a range +10800 +11400 2012 1006 0
a range +10800 +11400 2030 1003 0
a range +11400 +13200 1004 9003 0
a range +11400 +13200 9003 1004 0
a range +14400 +15000 1001 2041 0
a range +14400 +15000 2041 1001 0
a range +15600 +16200 1006 9002 0
a range +15600 +16200 9002 1006 0
a range +15600 +16800 1003 9003 0
a range +15600 +16800 9003 1003 0
a range +21000 +21600 1002 9003 0
a range +21000 +21600 1002 9001 0
a range +21000 +21600 9001 1002 0
a range +21000 +21600 9003 1002 0
a range +21600 +22200 1001 2037 0
a range +21600 +22200 2037 1001 0
a range +24000 +24600 1001 9003 0
a range +24000 +24600 1001 9001 0
a range +24000 +24600 1004 2048 0
a range +24000 +24600 2048 1004 0
a range +24000 +24600 9001 1001 0
a range +24000 +24600 9003 1001 0
a range +25200 +25800 1001 9003 0
a range +25200 +25800 9003 1001 0
a range +25200 +26400 1001 9001 0
a range +25200 +26400 9001 1001 0
a range +26400 +27000 1006 9003 0
a range +26400 +27000 9003 1006 0
a range +27000 +27600 1005 2003 0
a range +27000 +27600 2003 1005 0
a range +28200 +28800 1006 9001 0
a range +28200 +28800 1006 9003 0
a range +28200 +28800 9001 1006 0
a range +28200 +28800 9003 1006 0
a range +28800 +29400 1003 9002 0
a range +28800 +29400 9002 1003 0
a range +29400 +30000 1001 2013 0
a range +29400 +30000 2013 1001 0
a range +31800 +33000 1001 2003 0
a range +31800 +33000 2003 1001 0
a range +30600 +34200 1005 9001 0
a range +30600 +34200 9001 1005 0
a range +36000 +36600 1004 9001 0
a range +36000 +36600 1005 2044 0
a range +36000 +36600 2044 1005 0
a range +36000 +36600 9001 1004 0
a range +36600 +37200 1002 9003 0
a range +36600 +37200 9003 1002 0
a range +37200 +37800 1004 9001 0
a range +37200 +37800 9001 1004 0
a range +38400 +39000 1006 2030 0
a range +38400 +39000 2030 1006 0
a range +39000 +39600 1001 9003 0
a range +39000 +39600 9003 1001 0
a range +39000 +40200 1004 2001 0
a range +39000 +40200 2001 1004 0
a range +40800 +41400 1005 2013 0
a range +40800 +41400 2013 1005 0
a range +39600 +42000 1003 9001 0
a range +41400 +42000 1003 9002 0
a range +39600 +42000 9001 1003 0
a range +41400 +42000 9002 1003 0
a range +42600 +43200 1004 2006 0
a range +42600 +43200 2006 1004 0
a range +43800 +45600 1002 9001 0
a range +44400 +45600 1002 9002 0
a range +43800 +45600 9001 1002 0
a range +44400 +45600 9002 1002 0
a range +48000 +48600 1001 9002 0
a range +48000 +48600 9002 1001 0
a range +47400 +49200 1001 9001 0
a range +47400 +49200 9001 1001 0
a range +49800 +50400 1006 2020 0
a range +49800 +50400 2020 1006 0
a range +51600 +52200 1006 9001 0
a range +51600 +52200 9001 1006 0
a range +52200 +52800 1006 9002 0
a range +52200 +52800 9002 1006 0
a range +55800 +56400 1002 2023 0
a range +55800 +56400 2023 1002 0
a range +55200 +57600 1005 9002 0
a range +55200 +57600 9002 1005 0
a range +57600 +58200 1003 2006 0
a range +57600 +58200 1004 2020 0
a range +57600 +58200 2006 1003 0
a range +57600 +58200 2020 1004 0
a range +59400 +61200 1004 9002 0
a range +59400 +61200 9002 1004 0
a range +62400 +63000 1005 2001 0
a range +62400 +63000 2001 1005 0
a range +63000 +63600 1005 9003 0
a range +63000 +63600 1006 2014 0
a range +63000 +63600 2014 1006 0
a range +63000 +63600 9003 1005 0
a range +63000 +65400 1003 9002 0
a range +63000 +65400 9002 1003 0
a range +66600 +68400 1002 9002 0
a range +66600 +68400 9002 1002 0
a range +69000 +69600 1002 9002 0
a range +69000 +69600 1004 2001 0
a range +69000 +69600 2001 1004 0
a range +69000 +69600 9002 1002 0
a range +70800 +73200 1001 9002 0
a range +72600 +73200 1003 2001 0
a range +72600 +73200 2001 1003 0
a range +70800 +73200 9002 1001 0
a range +73200 +73800 1006 2027 0
a range +73200 +73800 2027 1006 0
a range +74400 +75000 1006 9002 0
a range +74400 +75000 9002 1006 0
a range +75000 +75600 1004 2046 0
a range +75000 +75600 2046 1004 0
a range +76800 +77400 1001 2001 0
a range +76800 +77400 1006 9003 0
a range +76800 +77400 2001 1001 0
a range +76800 +77400 9003 1006 0
a range +78000 +78600 1003 9001 0
a range +78000 +78600 9001 1003 0
a range +79200 +79800 1002 2003 0
a range +79200 +79800 2003 1002 0
a range +79800 +80400 1001 2044 0
a range +79800 +80400 2044 1001 0
a range +80400 +81000 1005 9003 0
a range +80400 +81000 9003 1005 0
a range +81600 +82200 1006 2030 0
a range +81600 +82200 2030 1006 0
a range +83400 +85200 1004 9003 0
a range +83400 +85200 9003 1004 0
